UID,iso2,iso3,code3,FIPS,Admin2,Province_State,Country_Region,Lat,Long_,Combined_Key,1/22/20,1/23/20,1/24/20,1/25/20,1/26/20,1/27/20,1/28/20,1/29/20,1/30/20,1/31/20,2/1/20,2/2/20,2/3/20,2/4/20,2/5/20,2/6/20,2/7/20,2/8/20,2/9/20,2/10/20,2/11/20,2/12/20,2/13/20,2/14/20,2/15/20,2/16/20,2/17/20,2/18/20,2/19/20,2/20/20,2/21/20,2/22/20,2/23/20,2/24/20,2/25/20,2/26/20,2/27/20,2/28/20,2/29/20,3/1/20,3/2/20,3/3/20,3/4/20,3/5/20,3/6/20,3/7/20,3/8/20,3/9/20,3/10/20,3/11/20,3/12/20,3/13/20,3/14/20,3/15/20,3/16/20,3/17/20,3/18/20,3/19/20,3/20/20,3/21/20,3/22/20,3/23/20,3/24/20,3/25/20,3/26/20,3/27/20,3/28/20,3/29/20,3/30/20,3/31/20,4/1/20,4/2/20,4/3/20,4/4/20,4/5/20,4/6/20,4/7/20,4/8/20,4/9/20,4/10/20,4/11/20,4/12/20,4/13/20,4/14/20,4/15/20,4/16/20,4/17/20,4/18/20,4/19/20,4/20/20,4/21/20,4/22/20,4/23/20,4/24/20,4/25/20,4/26/20,4/27/20,4/28/20,4/29/20,4/30/20,5/1/20,5/2/20,5/3/20,5/4/20,5/5/20,5/6/20,5/7/20,5/8/20,5/9/20,5/10/20,5/11/20,5/12/20,5/13/20,5/14/20,5/15/20,5/16/20,5/17/20,5/18/20,5/19/20,5/20/20,5/21/20,5/22/20,5/23/20,5/24/20,5/25/20,5/26/20,5/27/20,5/28/20,5/29/20,5/30/20,5/31/20,6/1/20,6/2/20,6/3/20,6/4/20,6/5/20,6/6/20,6/7/20,6/8/20,6/9/20,6/10/20,6/11/20,6/12/20,6/13/20,6/14/20,6/15/20,6/16/20,6/17/20,6/18/20,6/19/20,6/20/20,6/21/20
16,AS,ASM,16,60.0,,American Samoa,US,-14.270999999999999,-170.132,"American Samoa, US",0,0,0,0,0,0,0,0,0,0,0,0,0,0,0,0,0,0,0,0,0,0,0,0,0,0,0,0,0,0,0,0,0,0,0,0,0,0,0,0,0,0,0,0,0,0,0,0,0,0,0,0,0,0,0,0,0,0,0,0,0,0,0,0,0,0,0,0,0,0,0,0,0,0,0,0,0,0,0,0,0,0,0,0,0,0,0,0,0,0,0,0,0,0,0,0,0,0,0,0,0,0,0,0,0,0,0,0,0,0,0,0,0,0,0,0,0,0,0,0,0,0,0,0,0,0,0,0,0,0,0,0,0,0,0,0,0,0,0,0,0,0,0,0,0,0,0,0,0,0,0,0
316,GU,GUM,316,66.0,,Guam,US,13.4443,144.7937,"Guam, US",0,0,0,0,0,0,0,0,0,0,0,0,0,0,0,0,0,0,0,0,0,0,0,0,0,0,0,0,0,0,0,0,0,0,0,0,0,0,0,0,0,0,0,0,0,0,0,0,0,0,0,0,0,0,3,3,5,12,14,15,27,29,32,37,45,51,55,56,58,69,77,82,84,93,112,113,121,121,128,130,133,133,133,133,135,135,136,136,136,136,136,136,139,141,141,141,141,141,141,145,145,145,145,145,145,149,149,151,151,151,151,152,152,152,154,154,154,154,154,154,165,165,165,166,166,167,170,171,172,172,172,175,175,177,179,179,179,179,179,180,180,183,183,183,183,185,186,188,192,200,222,222
580,MP,MNP,580,69.0,,Northern Mariana Islands,US,15.0979,145.6739,"Northern Mariana Islands, US",0,0,0,0,0,0,0,0,0,0,0,0,0,0,0,0,0,0,0,0,0,0,0,0,0,0,0,0,0,0,0,0,0,0,0,0,0,0,0,0,0,0,0,0,0,0,0,0,0,0,0,0,0,0,0,0,0,0,0,0,0,0,0,0,0,0,0,0,0,2,6,6,8,8,8,8,8,11,11,11,11,11,11,11,13,13,13,14,14,14,14,14,14,14,14,14,14,14,14,14,14,14,14,14,14,15,15,15,16,16,19,19,19,19,19,21,21,21,21,21,22,22,22,22,22,22,22,22,22,22,22,22,23,24,26,26,26,27,28,30,30,30,30,30,30,30,30,30,30,30,30,30
630,PR,PRI,630,72.0,,Puerto Rico,US,18.2208,-66.5901,"Puerto Rico, US",0,0,0,0,0,0,0,0,0,0,0,0,0,0,0,0,0,0,0,0,0,0,0,0,0,0,0,0,0,0,0,0,0,0,0,0,0,0,0,0,0,0,0,0,0,0,0,0,0,0,0,0,0,0,5,5,5,5,14,21,23,31,39,51,64,79,100,127,174,239,286,316,316,452,475,513,573,620,683,725,788,897,903,923,974,1043,1068,1118,1213,1252,1298,1252,1416,1276,1307,1371,1389,1400,1433,1539,1575,1757,1808,1843,1924,1968,2031,2156,2173,2198,2256,2299,2329,2427,2542,2589,2646,2710,2805,2866,2913,3030,3100,3189,3260,3324,3397,3486,3647,3718,3776,3873,3935,4023,4508,4620,4915,4985,5046,5185,5329,5352,5536,5690,5811,5890,5951,6003,6111,6195,6463,6525
850,VI,VIR,850,78.0,,Virgin Islands,US,18.3358,-64.8963,"Virgin Islands, US",0,0,0,0,0,0,0,0,0,0,0,0,0,0,0,0,0,0,0,0,0,0,0,0,0,0,0,0,0,0,0,0,0,0,0,0,0,0,0,0,0,0,0,0,0,0,0,0,0,0,0,0,0,0,1,2,2,3,3,6,6,7,17,17,17,19,22,23,30,30,30,30,37,40,42,43,43,45,45,50,51,51,51,51,51,51,51,53,53,53,53,54,54,54,55,57,57,57,57,66,66,66,66,66,66,66,66,68,68,69,69,69,69,69,69,69,69,69,69,69,69,69,69,69,69,69,69,69,69,69,69,70,70,70,71,71,71,71,71,71,72,72,72,72,72,72,72,73,73,73,73,76
84001001,US,USA,840,1001.0,Autauga,Alabama,US,32.53952745,-86.64408227,"Autauga, Alabama, US",0,0,0,0,0,0,0,0,0,0,0,0,0,0,0,0,0,0,0,0,0,0,0,0,0,0,0,0,0,0,0,0,0,0,0,0,0,0,0,0,0,0,0,0,0,0,0,0,0,0,0,0,0,0,0,0,0,0,0,0,0,0,1,4,6,6,6,6,6,7,8,10,12,12,12,12,12,12,15,17,19,19,19,23,24,26,26,25,26,28,30,32,33,36,36,37,39,40,43,44,42,45,48,53,53,58,61,67,68,74,84,91,93,104,103,110,110,120,127,136,143,149,155,159,168,189,192,205,212,216,221,233,239,239,241,248,259,265,272,282,295,312,323,331,357,364,367,369,394,405,425,428
84001003,US,USA,840,1003.0,Baldwin,Alabama,US,30.72774991,-87.72207058,"Baldwin, Alabama, US",0,0,0,0,0,0,0,0,0,0,0,0,0,0,0,0,0,0,0,0,0,0,0,0,0,0,0,0,0,0,0,0,0,0,0,0,0,0,0,0,0,0,0,0,0,0,0,0,0,0,0,0,0,1,1,1,1,1,2,2,2,3,4,4,5,5,10,15,18,19,20,24,28,29,29,38,42,44,56,59,66,71,72,87,91,101,103,109,112,117,123,132,143,147,147,161,168,171,174,174,175,181,187,188,189,196,205,208,216,222,224,227,231,243,244,254,254,260,262,270,269,271,273,274,274,277,282,281,282,283,290,292,292,292,293,296,304,313,320,325,331,343,353,361,364,368,374,377,386,398,405,415
84001005,US,USA,840,1005.0,Barbour,Alabama,US,31.868263,-85.3871286,"Barbour, Alabama, US",0,0,0,0,0,0,0,0,0,0,0,0,0,0,0,0,0,0,0,0,0,0,0,0,0,0,0,0,0,0,0,0,0,0,0,0,0,0,0,0,0,0,0,0,0,0,0,0,0,0,0,0,0,0,0,0,0,0,0,0,0,0,0,0,0,0,0,0,0,0,0,0,1,2,2,2,3,3,4,9,9,10,10,11,12,14,15,18,20,22,28,29,30,32,32,33,35,37,37,39,42,43,45,45,47,47,51,53,58,59,61,67,69,74,79,79,81,85,90,96,99,104,105,110,113,122,130,132,147,150,167,172,175,177,177,183,190,193,197,199,208,214,221,226,234,237,244,250,262,265,271,271
84001007,US,USA,840,1007.0,Bibb,Alabama,US,32.99642064,-87.12511459999996,"Bibb, Alabama, US",0,0,0,0,0,0,0,0,0,0,0,0,0,0,0,0,0,0,0,0,0,0,0,0,0,0,0,0,0,0,0,0,0,0,0,0,0,0,0,0,0,0,0,0,0,0,0,0,0,0,0,0,0,0,0,0,0,0,0,0,0,0,0,0,0,0,0,0,2,3,3,4,4,4,5,7,8,9,9,11,13,16,17,17,18,22,24,26,28,32,32,34,33,34,34,38,42,42,42,42,42,42,43,42,43,43,44,44,45,46,46,46,46,46,49,50,50,50,51,52,52,55,58,59,59,66,71,71,71,72,75,76,76,76,76,76,77,77,79,85,89,93,97,100,104,108,113,115,118,123,123,124
84001009,US,USA,840,1009.0,Blount,Alabama,US,33.98210918,-86.56790593,"Blount, Alabama, US",0,0,0,0,0,0,0,0,0,0,0,0,0,0,0,0,0,0,0,0,0,0,0,0,0,0,0,0,0,0,0,0,0,0,0,0,0,0,0,0,0,0,0,0,0,0,0,0,0,0,0,0,0,0,0,0,0,0,0,0,0,0,0,1,2,4,5,5,5,5,5,6,9,10,10,10,10,10,11,12,12,13,14,16,17,18,20,20,21,22,26,29,31,31,31,34,34,34,36,37,39,40,40,40,40,42,44,44,44,44,45,45,45,45,45,45,46,47,47,47,47,49,49,49,49,51,53,58,60,61,62,63,63,63,63,64,70,72,73,75,79,87,95,102,110,114,119,121,127,136,140,146
84001011,US,USA,840,1011.0,Bullock,Alabama,US,32.10030533,-85.71265535,"Bullock, Alabama, US",0,0,0,0,0,0,0,0,0,0,0,0,0,0,0,0,0,0,0,0,0,0,0,0,0,0,0,0,0,0,0,0,0,0,0,0,0,0,0,0,0,0,0,0,0,0,0,0,0,0,0,0,0,0,0,0,0,0,0,0,0,0,0,0,2,2,3,3,3,3,3,2,2,2,2,2,2,3,3,4,4,4,5,8,8,8,8,9,9,11,11,11,12,12,12,12,12,12,12,13,14,14,14,16,18,18,18,21,22,23,26,26,28,28,32,35,35,40,52,64,65,89,105,111,133,167,176,183,201,203,209,209,213,215,217,219,225,232,238,243,248,253,258,276,302,305,308,311,318,318,324,324
84001013,US,USA,840,1013.0,Butler,Alabama,US,31.75300095,-86.68057478,"Butler, Alabama, US",0,0,0,0,0,0,0,0,0,0,0,0,0,0,0,0,0,0,0,0,0,0,0,0,0,0,0,0,0,0,0,0,0,0,0,0,0,0,0,0,0,0,0,0,0,0,0,0,0,0,0,0,0,0,0,0,0,0,0,0,0,0,0,1,1,1,1,1,1,1,1,1,1,1,1,1,2,2,3,3,6,7,8,8,9,11,16,13,14,14,15,17,19,21,21,32,34,45,50,53,65,92,105,114,120,130,155,162,178,189,196,224,230,249,258,271,272,285,295,312,318,329,335,344,359,380,391,392,396,402,411,414,416,419,421,431,442,449,455,464,471,484,499,517,536,541,548,551,563,567,570,574
84001015,US,USA,840,1015.0,Calhoun,Alabama,US,33.77483727,-85.82630386,"Calhoun, Alabama, US",0,0,0,0,0,0,0,0,0,0,0,0,0,0,0,0,0,0,0,0,0,0,0,0,0,0,0,0,0,0,0,0,0,0,0,0,0,0,0,0,0,0,0,0,0,0,0,0,0,0,0,0,0,0,0,0,1,1,1,1,1,2,2,2,2,3,3,3,8,9,11,12,18,21,23,34,41,49,53,54,57,59,61,62,62,62,63,66,71,80,83,85,88,89,89,91,90,92,93,94,93,98,105,105,114,114,120,123,124,124,125,126,127,128,129,130,130,133,133,136,136,137,138,141,146,150,152,152,153,154,160,164,165,165,167,169,174,176,178,180,182,184,188,190,195,196,198,200,202,202,203,205
84001017,US,USA,840,1017.0,Chambers,Alabama,US,32.91360079,-85.39072749,"Chambers, Alabama, US",0,0,0,0,0,0,0,0,0,0,0,0,0,0,0,0,0,0,0,0,0,0,0,0,0,0,0,0,0,0,0,0,0,0,0,0,0,0,0,0,0,0,0,0,0,0,0,0,0,0,0,0,0,0,0,0,0,1,2,1,2,2,5,10,13,13,17,27,33,36,42,67,80,87,89,94,101,109,151,168,181,198,212,216,221,231,236,240,245,257,259,270,275,282,282,285,289,291,293,295,290,294,300,302,304,306,308,311,314,316,319,324,324,326,326,328,328,329,329,331,332,330,330,336,337,338,340,349,352,353,355,358,358,359,360,363,373,378,383,391,401,417,427,438,453,461,471,472,487,493,502,507
84001019,US,USA,840,1019.0,Cherokee,Alabama,US,34.17805983,-85.60638968,"Cherokee, Alabama, US",0,0,0,0,0,0,0,0,0,0,0,0,0,0,0,0,0,0,0,0,0,0,0,0,0,0,0,0,0,0,0,0,0,0,0,0,0,0,0,0,0,0,0,0,0,0,0,0,0,0,0,0,0,0,0,0,0,0,0,0,0,0,0,1,1,1,1,2,2,2,2,4,5,6,6,6,6,7,7,7,7,8,9,9,9,11,12,12,12,12,13,13,12,12,12,14,14,15,15,15,15,15,16,16,17,18,18,21,22,22,24,24,24,25,26,27,27,28,29,30,31,33,33,33,33,33,33,34,36,37,37,38,38,38,38,38,40,42,42,42,42,42,46,47,51,51,51,51,53,56,56,56
84001021,US,USA,840,1021.0,Chilton,Alabama,US,32.85044126,-86.7173256,"Chilton, Alabama, US",0,0,0,0,0,0,0,0,0,0,0,0,0,0,0,0,0,0,0,0,0,0,0,0,0,0,0,0,0,0,0,0,0,0,0,0,0,0,0,0,0,0,0,0,0,0,0,0,0,0,0,0,0,0,0,0,0,0,0,0,0,0,0,1,4,6,7,7,10,11,13,14,15,15,15,19,20,20,25,26,30,30,33,33,35,37,37,39,41,43,44,46,47,49,49,51,51,52,53,53,52,54,57,58,60,61,63,63,64,65,67,69,73,74,75,77,77,79,80,83,83,85,86,87,87,90,93,97,99,100,101,103,104,105,107,108,108,110,111,117,118,121,122,128,132,135,138,143,145,151,156,159
84001023,US,USA,840,1023.0,Choctaw,Alabama,US,32.02227341,-88.26564429999998,"Choctaw, Alabama, US",0,0,0,0,0,0,0,0,0,0,0,0,0,0,0,0,0,0,0,0,0,0,0,0,0,0,0,0,0,0,0,0,0,0,0,0,0,0,0,0,0,0,0,0,0,0,0,0,0,0,0,0,0,0,0,0,0,0,0,0,0,0,0,0,1,1,1,1,2,3,4,4,4,4,5,5,6,6,6,6,8,10,10,12,12,13,13,14,14,17,18,21,22,25,25,32,39,39,39,43,49,49,49,51,54,54,56,59,61,66,67,69,72,77,81,84,84,85,92,129,131,135,139,141,144,147,148,148,149,151,153,153,153,153,153,153,155,155,156,157,158,162,166,167,175,175,177,180,182,185,185,185
84001025,US,USA,840,1025.0,Clarke,Alabama,US,31.68099859,-87.83548597,"Clarke, Alabama, US",0,0,0,0,0,0,0,0,0,0,0,0,0,0,0,0,0,0,0,0,0,0,0,0,0,0,0,0,0,0,0,0,0,0,0,0,0,0,0,0,0,0,0,0,0,0,0,0,0,0,0,0,0,0,0,0,0,0,0,0,0,0,0,0,0,0,0,0,0,0,0,2,3,6,8,9,10,10,12,13,15,19,19,21,21,24,24,24,24,24,24,25,25,24,24,25,27,28,30,32,34,38,42,43,43,45,50,53,52,56,63,64,65,68,70,74,74,75,81,89,91,92,97,102,109,120,128,129,134,142,144,146,148,149,149,149,151,156,158,161,163,165,175,179,188,191,194,197,201,208,213,215
84001027,US,USA,840,1027.0,Clay,Alabama,US,33.26984193,-85.85836077,"Clay, Alabama, US",0,0,0,0,0,0,0,0,0,0,0,0,0,0,0,0,0,0,0,0,0,0,0,0,0,0,0,0,0,0,0,0,0,0,0,0,0,0,0,0,0,0,0,0,0,0,0,0,0,0,0,0,0,0,0,0,0,0,0,0,0,0,0,1,1,1,2,2,2,2,2,6,8,8,9,9,9,10,11,11,12,14,14,14,14,14,14,17,18,19,19,19,19,19,19,19,19,19,21,21,21,21,22,22,24,25,25,26,26,26,27,27,27,27,27,27,27,27,27,27,27,27,27,27,27,27,27,27,27,27,27,28,28,28,28,28,29,29,29,30,30,30,30,30,30,30,30,30,30,30,31,32
84001029,US,USA,840,1029.0,Cleburne,Alabama,US,33.67679204,-85.52005899,"Cleburne, Alabama, US",0,0,0,0,0,0,0,0,0,0,0,0,0,0,0,0,0,0,0,0,0,0,0,0,0,0,0,0,0,0,0,0,0,0,0,0,0,0,0,0,0,0,0,0,0,0,0,0,0,0,0,0,0,0,0,0,0,0,0,0,0,0,0,1,1,3,4,5,5,5,6,6,7,7,7,9,9,12,12,12,12,12,12,12,12,12,12,12,12,12,12,12,12,12,12,12,12,12,12,12,12,12,12,12,13,13,13,13,13,13,13,13,13,13,13,13,13,13,13,13,13,13,13,13,13,13,13,13,14,14,15,15,15,15,15,15,15,18,19,19,19,20,20,20,21,22,22,22,22,22,22,22
84001031,US,USA,840,1031.0,Coffee,Alabama,US,31.39932826,-85.98901039,"Coffee, Alabama, US",0,0,0,0,0,0,0,0,0,0,0,0,0,0,0,0,0,0,0,0,0,0,0,0,0,0,0,0,0,0,0,0,0,0,0,0,0,0,0,0,0,0,0,0,0,0,0,0,0,0,0,0,0,0,0,0,0,0,0,0,0,0,0,0,1,0,0,0,0,0,0,1,5,7,7,8,8,8,13,14,17,31,36,36,40,47,51,55,59,64,68,73,80,87,87,95,98,105,107,111,117,118,130,134,134,138,141,143,146,146,150,155,158,159,162,164,166,171,175,184,184,189,196,200,206,216,219,224,226,229,236,238,238,239,239,240,244,246,248,249,250,260,265,274,282,290,296,297,300,310,311,313
84001033,US,USA,840,1033.0,Colbert,Alabama,US,34.69847452,-87.80168544,"Colbert, Alabama, US",0,0,0,0,0,0,0,0,0,0,0,0,0,0,0,0,0,0,0,0,0,0,0,0,0,0,0,0,0,0,0,0,0,0,0,0,0,0,0,0,0,0,0,0,0,0,0,0,0,0,0,0,0,0,0,0,0,0,0,0,0,0,0,1,1,1,1,2,4,4,4,5,5,5,6,6,7,7,7,8,8,9,10,11,11,12,13,15,16,16,16,20,22,23,23,23,23,27,27,29,33,37,41,41,42,44,51,63,64,66,70,72,74,79,83,87,91,93,98,110,111,117,125,136,142,155,161,161,165,178,184,186,187,187,190,197,206,209,212,216,219,230,241,249,253,265,269,276,284,290,295,297
84001035,US,USA,840,1035.0,Conecuh,Alabama,US,31.43401703,-86.99320044,"Conecuh, Alabama, US",0,0,0,0,0,0,0,0,0,0,0,0,0,0,0,0,0,0,0,0,0,0,0,0,0,0,0,0,0,0,0,0,0,0,0,0,0,0,0,0,0,0,0,0,0,0,0,0,0,0,0,0,0,0,0,0,0,0,0,0,0,0,0,0,0,0,0,0,0,0,0,1,1,2,2,2,2,4,4,3,3,5,5,5,5,8,8,10,10,9,9,9,9,9,9,9,9,9,9,9,9,9,9,9,9,9,12,12,13,13,14,14,16,17,18,18,18,19,21,22,22,24,25,25,28,30,35,35,38,39,41,41,41,41,41,42,44,49,52,55,64,70,76,83,93,100,107,109,121,132,135,138
84001037,US,USA,840,1037.0,Coosa,Alabama,US,32.93690146,-86.24847739,"Coosa, Alabama, US",0,0,0,0,0,0,0,0,0,0,0,0,0,0,0,0,0,0,0,0,0,0,0,0,0,0,0,0,0,0,0,0,0,0,0,0,0,0,0,0,0,0,0,0,0,0,0,0,0,0,0,0,0,0,0,0,0,0,0,0,0,0,0,0,2,2,2,3,3,4,4,5,6,6,7,8,9,9,9,10,11,18,18,18,19,20,20,22,22,23,24,24,28,29,29,29,30,31,31,31,29,30,30,30,31,31,31,31,31,31,33,33,33,34,34,34,34,34,33,33,33,33,33,33,34,34,34,35,38,38,40,40,40,40,40,40,40,40,40,40,41,43,43,45,46,46,46,46,46,48,50,50
84001039,US,USA,840,1039.0,Covington,Alabama,US,31.247785399999998,-86.45050893,"Covington, Alabama, US",0,0,0,0,0,0,0,0,0,0,0,0,0,0,0,0,0,0,0,0,0,0,0,0,0,0,0,0,0,0,0,0,0,0,0,0,0,0,0,0,0,0,0,0,0,0,0,0,0,0,0,0,0,0,0,0,0,0,0,0,0,0,0,0,0,1,2,2,2,2,3,3,4,4,4,4,5,9,10,10,11,13,13,16,17,18,19,21,22,24,26,27,29,31,31,33,34,35,36,36,38,43,45,45,46,46,48,50,50,53,55,56,56,56,56,57,57,58,58,59,60,63,63,65,67,71,75,77,77,77,80,81,81,81,82,83,84,88,88,89,92,98,106,116,164,171,180,182,198,212,219,223
84001041,US,USA,840,1041.0,Crenshaw,Alabama,US,31.72941803,-86.31593104,"Crenshaw, Alabama, US",0,0,0,0,0,0,0,0,0,0,0,0,0,0,0,0,0,0,0,0,0,0,0,0,0,0,0,0,0,0,0,0,0,0,0,0,0,0,0,0,0,0,0,0,0,0,0,0,0,0,0,0,0,0,0,0,0,0,0,0,0,0,0,0,0,1,1,1,1,1,1,1,1,2,2,2,2,2,2,2,2,3,3,3,3,5,5,6,6,6,6,6,8,10,10,11,12,16,17,19,19,21,23,25,26,28,31,33,38,41,43,46,48,50,53,53,53,53,53,52,52,53,58,58,60,62,66,72,73,76,75,75,78,78,78,80,83,84,88,89,96,99,105,107,110,112,112,112,112,112,113,114
84001043,US,USA,840,1043.0,Cullman,Alabama,US,34.13020303,-86.86888037,"Cullman, Alabama, US",0,0,0,0,0,0,0,0,0,0,0,0,0,0,0,0,0,0,0,0,0,0,0,0,0,0,0,0,0,0,0,0,0,0,0,0,0,0,0,0,0,0,0,0,0,0,0,0,0,0,0,0,0,0,0,0,0,0,0,2,2,2,3,4,6,6,7,7,8,8,9,9,15,15,15,20,21,22,22,30,31,39,39,40,40,40,53,42,42,44,45,44,44,47,47,50,52,52,55,55,57,57,58,58,58,59,61,62,63,65,65,67,67,67,68,69,69,69,70,71,72,73,74,76,78,83,88,96,114,126,143,147,150,150,152,163,180,193,199,203,212,220,239,250,264,273,278,282,291,298,301,302
84001045,US,USA,840,1045.0,Dale,Alabama,US,31.43037123,-85.61095742,"Dale, Alabama, US",0,0,0,0,0,0,0,0,0,0,0,0,0,0,0,0,0,0,0,0,0,0,0,0,0,0,0,0,0,0,0,0,0,0,0,0,0,0,0,0,0,0,0,0,0,0,0,0,0,0,0,0,0,0,0,0,0,0,0,0,0,0,0,0,0,0,0,0,0,0,0,1,1,2,2,4,4,4,6,6,6,8,12,12,12,14,14,17,20,21,21,22,22,23,23,25,25,25,25,27,27,28,34,34,34,34,36,40,43,43,45,52,53,53,57,60,60,61,63,71,75,77,80,83,85,92,96,99,106,110,115,122,123,123,124,125,131,131,135,138,141,149,164,171,173,178,182,183,190,195,202,202
84001047,US,USA,840,1047.0,Dallas,Alabama,US,32.32688101,-87.10866709999998,"Dallas, Alabama, US",0,0,0,0,0,0,0,0,0,0,0,0,0,0,0,0,0,0,0,0,0,0,0,0,0,0,0,0,0,0,0,0,0,0,0,0,0,0,0,0,0,0,0,0,0,0,0,0,0,0,0,0,0,0,0,0,0,0,0,0,0,0,0,2,2,2,2,2,2,2,2,4,7,7,7,7,7,7,7,11,10,14,14,17,18,21,21,22,25,26,29,30,29,32,32,33,37,37,37,41,42,49,59,65,68,76,83,95,102,108,122,124,129,132,137,145,146,151,159,172,173,182,191,197,206,222,232,244,255,260,272,279,282,287,292,296,302,320,339,353,375,406,421,447,486,503,523,531,564,590,620,628
84001049,US,USA,840,1049.0,DeKalb,Alabama,US,34.45946862,-85.80782906,"DeKalb, Alabama, US",0,0,0,0,0,0,0,0,0,0,0,0,0,0,0,0,0,0,0,0,0,0,0,0,0,0,0,0,0,0,0,0,0,0,0,0,0,0,0,0,0,0,0,0,0,0,0,0,0,0,0,0,0,0,0,0,0,0,0,0,0,0,0,0,1,1,4,4,4,4,5,8,10,13,14,14,14,14,15,17,21,26,27,29,29,32,34,40,42,46,51,58,61,61,61,70,74,76,77,77,76,77,79,90,99,109,124,136,142,147,158,167,179,185,190,192,192,196,195,206,207,209,214,221,226,234,240,241,243,243,248,249,256,257,257,260,268,269,272,276,278,291,303,311,318,322,335,352,362,394,399,411
84001051,US,USA,840,1051.0,Elmore,Alabama,US,32.59785413,-86.14415284,"Elmore, Alabama, US",0,0,0,0,0,0,0,0,0,0,0,0,0,0,0,0,0,0,0,0,0,0,0,0,0,0,0,0,0,0,0,0,0,0,0,0,0,0,0,0,0,0,0,0,0,0,0,0,0,0,0,0,1,1,1,2,4,5,5,6,6,6,8,9,10,12,12,13,13,13,14,17,19,19,19,19,22,22,27,29,30,33,35,43,47,54,54,58,63,69,73,74,74,74,74,79,79,82,84,86,88,93,103,111,121,121,127,130,135,150,152,156,157,169,178,188,192,197,207,226,234,242,254,263,270,292,300,313,323,339,354,362,373,372,374,381,401,411,427,437,447,471,485,502,528,547,568,576,603,633,650,660
84001053,US,USA,840,1053.0,Escambia,Alabama,US,31.1256789,-87.15918694,"Escambia, Alabama, US",0,0,0,0,0,0,0,0,0,0,0,0,0,0,0,0,0,0,0,0,0,0,0,0,0,0,0,0,0,0,0,0,0,0,0,0,0,0,0,0,0,0,0,0,0,0,0,0,0,0,0,0,0,0,0,0,0,0,0,0,0,0,0,0,0,0,1,1,1,1,1,2,2,2,3,3,3,3,5,5,9,8,8,10,9,11,14,12,14,16,17,18,21,22,22,25,26,27,27,28,29,30,31,32,31,30,33,35,36,36,37,38,38,39,39,39,39,39,39,39,39,39,40,43,43,45,48,49,57,57,63,72,74,75,75,79,82,85,88,88,91,93,99,99,102,107,112,113,123,137,144,148
84001055,US,USA,840,1055.0,Etowah,Alabama,US,34.04567266,-86.04051873,"Etowah, Alabama, US",0,0,0,0,0,0,0,0,0,0,0,0,0,0,0,0,0,0,0,0,0,0,0,0,0,0,0,0,0,0,0,0,0,0,0,0,0,0,0,0,0,0,0,0,0,0,0,0,0,0,0,0,0,0,0,0,0,0,0,0,0,0,0,0,4,4,6,6,6,8,10,13,19,26,35,41,43,43,49,63,74,75,77,78,78,86,87,93,98,100,109,116,120,121,121,125,126,130,139,139,139,141,143,146,152,158,161,166,170,182,193,196,197,198,199,202,204,206,215,223,226,225,228,236,238,240,240,244,247,248,257,260,261,262,263,265,270,273,276,277,280,287,298,301,323,330,339,342,356,371,387,398
84001057,US,USA,840,1057.0,Fayette,Alabama,US,33.72076938,-87.73886638,"Fayette, Alabama, US",0,0,0,0,0,0,0,0,0,0,0,0,0,0,0,0,0,0,0,0,0,0,0,0,0,0,0,0,0,0,0,0,0,0,0,0,0,0,0,0,0,0,0,0,0,0,0,0,0,0,0,0,0,0,0,0,0,0,0,0,0,0,0,0,0,0,0,0,1,1,1,1,1,1,1,1,1,1,1,2,3,4,4,4,4,4,4,4,4,3,4,4,4,4,4,5,5,5,6,6,6,6,6,6,6,6,7,7,7,7,7,9,9,10,9,9,9,9,9,9,10,11,11,11,11,13,13,13,13,15,16,16,16,16,16,16,17,18,19,21,23,23,26,37,43,45,47,49,49,57,58,58
84001059,US,USA,840,1059.0,Franklin,Alabama,US,34.44235334,-87.84289505,"Franklin, Alabama, US",0,0,0,0,0,0,0,0,0,0,0,0,0,0,0,0,0,0,0,0,0,0,0,0,0,0,0,0,0,0,0,0,0,0,0,0,0,0,0,0,0,0,0,0,0,0,0,0,0,0,0,0,0,0,0,0,0,0,0,0,0,1,1,2,3,3,3,3,3,3,3,4,5,6,6,6,7,7,8,8,8,10,10,12,14,17,18,17,17,18,18,22,25,32,32,41,43,44,45,58,78,100,132,136,152,164,184,202,216,226,247,264,270,288,309,329,334,344,364,399,409,422,434,447,467,486,498,514,540,545,556,562,576,578,585,593,608,617,625,631,634,652,665,709,723,730,737,754,760,769,772,778
84001061,US,USA,840,1061.0,Geneva,Alabama,US,31.09389027,-85.83572839,"Geneva, Alabama, US",0,0,0,0,0,0,0,0,0,0,0,0,0,0,0,0,0,0,0,0,0,0,0,0,0,0,0,0,0,0,0,0,0,0,0,0,0,0,0,0,0,0,0,0,0,0,0,0,0,0,0,0,0,0,0,0,0,0,0,0,0,0,0,0,0,0,0,0,0,0,0,0,0,0,0,0,0,1,1,0,0,1,1,1,2,2,2,4,4,4,4,5,6,6,6,8,8,8,9,9,9,10,10,11,11,11,11,12,13,13,15,16,17,18,19,20,20,22,23,26,27,28,31,33,35,40,40,40,39,40,43,43,43,44,44,45,46,46,46,46,46,46,46,46,46,46,48,48,49,49,51,51
84001063,US,USA,840,1063.0,Greene,Alabama,US,32.85504247,-87.95684022,"Greene, Alabama, US",0,0,0,0,0,0,0,0,0,0,0,0,0,0,0,0,0,0,0,0,0,0,0,0,0,0,0,0,0,0,0,0,0,0,0,0,0,0,0,0,0,0,0,0,0,0,0,0,0,0,0,0,0,0,0,0,0,0,0,0,0,0,0,0,0,1,3,3,3,3,4,4,5,5,6,8,10,10,12,13,14,17,18,18,18,20,24,29,29,32,32,40,41,44,44,46,46,47,50,55,54,55,58,61,61,64,67,70,70,70,73,73,74,76,79,81,81,87,87,86,87,88,90,89,91,91,91,92,93,94,94,95,95,95,95,95,98,98,99,102,107,112,117,119,123,132,135,135,144,151,151,154
84001065,US,USA,840,1065.0,Hale,Alabama,US,32.76039258,-87.63284988,"Hale, Alabama, US",0,0,0,0,0,0,0,0,0,0,0,0,0,0,0,0,0,0,0,0,0,0,0,0,0,0,0,0,0,0,0,0,0,0,0,0,0,0,0,0,0,0,0,0,0,0,0,0,0,0,0,0,0,0,0,0,0,0,0,0,0,0,0,0,0,0,0,0,1,1,1,1,3,3,3,4,7,7,7,7,11,15,15,17,18,21,22,23,25,31,34,36,37,39,39,41,41,41,43,47,50,52,52,56,59,60,62,62,66,69,72,74,74,79,79,84,85,91,96,106,110,119,122,129,132,135,141,151,157,159,173,175,178,179,185,192,195,202,207,209,210,219,223,226,232,235,236,237,248,256,257,258
84001067,US,USA,840,1067.0,Henry,Alabama,US,31.51148016,-85.24267944,"Henry, Alabama, US",0,0,0,0,0,0,0,0,0,0,0,0,0,0,0,0,0,0,0,0,0,0,0,0,0,0,0,0,0,0,0,0,0,0,0,0,0,0,0,0,0,0,0,0,0,0,0,0,0,0,0,0,0,0,0,0,0,0,0,0,0,0,0,0,0,0,0,0,0,0,0,0,2,2,3,4,4,5,7,10,10,11,13,14,14,15,16,17,17,18,20,20,22,22,22,22,22,22,23,24,24,26,27,27,27,27,27,27,28,28,30,32,33,35,37,39,39,40,44,48,48,50,52,56,64,69,70,71,73,74,80,80,81,81,82,84,85,88,89,89,93,94,97,99,107,108,109,109,110,111,115,115
84001069,US,USA,840,1069.0,Houston,Alabama,US,31.15197924,-85.29939599,"Houston, Alabama, US",0,0,0,0,0,0,0,0,0,0,0,0,0,0,0,0,0,0,0,0,0,0,0,0,0,0,0,0,0,0,0,0,0,0,0,0,0,0,0,0,0,0,0,0,0,0,0,0,0,0,0,0,0,0,0,0,0,0,0,0,0,1,1,2,3,3,4,6,9,9,8,9,12,14,15,22,25,25,30,33,37,44,47,52,54,57,64,63,66,70,73,75,78,76,76,77,79,84,87,90,90,93,95,97,98,99,100,102,104,107,107,114,115,125,129,132,132,137,141,149,150,156,161,164,172,183,185,188,204,209,220,221,223,226,226,227,237,245,246,253,259,270,279,293,307,315,319,328,333,341,344,345
84001071,US,USA,840,1071.0,Jackson,Alabama,US,34.78144169,-85.99750489,"Jackson, Alabama, US",0,0,0,0,0,0,0,0,0,0,0,0,0,0,0,0,0,0,0,0,0,0,0,0,0,0,0,0,0,0,0,0,0,0,0,0,0,0,0,0,0,0,0,0,0,0,0,0,0,0,0,0,0,0,0,0,0,0,1,1,1,1,2,2,4,4,5,5,5,8,8,9,12,12,14,17,18,19,22,22,22,24,26,29,31,32,32,38,38,39,41,42,43,45,45,45,45,46,47,49,49,50,50,50,53,53,56,59,59,60,60,60,60,60,61,63,63,64,63,66,68,69,69,69,71,72,74,75,76,77,78,81,83,83,83,86,88,90,94,97,101,107,113,123,122,122,125,134,139,147,147,149
84001073,US,USA,840,1073.0,Jefferson,Alabama,US,33.55554728,-86.89506300000002,"Jefferson, Alabama, US",0,0,0,0,0,0,0,0,0,0,0,0,0,0,0,0,0,0,0,0,0,0,0,0,0,0,0,0,0,0,0,0,0,0,0,0,0,0,0,0,0,0,0,0,0,0,0,0,0,0,0,1,1,5,17,21,25,34,50,61,71,86,91,129,159,177,195,245,254,270,292,314,351,373,416,423,457,479,507,536,579,597,612,620,625,634,651,671,682,688,698,726,778,797,797,839,839,861,880,886,929,946,969,992,1020,1048,1065,1094,1109,1121,1131,1153,1199,1237,1258,1299,1333,1355,1367,1433,1453,1498,1573,1614,1630,1645,1673,1712,1744,1780,1837,1859,1882,1884,1901,1927,1980,2039,2078,2131,2187,2250,2339,2410,2475,2537,2599,2647,2708,2791,2859,2943
84001075,US,USA,840,1075.0,Lamar,Alabama,US,33.77995024,-88.09668032,"Lamar, Alabama, US",0,0,0,0,0,0,0,0,0,0,0,0,0,0,0,0,0,0,0,0,0,0,0,0,0,0,0,0,0,0,0,0,0,0,0,0,0,0,0,0,0,0,0,0,0,0,0,0,0,0,0,0,0,0,0,0,0,0,1,1,1,1,1,1,1,1,1,1,1,1,1,1,1,2,3,5,5,5,7,7,7,8,8,7,7,7,7,8,8,9,9,8,9,10,10,10,10,10,10,11,11,11,11,12,13,13,13,13,13,13,13,13,14,14,14,15,15,15,15,15,16,17,18,20,20,21,21,21,23,23,26,26,26,26,28,28,28,29,29,29,30,30,34,35,43,45,49,50,52,54,54,54
84001077,US,USA,840,1077.0,Lauderdale,Alabama,US,34.90171875,-87.65624729,"Lauderdale, Alabama, US",0,0,0,0,0,0,0,0,0,0,0,0,0,0,0,0,0,0,0,0,0,0,0,0,0,0,0,0,0,0,0,0,0,0,0,0,0,0,0,0,0,0,0,0,0,0,0,0,0,0,0,0,0,0,0,0,0,0,1,2,2,3,3,6,9,9,12,12,12,12,12,14,14,16,16,16,18,18,20,20,21,21,22,22,22,22,23,23,23,24,25,25,25,25,25,31,31,30,31,38,50,56,61,63,68,71,79,87,88,92,96,99,102,109,110,113,113,115,116,117,119,122,126,128,135,141,145,153,156,161,164,166,167,169,172,175,181,184,188,192,196,207,216,230,234,249,260,265,280,288,293,296
84001079,US,USA,840,1079.0,Lawrence,Alabama,US,34.52041498,-87.31069453,"Lawrence, Alabama, US",0,0,0,0,0,0,0,0,0,0,0,0,0,0,0,0,0,0,0,0,0,0,0,0,0,0,0,0,0,0,0,0,0,0,0,0,0,0,0,0,0,0,0,0,0,0,0,0,0,0,0,0,0,0,0,0,0,0,0,0,0,0,0,0,3,2,3,3,3,3,3,3,4,4,6,8,8,8,8,8,8,8,8,8,8,8,8,9,9,10,10,12,12,12,12,12,12,12,12,12,13,13,14,14,16,17,19,21,22,25,26,26,26,28,29,29,29,33,35,35,38,40,41,42,43,45,46,46,48,48,50,50,51,51,51,51,53,55,55,56,58,60,60,63,64,65,66,67,71,72,72,75
84001081,US,USA,840,1081.0,Lee,Alabama,US,32.60154883,-85.35132246,"Lee, Alabama, US",0,0,0,0,0,0,0,0,0,0,0,0,0,0,0,0,0,0,0,0,0,0,0,0,0,0,0,0,0,0,0,0,0,0,0,0,0,0,0,0,0,0,0,0,0,0,0,0,0,0,0,0,0,0,1,3,8,10,11,12,16,19,26,40,47,48,56,59,71,75,81,91,99,102,109,113,128,148,199,209,218,236,250,265,269,292,301,305,308,311,319,331,340,351,351,365,368,377,386,394,391,397,400,403,408,410,417,419,422,425,429,432,436,447,444,448,449,452,450,461,466,471,488,498,510,522,526,533,536,540,548,550,552,558,562,563,577,584,594,599,605,625,642,661,679,710,739,753,784,811,825,836
84001083,US,USA,840,1083.0,Limestone,Alabama,US,34.81185586,-86.98310072,"Limestone, Alabama, US",0,0,0,0,0,0,0,0,0,0,0,0,0,0,0,0,0,0,0,0,0,0,0,0,0,0,0,0,0,0,0,0,0,0,0,0,0,0,0,0,0,0,0,0,0,0,0,0,0,0,0,0,1,1,1,1,1,1,1,1,1,1,4,6,13,14,16,16,20,22,23,25,30,31,31,33,32,32,34,36,36,37,37,37,37,38,40,40,40,40,40,39,40,41,41,41,42,44,44,44,44,44,45,47,48,49,54,55,57,57,57,58,60,62,64,64,64,65,65,69,70,72,72,74,77,82,86,87,92,94,106,108,108,108,108,110,119,123,135,144,151,162,175,197,215,226,236,242,255,260,265,269
84001085,US,USA,840,1085.0,Lowndes,Alabama,US,32.1597283,-86.65158371,"Lowndes, Alabama, US",0,0,0,0,0,0,0,0,0,0,0,0,0,0,0,0,0,0,0,0,0,0,0,0,0,0,0,0,0,0,0,0,0,0,0,0,0,0,0,0,0,0,0,0,0,0,0,0,0,0,0,0,0,0,0,0,0,0,0,0,0,0,0,0,1,1,1,1,1,1,1,2,2,3,6,6,8,10,12,12,14,14,15,19,20,24,25,27,28,31,32,32,34,36,36,38,39,53,57,65,67,70,71,75,80,82,85,88,96,99,103,111,111,117,122,128,128,133,140,155,158,172,182,186,193,207,216,222,227,238,246,252,255,259,265,269,276,283,290,298,307,326,336,365,383,393,398,401,405,409,412,415
84001087,US,USA,840,1087.0,Macon,Alabama,US,32.38759944,-85.69267724,"Macon, Alabama, US",0,0,0,0,0,0,0,0,0,0,0,0,0,0,0,0,0,0,0,0,0,0,0,0,0,0,0,0,0,0,0,0,0,0,0,0,0,0,0,0,0,0,0,0,0,0,0,0,0,0,0,0,0,0,0,0,0,0,0,0,0,0,0,0,0,0,0,1,1,1,1,3,5,5,5,5,6,6,9,9,11,14,15,19,19,21,24,24,25,26,27,28,27,29,29,34,34,35,36,37,37,38,40,40,41,42,43,44,47,47,49,51,53,53,55,55,55,55,54,58,59,58,58,60,62,65,67,71,72,75,82,85,86,87,93,94,96,98,100,104,105,110,117,122,125,126,132,133,136,138,144,147
84001089,US,USA,840,1089.0,Madison,Alabama,US,34.76327133,-86.55069633,"Madison, Alabama, US",0,0,0,0,0,0,0,0,0,0,0,0,0,0,0,0,0,0,0,0,0,0,0,0,0,0,0,0,0,0,0,0,0,0,0,0,0,0,0,0,0,0,0,0,0,0,0,0,0,0,0,0,1,0,0,1,1,5,7,9,16,21,21,35,43,47,62,79,91,99,105,114,121,125,134,141,150,153,173,178,186,187,187,191,191,198,217,197,199,202,203,205,205,202,202,211,214,222,224,227,225,233,234,237,238,238,241,244,247,247,250,255,259,272,274,275,275,278,278,285,285,286,292,296,302,309,315,318,324,327,339,343,344,346,353,359,371,376,386,397,413,428,456,472,532,566,577,577,625,649,686,701
84001091,US,USA,840,1091.0,Marengo,Alabama,US,32.24767634,-87.78796182,"Marengo, Alabama, US",0,0,0,0,0,0,0,0,0,0,0,0,0,0,0,0,0,0,0,0,0,0,0,0,0,0,0,0,0,0,0,0,0,0,0,0,0,0,0,0,0,0,0,0,0,0,0,0,0,0,0,0,0,0,0,0,0,0,0,0,0,0,0,0,1,2,3,5,5,4,4,5,7,8,8,13,14,14,14,15,19,21,22,23,23,24,24,25,26,30,35,40,38,39,39,41,43,44,46,49,52,56,58,66,68,68,73,76,77,80,83,89,91,97,101,102,103,104,116,118,119,125,132,133,141,145,150,155,160,163,170,171,174,174,175,179,182,184,187,187,192,200,204,206,209,221,222,225,234,237,237,237
84001093,US,USA,840,1093.0,Marion,Alabama,US,34.13697363,-87.88704173,"Marion, Alabama, US",0,0,0,0,0,0,0,0,0,0,0,0,0,0,0,0,0,0,0,0,0,0,0,0,0,0,0,0,0,0,0,0,0,0,0,0,0,0,0,0,0,0,0,0,0,0,0,0,0,0,0,0,0,0,0,0,0,0,0,1,1,1,1,3,7,7,9,10,10,9,9,11,16,17,17,19,21,23,33,39,42,48,56,58,58,59,61,60,61,63,65,65,67,69,69,74,75,76,76,75,78,82,83,85,90,92,93,95,96,96,96,97,100,101,101,101,101,103,106,108,108,107,109,113,114,117,117,119,120,121,122,122,124,124,124,125,126,126,126,126,126,129,132,134,140,142,145,149,161,165,168,168
84001095,US,USA,840,1095.0,Marshall,Alabama,US,34.36975964,-86.30486727,"Marshall, Alabama, US",0,0,0,0,0,0,0,0,0,0,0,0,0,0,0,0,0,0,0,0,0,0,0,0,0,0,0,0,0,0,0,0,0,0,0,0,0,0,0,0,0,0,0,0,0,0,0,0,0,0,0,0,0,0,0,0,0,0,0,0,0,0,0,1,3,4,4,5,7,7,6,6,16,17,20,33,39,42,60,69,82,97,102,104,106,114,122,138,149,167,194,241,258,267,267,307,310,313,316,317,328,334,342,355,439,470,487,525,543,558,576,581,586,599,612,624,624,632,638,641,644,642,644,649,650,660,660,668,681,687,693,700,705,705,708,714,730,739,744,752,764,786,811,849,882,896,926,956,994,1031,1054,1075
84001097,US,USA,840,1097.0,Mobile,Alabama,US,30.78472347,-88.20842409,"Mobile, Alabama, US",0,0,0,0,0,0,0,0,0,0,0,0,0,0,0,0,0,0,0,0,0,0,0,0,0,0,0,0,0,0,0,0,0,0,0,0,0,0,0,0,0,0,0,0,0,0,0,0,0,0,0,0,0,0,0,0,0,1,3,2,2,2,6,10,18,23,29,40,44,52,56,67,103,114,125,143,201,249,309,358,408,454,468,509,548,577,621,637,661,680,714,756,810,845,845,917,942,994,1033,1058,1099,1172,1198,1222,1265,1311,1355,1407,1452,1461,1474,1507,1545,1608,1653,1681,1701,1735,1751,1822,1870,1916,1973,1996,2033,2054,2085,2124,2162,2191,2239,2271,2283,2284,2321,2341,2377,2433,2461,2487,2545,2593,2623,2660,2697,2723,2771,2788,2834,2899,2932,2994
84001099,US,USA,840,1099.0,Monroe,Alabama,US,31.56729412,-87.36995001,"Monroe, Alabama, US",0,0,0,0,0,0,0,0,0,0,0,0,0,0,0,0,0,0,0,0,0,0,0,0,0,0,0,0,0,0,0,0,0,0,0,0,0,0,0,0,0,0,0,0,0,0,0,0,0,0,0,0,0,0,0,0,0,0,0,0,0,0,0,0,0,0,1,1,1,1,1,3,5,5,5,5,5,5,6,6,6,6,7,7,7,7,7,8,9,9,9,9,9,11,11,12,11,12,12,13,13,13,13,13,13,15,15,15,15,15,15,15,18,18,18,19,20,20,20,22,22,23,26,28,33,34,34,35,36,37,40,43,44,45,46,49,54,56,62,68,79,95,107,117,126,136,144,148,151,153,158,162
84001101,US,USA,840,1101.0,Montgomery,Alabama,US,32.2206831,-86.20969272,"Montgomery, Alabama, US",0,0,0,0,0,0,0,0,0,0,0,0,0,0,0,0,0,0,0,0,0,0,0,0,0,0,0,0,0,0,0,0,0,0,0,0,0,0,0,0,0,0,0,0,0,0,0,0,0,0,0,1,1,1,2,2,2,3,3,3,3,4,9,13,17,18,18,21,22,29,35,45,59,62,67,71,74,77,88,92,102,119,135,161,174,197,207,215,226,231,245,253,263,274,274,289,292,302,316,337,355,379,409,438,456,477,515,533,576,608,642,684,705,753,787,816,823,863,907,994,1028,1096,1141,1186,1274,1384,1446,1541,1590,1632,1710,1758,1802,1823,1858,1905,1993,2054,2128,2221,2290,2436,2543,2644,2791,2871,2922,2956,3059,3106,3179,3215
84001103,US,USA,840,1103.0,Morgan,Alabama,US,34.45500589,-86.85475946,"Morgan, Alabama, US",0,0,0,0,0,0,0,0,0,0,0,0,0,0,0,0,0,0,0,0,0,0,0,0,0,0,0,0,0,0,0,0,0,0,0,0,0,0,0,0,0,0,0,0,0,0,0,0,0,0,0,0,0,0,0,0,0,0,0,0,0,0,2,5,9,9,15,17,17,20,19,21,24,24,27,29,30,31,36,36,37,38,42,41,42,44,46,45,47,48,51,52,50,55,55,64,65,68,68,68,71,73,74,76,78,81,84,87,92,93,95,98,99,104,109,110,111,116,119,132,137,144,157,162,176,204,211,231,244,251,280,287,297,298,302,314,361,378,395,429,456,477,516,553,600,638,664,676,701,710,726,747
84001105,US,USA,840,1105.0,Perry,Alabama,US,32.64048341,-87.29770589,"Perry, Alabama, US",0,0,0,0,0,0,0,0,0,0,0,0,0,0,0,0,0,0,0,0,0,0,0,0,0,0,0,0,0,0,0,0,0,0,0,0,0,0,0,0,0,0,0,0,0,0,0,0,0,0,0,0,0,0,0,0,0,0,0,0,0,0,0,0,0,0,0,0,0,0,0,0,0,0,1,1,1,0,1,3,4,6,6,7,7,8,9,9,9,9,9,9,9,9,9,9,9,9,9,9,10,10,15,16,16,16,18,18,19,19,19,19,19,19,20,20,20,21,22,23,25,28,29,31,35,36,36,35,35,37,39,42,42,42,43,43,46,47,50,52,54,56,62,68,74,75,79,79,84,86,86,87
84001107,US,USA,840,1107.0,Pickens,Alabama,US,33.28094866,-88.08818103,"Pickens, Alabama, US",0,0,0,0,0,0,0,0,0,0,0,0,0,0,0,0,0,0,0,0,0,0,0,0,0,0,0,0,0,0,0,0,0,0,0,0,0,0,0,0,0,0,0,0,0,0,0,0,0,0,0,0,0,0,0,0,0,0,0,0,0,0,0,1,1,1,1,2,2,4,4,9,10,12,12,12,14,15,17,19,21,22,23,24,26,30,32,32,38,40,43,44,44,45,45,48,47,47,48,48,50,54,55,56,57,58,59,63,65,67,70,70,70,71,73,77,78,82,84,86,86,86,88,93,93,95,96,101,109,111,116,118,121,121,120,121,122,122,124,126,128,131,137,140,141,141,142,142,149,153,156,165
84001109,US,USA,840,1109.0,Pike,Alabama,US,31.80396383,-85.9408295,"Pike, Alabama, US",0,0,0,0,0,0,0,0,0,0,0,0,0,0,0,0,0,0,0,0,0,0,0,0,0,0,0,0,0,0,0,0,0,0,0,0,0,0,0,0,0,0,0,0,0,0,0,0,0,0,0,0,0,0,0,0,0,0,0,0,0,0,0,1,2,2,4,4,4,4,5,7,10,10,14,14,14,16,17,18,18,20,21,22,24,27,29,34,37,41,46,53,57,58,58,62,65,65,67,67,69,73,75,79,82,84,85,87,89,93,99,100,102,103,105,106,106,107,110,121,124,127,128,136,145,160,173,179,191,198,203,206,208,208,212,223,239,243,250,259,266,283,298,307,324,334,340,342,344,352,356,356
84001111,US,USA,840,1111.0,Randolph,Alabama,US,33.29526734,-85.45708831,"Randolph, Alabama, US",0,0,0,0,0,0,0,0,0,0,0,0,0,0,0,0,0,0,0,0,0,0,0,0,0,0,0,0,0,0,0,0,0,0,0,0,0,0,0,0,0,0,0,0,0,0,0,0,0,0,0,0,0,0,0,0,0,0,0,0,0,0,0,0,0,1,2,2,2,2,5,6,10,11,11,12,13,15,16,22,27,36,40,45,45,46,51,51,53,56,59,60,58,60,60,60,61,62,62,62,62,74,77,79,82,91,96,100,102,104,111,117,117,118,119,119,120,120,120,120,121,123,124,125,124,124,124,125,125,125,127,127,128,128,128,128,129,132,132,132,136,137,138,138,140,141,141,141,142,142,142,142
84001113,US,USA,840,1113.0,Russell,Alabama,US,32.28725256,-85.18415324,"Russell, Alabama, US",0,0,0,0,0,0,0,0,0,0,0,0,0,0,0,0,0,0,0,0,0,0,0,0,0,0,0,0,0,0,0,0,0,0,0,0,0,0,0,0,0,0,0,0,0,0,0,0,0,0,0,0,0,0,0,0,0,0,0,0,0,0,0,1,1,1,1,1,1,1,1,2,4,4,8,10,12,14,14,20,22,24,27,30,30,32,35,41,43,48,48,52,54,53,53,53,53,55,55,57,60,60,61,63,63,66,69,73,77,79,81,83,88,91,96,100,100,105,109,116,118,120,125,128,137,144,148,159,162,167,171,175,177,177,181,187,193,198,212,221,236,250,265,279,283,298,301,313,327,346,349,358
84001115,US,USA,840,1115.0,St. Clair,Alabama,US,33.71902176,-86.31029372,"St. Clair, Alabama, US",0,0,0,0,0,0,0,0,0,0,0,0,0,0,0,0,0,0,0,0,0,0,0,0,0,0,0,0,0,0,0,0,0,0,0,0,0,0,0,0,0,0,0,0,0,0,0,0,0,0,0,0,0,0,0,1,1,1,1,1,3,3,4,6,6,9,11,13,13,15,18,19,23,25,26,31,30,30,36,37,38,42,43,45,47,49,52,53,54,57,59,62,62,63,63,64,68,70,70,72,73,73,76,76,76,77,78,79,81,82,84,86,87,88,88,90,90,91,91,95,97,98,100,102,104,106,108,116,118,118,123,128,131,131,135,137,138,140,141,141,149,153,158,167,170,173,176,180,182,193,196,201
84001117,US,USA,840,1117.0,Shelby,Alabama,US,33.26879845,-86.66232561,"Shelby, Alabama, US",0,0,0,0,0,0,0,0,0,0,0,0,0,0,0,0,0,0,0,0,0,0,0,0,0,0,0,0,0,0,0,0,0,0,0,0,0,0,0,0,0,0,0,0,0,0,0,0,0,0,0,0,0,0,3,4,4,9,10,16,17,22,27,42,52,66,72,79,79,88,88,98,109,124,139,147,158,159,170,184,193,212,230,235,237,243,248,257,268,273,273,278,283,294,294,311,318,319,320,320,320,324,327,328,335,339,348,358,362,367,370,378,381,390,391,398,399,404,404,414,417,420,426,433,447,467,470,484,497,503,517,522,522,522,528,536,542,549,554,560,567,580,596,615,637,655,674,687,711,740,759,765
84001119,US,USA,840,1119.0,Sumter,Alabama,US,32.59117397,-88.19916205,"Sumter, Alabama, US",0,0,0,0,0,0,0,0,0,0,0,0,0,0,0,0,0,0,0,0,0,0,0,0,0,0,0,0,0,0,0,0,0,0,0,0,0,0,0,0,0,0,0,0,0,0,0,0,0,0,0,0,0,0,0,0,0,0,0,0,0,0,0,0,0,0,0,0,0,1,2,4,7,6,6,8,15,16,17,18,19,20,21,26,28,31,33,35,36,40,44,46,47,51,51,53,55,55,56,64,68,72,77,81,85,87,92,93,98,100,106,110,110,115,120,124,127,136,148,164,169,172,185,191,193,204,210,213,216,220,224,224,226,228,228,236,243,245,247,248,248,253,257,260,263,263,263,264,266,267,268,268
84001121,US,USA,840,1121.0,Talladega,Alabama,US,33.37823223,-86.16886178,"Talladega, Alabama, US",0,0,0,0,0,0,0,0,0,0,0,0,0,0,0,0,0,0,0,0,0,0,0,0,0,0,0,0,0,0,0,0,0,0,0,0,0,0,0,0,0,0,0,0,0,0,0,0,0,0,0,0,0,0,0,0,0,1,1,1,1,1,2,3,4,4,4,4,5,7,7,8,11,16,17,20,20,22,29,32,32,34,38,38,38,40,42,44,46,47,50,52,53,54,54,57,58,59,59,61,61,64,65,64,67,67,70,72,73,73,73,74,76,76,75,78,78,81,81,82,82,85,86,91,91,95,96,100,106,109,113,117,117,117,119,121,127,132,134,136,140,146,149,153,157,163,165,166,168,170,178,182
84001123,US,USA,840,1123.0,Tallapoosa,Alabama,US,32.86698258,-85.79833053,"Tallapoosa, Alabama, US",0,0,0,0,0,0,0,0,0,0,0,0,0,0,0,0,0,0,0,0,0,0,0,0,0,0,0,0,0,0,0,0,0,0,0,0,0,0,0,0,0,0,0,0,0,0,0,0,0,0,0,0,0,0,0,0,0,0,0,0,0,1,2,4,4,4,5,8,8,12,13,17,19,20,29,30,33,35,45,53,61,98,101,123,127,158,160,179,195,193,228,242,254,261,261,274,275,279,282,285,286,290,295,298,303,304,314,315,316,323,328,330,338,345,351,357,358,366,371,379,384,387,392,396,400,408,410,418,422,423,427,427,431,432,434,435,439,442,446,448,451,454,455,461,467,473,474,482,498,506,506,510
84001125,US,USA,840,1125.0,Tuscaloosa,Alabama,US,33.28726072,-87.52556818,"Tuscaloosa, Alabama, US",0,0,0,0,0,0,0,0,0,0,0,0,0,0,0,0,0,0,0,0,0,0,0,0,0,0,0,0,0,0,0,0,0,0,0,0,0,0,0,0,0,0,0,0,0,0,0,0,0,0,0,0,1,2,3,3,3,4,4,6,7,9,10,15,19,21,22,23,24,29,30,34,41,43,44,73,77,83,85,91,99,119,121,122,128,132,152,141,145,153,158,165,173,182,182,192,195,199,202,208,210,216,218,237,243,248,259,269,274,278,284,291,302,319,332,345,345,368,387,431,446,464,479,505,558,607,632,678,720,738,783,799,816,822,836,853,896,915,936,976,1009,1070,1156,1239,1291,1342,1405,1418,1467,1526,1544,1581
84001127,US,USA,840,1127.0,Walker,Alabama,US,33.80270512,-87.30027177,"Walker, Alabama, US",0,0,0,0,0,0,0,0,0,0,0,0,0,0,0,0,0,0,0,0,0,0,0,0,0,0,0,0,0,0,0,0,0,0,0,0,0,0,0,0,0,0,0,0,0,0,0,0,0,0,0,0,0,0,0,0,0,1,1,1,1,3,5,9,17,23,28,30,30,32,32,34,48,49,49,54,63,65,69,72,78,81,84,84,84,84,83,83,85,90,91,90,89,89,89,92,93,94,95,96,97,97,99,100,100,101,103,105,106,106,107,110,111,116,119,126,126,139,148,164,168,179,191,198,239,272,282,299,330,344,354,370,378,381,386,397,433,452,460,467,481,500,523,540,568,578,611,616,642,664,669,683
84001129,US,USA,840,1129.0,Washington,Alabama,US,31.4092794,-88.20689944,"Washington, Alabama, US",0,0,0,0,0,0,0,0,0,0,0,0,0,0,0,0,0,0,0,0,0,0,0,0,0,0,0,0,0,0,0,0,0,0,0,0,0,0,0,0,0,0,0,0,0,0,0,0,0,0,0,0,0,0,0,0,0,0,1,1,1,1,1,1,2,2,2,4,4,3,3,3,5,5,5,5,7,7,11,11,12,12,12,12,12,13,14,15,16,16,17,18,18,19,19,26,27,33,34,34,35,37,38,38,42,42,43,48,51,53,54,55,57,59,60,60,60,61,61,62,63,63,64,64,65,65,65,66,67,68,70,71,72,72,73,74,77,79,79,82,83,84,86,86,86,87,88,88,91,91,92,92
84001131,US,USA,840,1131.0,Wilcox,Alabama,US,31.98773215,-87.30891118,"Wilcox, Alabama, US",0,0,0,0,0,0,0,0,0,0,0,0,0,0,0,0,0,0,0,0,0,0,0,0,0,0,0,0,0,0,0,0,0,0,0,0,0,0,0,0,0,0,0,0,0,0,0,0,0,0,0,0,0,0,0,0,0,0,0,0,0,0,0,1,2,2,2,2,2,3,3,5,6,11,12,12,13,13,16,18,24,30,31,31,34,39,40,45,47,49,49,50,52,53,53,56,58,60,62,66,67,71,72,72,72,73,73,77,80,81,85,87,89,89,92,93,94,95,97,108,109,110,113,118,118,122,132,134,141,144,148,150,152,154,157,158,167,169,173,179,183,190,200,216,221,223,226,230,238,240,242,244
84001133,US,USA,840,1133.0,Winston,Alabama,US,34.15030532,-87.37325922,"Winston, Alabama, US",0,0,0,0,0,0,0,0,0,0,0,0,0,0,0,0,0,0,0,0,0,0,0,0,0,0,0,0,0,0,0,0,0,0,0,0,0,0,0,0,0,0,0,0,0,0,0,0,0,0,0,0,0,0,0,0,0,0,0,0,0,0,0,0,0,2,2,2,2,2,2,2,3,3,3,3,3,3,3,4,4,4,4,4,4,7,9,9,9,9,10,10,10,10,10,11,11,13,13,15,15,16,16,16,16,17,17,20,20,21,23,25,25,27,28,33,34,39,45,50,53,52,61,62,67,75,77,82,87,88,90,90,91,91,91,92,93,93,95,96,98,106,111,115,121,127,132,149,165,172,172,175
84002013,US,USA,840,2013.0,Aleutians East,Alaska,US,55.32222414,-161.9722021,"Aleutians East, Alaska, US",0,0,0,0,0,0,0,0,0,0,0,0,0,0,0,0,0,0,0,0,0,0,0,0,0,0,0,0,0,0,0,0,0,0,0,0,0,0,0,0,0,0,0,0,0,0,0,0,0,0,0,0,0,0,0,0,0,0,0,0,0,0,0,0,0,0,0,0,0,0,0,0,0,0,0,0,0,0,0,0,0,0,0,0,0,0,0,0,0,0,0,0,0,0,0,0,0,0,0,0,0,0,0,0,0,0,0,0,0,0,0,0,0,0,0,0,0,0,0,0,0,0,0,0,0,0,0,0,0,0,0,0,0,0,0,0,0,0,0,0,0,0,0,0,0,0,0,0,0,0,0,0
84002016,US,USA,840,2016.0,Aleutians West,Alaska,US,52.72541116,-110.4086433,"Aleutians West, Alaska, US",0,0,0,0,0,0,0,0,0,0,0,0,0,0,0,0,0,0,0,0,0,0,0,0,0,0,0,0,0,0,0,0,0,0,0,0,0,0,0,0,0,0,0,0,0,0,0,0,0,0,0,0,0,0,0,0,0,0,0,0,0,0,0,0,0,0,0,0,0,0,0,0,0,0,0,0,0,0,0,0,0,0,0,0,0,0,0,0,0,0,0,0,0,0,0,0,0,0,0,0,0,0,0,0,0,0,0,0,0,0,0,0,0,0,0,0,0,0,0,0,0,0,0,0,0,0,0,0,0,0,0,0,0,0,0,0,0,0,0,0,0,0,0,0,0,0,0,0,0,0,0,0
84002020,US,USA,840,2020.0,Anchorage,Alaska,US,61.14998174,-149.14269860000005,"Anchorage,Alaska,US",0,0,0,0,0,0,0,0,0,0,0,0,0,0,0,0,0,0,0,0,0,0,0,0,0,0,0,0,0,0,0,0,0,0,0,0,0,0,0,0,0,0,0,0,0,0,0,0,0,0,0,0,1,1,1,1,2,4,4,4,5,13,17,17,28,30,43,54,59,61,65,67,73,81,85,88,98,103,109,112,121,127,131,136,139,143,150,151,154,155,160,164,166,168,168,168,171,175,179,179,185,185,187,189,190,190,191,194,194,194,194,194,194,194,199,199,199,199,205,206,206,206,206,206,206,207,207,211,213,214,229,232,247,254,258,264,266,272,283,288,297,301,307,315,319,320,326,330,332,338,346,352
84002050,US,USA,840,2050.0,Bethel,Alaska,US,60.90980451,-159.8561831,"Bethel, Alaska, US",0,0,0,0,0,0,0,0,0,0,0,0,0,0,0,0,0,0,0,0,0,0,0,0,0,0,0,0,0,0,0,0,0,0,0,0,0,0,0,0,0,0,0,0,0,0,0,0,0,0,0,0,0,0,0,0,0,0,0,0,0,0,0,0,0,0,0,0,0,0,0,0,0,0,0,0,1,1,1,1,1,1,1,1,1,1,1,1,1,1,1,1,1,1,1,1,1,1,1,1,1,1,1,1,1,1,1,1,1,1,1,1,1,1,1,1,1,1,2,2,2,2,2,2,2,2,3,3,3,3,3,3,3,3,3,3,3,3,3,3,3,3,3,4,4,4,5,5,5,6,6,6
84002060,US,USA,840,2060.0,Bristol Bay,Alaska,US,58.74513976,-156.701064,"Bristol Bay, Alaska, US",0,0,0,0,0,0,0,0,0,0,0,0,0,0,0,0,0,0,0,0,0,0,0,0,0,0,0,0,0,0,0,0,0,0,0,0,0,0,0,0,0,0,0,0,0,0,0,0,0,0,0,0,0,0,0,0,0,0,0,0,0,0,0,0,0,0,0,0,0,0,0,0,0,0,0,0,0,0,0,0,0,0,0,0,0,0,0,0,0,0,0,0,0,0,0,0,0,0,0,0,0,0,0,0,0,0,0,0,0,0,0,0,0,0,0,0,0,0,0,0,0,0,0,0,0,0,0,0,0,0,0,0,0,0,0,0,0,0,0,0,0,0,0,0,0,0,0,0,0,0,0,0
84002068,US,USA,840,2068.0,Denali,Alaska,US,63.67264044,-150.0076108,"Denali, Alaska, US",0,0,0,0,0,0,0,0,0,0,0,0,0,0,0,0,0,0,0,0,0,0,0,0,0,0,0,0,0,0,0,0,0,0,0,0,0,0,0,0,0,0,0,0,0,0,0,0,0,0,0,0,0,0,0,0,0,0,0,0,0,0,0,0,0,0,0,0,0,0,0,0,0,0,0,0,0,0,0,0,0,0,0,0,0,0,0,0,0,0,0,0,0,0,0,0,0,0,0,0,0,0,0,0,0,0,0,0,0,0,0,0,0,0,0,0,0,0,0,0,0,0,0,0,0,0,0,0,0,0,0,0,0,0,0,0,0,0,0,0,0,0,0,0,0,0,0,0,0,0,0,0
84002070,US,USA,840,2070.0,Dillingham,Alaska,US,59.79603738,-158.23819419999995,"Dillingham, Alaska, US",0,0,0,0,0,0,0,0,0,0,0,0,0,0,0,0,0,0,0,0,0,0,0,0,0,0,0,0,0,0,0,0,0,0,0,0,0,0,0,0,0,0,0,0,0,0,0,0,0,0,0,0,0,0,0,0,0,0,0,0,0,0,0,0,0,0,0,0,0,0,0,0,0,0,0,0,0,0,0,0,0,0,0,0,0,0,0,0,0,0,0,0,0,0,0,0,0,0,0,0,0,0,0,0,0,0,0,0,0,0,0,0,0,0,0,0,0,0,0,0,0,0,0,0,0,0,0,0,0,0,0,0,0,0,0,0,0,0,0,0,0,0,0,0,0,0,0,0,0,0,0,0
84002090,US,USA,840,2090.0,Fairbanks North Star,Alaska,US,64.80726247,-146.5692662,"Fairbanks North Star,Alaska,US",0,0,0,0,0,0,0,0,0,0,0,0,0,0,0,0,0,0,0,0,0,0,0,0,0,0,0,0,0,0,0,0,0,0,0,0,0,0,0,0,0,0,0,0,0,0,0,0,0,0,0,0,0,0,0,2,3,3,5,6,7,7,7,10,11,10,19,23,28,30,35,40,42,46,53,53,65,71,73,76,76,79,79,79,79,79,79,79,79,79,79,79,79,79,79,80,80,81,81,81,82,83,83,83,83,83,83,83,83,84,84,84,84,84,84,84,84,84,85,85,85,85,85,85,85,85,85,85,85,85,85,85,85,85,85,85,85,85,85,85,85,88,89,92,96,96,96,102,106,107,114,117
84002100,US,USA,840,2100.0,Haines,Alaska,US,59.09893571,-135.4679843,"Haines, Alaska, US",0,0,0,0,0,0,0,0,0,0,0,0,0,0,0,0,0,0,0,0,0,0,0,0,0,0,0,0,0,0,0,0,0,0,0,0,0,0,0,0,0,0,0,0,0,0,0,0,0,0,0,0,0,0,0,0,0,0,0,0,0,0,0,0,0,0,0,0,0,0,0,0,0,0,0,0,0,0,0,0,0,0,0,0,0,0,0,0,0,0,0,0,0,0,0,0,0,0,0,0,0,0,0,0,0,0,0,0,0,0,0,0,0,0,0,0,0,0,0,0,0,0,0,0,0,0,0,0,0,0,0,0,0,0,0,0,0,0,0,1,1,1,1,1,1,1,1,1,1,2,2,2
84002105,US,USA,840,2105.0,Hoonah-Angoon,Alaska,US,58.29307365,-135.64244240000002,"Hoonah-Angoon, Alaska, US",0,0,0,0,0,0,0,0,0,0,0,0,0,0,0,0,0,0,0,0,0,0,0,0,0,0,0,0,0,0,0,0,0,0,0,0,0,0,0,0,0,0,0,0,0,0,0,0,0,0,0,0,0,0,0,0,0,0,0,0,0,0,0,0,0,0,0,0,0,0,0,0,0,0,0,0,0,0,0,0,0,0,0,0,0,0,0,0,0,0,0,0,0,0,0,0,0,0,0,0,0,0,0,0,0,0,0,0,0,0,0,0,0,0,0,0,0,0,0,0,0,0,0,0,0,0,0,0,0,0,0,0,0,0,0,0,0,0,0,0,0,0,0,0,0,0,0,0,0,0,0,0
84002110,US,USA,840,2110.0,Juneau,Alaska,US,58.45031811,-134.200436,"Juneau, Alaska, US",0,0,0,0,0,0,0,0,0,0,0,0,0,0,0,0,0,0,0,0,0,0,0,0,0,0,0,0,0,0,0,0,0,0,0,0,0,0,0,0,0,0,0,0,0,0,0,0,0,0,0,0,0,0,0,0,0,0,0,0,0,1,1,2,2,3,4,4,5,5,9,10,11,12,14,14,14,14,14,15,15,16,17,18,21,23,24,24,24,24,26,27,27,27,27,27,27,27,27,27,27,27,27,27,27,27,27,27,27,27,27,27,27,27,29,29,29,29,30,30,30,31,31,31,31,31,31,32,33,33,33,33,33,33,33,33,33,34,35,35,35,37,37,37,37,37,37,38,39,39,39,39
84002122,US,USA,840,2122.0,Kenai Peninsula,Alaska,US,60.24429722,-151.53888840000005,"Kenai Peninsula,Alaska,US",0,0,0,0,0,0,0,0,0,0,0,0,0,0,0,0,0,0,0,0,0,0,0,0,0,0,0,0,0,0,0,0,0,0,0,0,0,0,0,0,0,0,0,0,0,0,0,0,0,0,0,0,0,0,0,0,0,0,0,0,0,3,3,4,4,4,5,7,7,7,7,8,10,11,12,13,13,13,14,15,15,15,15,15,16,16,17,19,19,19,19,19,19,19,19,19,19,19,19,19,21,21,22,22,22,22,23,23,24,24,24,24,24,24,24,24,24,24,26,26,26,26,26,26,27,27,27,34,36,38,45,49,54,60,63,68,78,79,83,85,94,97,102,108,108,109,113,115,116,117,119,120
84002130,US,USA,840,2130.0,Ketchikan Gateway,Alaska,US,55.57445008,-130.975561,"Ketchikan Gateway, Alaska, US",0,0,0,0,0,0,0,0,0,0,0,0,0,0,0,0,0,0,0,0,0,0,0,0,0,0,0,0,0,0,0,0,0,0,0,0,0,0,0,0,0,0,0,0,0,0,0,0,0,0,0,0,0,0,0,0,0,1,2,3,6,6,6,8,11,11,12,12,13,13,13,14,14,14,14,14,14,14,14,14,14,15,15,15,15,15,15,15,15,15,16,16,16,16,16,16,16,16,16,16,16,16,16,16,16,16,16,16,16,16,16,16,16,16,16,16,16,16,16,16,16,16,16,16,16,16,16,16,16,16,16,16,16,16,16,16,16,16,16,16,16,16,16,19,19,19,19,20,21,21,21,21
84002150,US,USA,840,2150.0,Kodiak Island,Alaska,US,57.65529415,-153.7493579,"Kodiak Island, Alaska, US",0,0,0,0,0,0,0,0,0,0,0,0,0,0,0,0,0,0,0,0,0,0,0,0,0,0,0,0,0,0,0,0,0,0,0,0,0,0,0,0,0,0,0,0,0,0,0,0,0,0,0,0,0,0,0,0,0,0,0,0,0,0,0,0,0,0,0,0,0,0,0,0,0,0,0,0,0,0,0,0,0,0,0,0,0,1,1,1,1,1,1,1,1,1,1,1,1,1,1,1,1,1,1,1,1,1,1,1,1,1,1,1,1,1,1,1,1,1,1,1,1,1,1,1,1,1,1,1,1,1,1,1,1,1,1,1,1,1,1,1,1,2,2,2,2,2,2,3,3,3,3,3
84002158,US,USA,840,2158.0,Kusilvak,Alaska,US,62.15429159999999,-163.39678830000003,"Kusilvak, Alaska, US",0,0,0,0,0,0,0,0,0,0,0,0,0,0,0,0,0,0,0,0,0,0,0,0,0,0,0,0,0,0,0,0,0,0,0,0,0,0,0,0,0,0,0,0,0,0,0,0,0,0,0,0,0,0,0,0,0,0,0,0,0,0,0,0,0,0,0,0,0,0,0,0,0,0,0,0,0,0,0,0,0,0,0,0,0,0,0,0,0,0,0,0,0,0,0,0,0,0,0,0,0,0,0,0,0,0,0,0,0,0,0,0,0,0,0,0,0,0,0,0,0,0,0,0,0,0,0,0,0,0,0,0,0,0,0,0,0,0,0,0,0,0,0,0,0,0,0,0,0,0,0,0
84002164,US,USA,840,2164.0,Lake and Peninsula,Alaska,US,58.62403337,-156.21405890000003,"Lake and Peninsula, Alaska, US",0,0,0,0,0,0,0,0,0,0,0,0,0,0,0,0,0,0,0,0,0,0,0,0,0,0,0,0,0,0,0,0,0,0,0,0,0,0,0,0,0,0,0,0,0,0,0,0,0,0,0,0,0,0,0,0,0,0,0,0,0,0,0,0,0,0,0,0,0,0,0,0,0,0,0,0,0,0,0,0,0,0,0,0,0,0,0,0,0,0,0,0,0,0,0,0,0,0,0,0,0,0,0,0,0,0,0,0,0,0,0,0,0,0,0,0,0,0,0,0,0,0,0,0,0,0,0,0,0,0,0,0,0,0,0,0,0,0,0,0,0,0,0,0,0,0,0,0,0,0,0,0
84002170,US,USA,840,2170.0,Matanuska-Susitna,Alaska,US,62.31305045,-149.5741743,"Matanuska-Susitna,Alaska,US",0,0,0,0,0,0,0,0,0,0,0,0,0,0,0,0,0,0,0,0,0,0,0,0,0,0,0,0,0,0,0,0,0,0,0,0,0,0,0,0,0,0,0,0,0,0,0,0,0,0,0,0,0,0,0,0,0,0,0,0,0,0,0,0,0,0,2,2,2,3,3,4,4,4,4,4,4,5,6,9,10,14,14,15,15,15,15,17,18,19,19,20,20,20,20,20,21,21,21,21,21,21,21,21,21,21,21,21,21,21,21,21,21,21,21,21,21,21,22,22,22,22,24,24,24,24,24,24,24,25,29,29,29,34,35,35,35,35,37,37,38,39,41,43,44,45,46,48,51,53,54,55
84002180,US,USA,840,2180.0,Nome,Alaska,US,64.90320724,-164.0353804,"Nome, Alaska, US",0,0,0,0,0,0,0,0,0,0,0,0,0,0,0,0,0,0,0,0,0,0,0,0,0,0,0,0,0,0,0,0,0,0,0,0,0,0,0,0,0,0,0,0,0,0,0,0,0,0,0,0,0,0,0,0,0,0,0,0,0,0,0,0,0,0,0,0,0,0,0,0,0,0,0,0,0,0,0,0,0,0,0,0,1,1,1,1,1,1,1,1,1,1,1,1,1,1,1,1,1,1,1,1,1,1,1,1,1,1,1,1,1,1,1,1,1,1,1,1,1,2,3,3,3,3,3,3,3,3,3,3,3,3,3,3,3,3,3,4,4,4,4,5,5,5,5,5,5,5,5,5
84002185,US,USA,840,2185.0,North Slope,Alaska,US,69.31479216,-153.4836093,"North Slope, Alaska, US",0,0,0,0,0,0,0,0,0,0,0,0,0,0,0,0,0,0,0,0,0,0,0,0,0,0,0,0,0,0,0,0,0,0,0,0,0,0,0,0,0,0,0,0,0,0,0,0,0,0,0,0,0,0,0,0,0,0,0,0,0,0,0,0,0,0,0,0,0,0,0,0,0,0,0,0,0,0,0,0,0,0,0,0,0,0,0,0,0,0,0,0,0,0,0,0,0,0,0,0,0,0,0,0,0,0,0,0,0,0,0,0,0,0,0,0,0,0,0,0,0,0,0,0,0,0,0,1,1,1,1,1,1,1,1,1,1,1,1,1,1,1,1,1,1,1,1,2,2,3,3,3
84002188,US,USA,840,2188.0,Northwest Arctic,Alaska,US,67.04919196,-159.7503946,"Northwest Arctic, Alaska, US",0,0,0,0,0,0,0,0,0,0,0,0,0,0,0,0,0,0,0,0,0,0,0,0,0,0,0,0,0,0,0,0,0,0,0,0,0,0,0,0,0,0,0,0,0,0,0,0,0,0,0,0,0,0,0,0,0,0,0,0,0,0,0,0,0,0,0,0,0,0,0,0,0,0,0,0,0,0,0,0,0,0,0,0,0,0,0,0,0,0,0,0,0,0,0,0,0,0,0,0,0,0,0,0,0,0,0,0,0,0,0,0,0,0,0,0,0,0,0,1,1,1,2,2,2,2,2,2,2,2,2,2,2,2,2,2,2,2,2,3,3,4,4,4,4,4,4,4,4,4,4,4
84002195,US,USA,840,2195.0,Petersburg,Alaska,US,57.13978948,-132.9540995,"Petersburg, Alaska, US",0,0,0,0,0,0,0,0,0,0,0,0,0,0,0,0,0,0,0,0,0,0,0,0,0,0,0,0,0,0,0,0,0,0,0,0,0,0,0,0,0,0,0,0,0,0,0,0,0,0,0,0,0,0,0,0,0,0,0,0,0,0,0,0,0,0,0,0,0,0,0,0,1,1,1,2,2,2,2,2,2,2,2,2,2,2,2,2,3,3,3,3,3,3,3,3,3,4,4,4,4,4,4,4,4,4,4,4,4,4,4,4,4,4,4,4,4,4,4,4,4,4,4,4,4,4,4,4,4,4,4,4,4,4,4,4,4,4,4,4,4,4,4,4,4,4,4,4,4,4,4,4
84002198,US,USA,840,2198.0,Prince of Wales-Hyder,Alaska,US,55.76261984,-133.0511621,"Prince of Wales-Hyder, Alaska, US",0,0,0,0,0,0,0,0,0,0,0,0,0,0,0,0,0,0,0,0,0,0,0,0,0,0,0,0,0,0,0,0,0,0,0,0,0,0,0,0,0,0,0,0,0,0,0,0,0,0,0,0,0,0,0,0,0,0,0,0,0,0,0,0,0,0,0,0,0,0,0,0,0,0,0,0,0,0,0,0,1,1,1,2,2,2,2,2,2,2,2,2,2,2,2,2,2,2,2,2,2,2,2,2,2,2,2,2,2,2,2,2,2,2,2,2,2,2,2,2,2,2,2,2,2,2,2,2,2,2,2,2,2,2,2,2,2,2,2,2,2,2,2,4,2,2,2,2,2,2,2,2
84002220,US,USA,840,2220.0,Sitka,Alaska,US,57.24124555,-135.3206587,"Sitka, Alaska, US",0,0,0,0,0,0,0,0,0,0,0,0,0,0,0,0,0,0,0,0,0,0,0,0,0,0,0,0,0,0,0,0,0,0,0,0,0,0,0,0,0,0,0,0,0,0,0,0,0,0,0,0,0,0,0,0,0,0,0,0,0,0,0,0,0,0,0,0,0,0,0,0,0,0,0,0,0,0,0,0,0,0,0,0,0,0,0,0,0,0,0,0,0,0,0,0,1,1,1,1,1,1,1,1,1,1,1,1,1,1,1,1,1,1,1,1,1,1,1,1,1,1,1,1,1,2,2,2,2,2,2,2,2,2,2,2,2,2,2,2,3,5,6,8,8,8,8,9,9,9,11,11
84002230,US,USA,840,2230.0,Skagway,Alaska,US,59.56149996,-135.33377480000001,"Skagway, Alaska, US",0,0,0,0,0,0,0,0,0,0,0,0,0,0,0,0,0,0,0,0,0,0,0,0,0,0,0,0,0,0,0,0,0,0,0,0,0,0,0,0,0,0,0,0,0,0,0,0,0,0,0,0,0,0,0,0,0,0,0,0,0,0,0,0,0,0,0,0,0,0,0,0,0,0,0,0,0,0,0,0,0,0,0,0,0,0,0,0,0,0,0,0,0,0,0,0,0,0,0,0,0,0,0,0,0,0,0,0,0,0,0,0,0,0,0,0,0,0,0,0,0,0,0,0,0,0,0,0,0,0,0,0,0,0,0,0,0,0,0,0,0,0,0,0,0,0,0,0,0,0,0,0
84002240,US,USA,840,2240.0,Southeast Fairbanks,Alaska,US,63.87692095,-143.2127643,"Southeast Fairbanks, Alaska, US",0,0,0,0,0,0,0,0,0,0,0,0,0,0,0,0,0,0,0,0,0,0,0,0,0,0,0,0,0,0,0,0,0,0,0,0,0,0,0,0,0,0,0,0,0,0,0,0,0,0,0,0,0,0,0,0,0,0,0,0,0,0,0,0,0,0,0,0,0,0,0,0,1,1,1,1,1,1,1,1,1,1,1,1,1,1,1,1,1,1,1,1,1,1,1,1,1,1,1,1,1,1,1,1,1,2,2,2,2,2,2,2,2,2,3,3,3,3,3,3,3,3,3,3,3,3,3,3,3,3,3,3,3,3,3,3,3,3,3,3,3,3,3,3,3,3,3,3,3,3,3,3
84002261,US,USA,840,2261.0,Valdez-Cordova,Alaska,US,61.47502768,-144.7126799,"Valdez-Cordova, Alaska, US",0,0,0,0,0,0,0,0,0,0,0,0,0,0,0,0,0,0,0,0,0,0,0,0,0,0,0,0,0,0,0,0,0,0,0,0,0,0,0,0,0,0,0,0,0,0,0,0,0,0,0,0,0,0,0,0,0,0,0,0,0,0,0,0,0,0,0,0,0,0,0,0,0,0,0,0,0,0,0,0,0,0,0,0,0,0,0,0,0,0,0,0,0,0,0,0,0,0,0,0,0,0,0,0,0,0,0,0,0,0,0,0,0,0,0,0,0,0,0,0,0,0,0,0,0,0,0,0,0,0,0,0,0,0,0,0,0,0,0,0,0,0,0,0,0,0,0,0,0,0,0,0
84002275,US,USA,840,2275.0,Wrangell,Alaska,US,56.3202004,-132.05837309999998,"Wrangell, Alaska, US",0,0,0,0,0,0,0,0,0,0,0,0,0,0,0,0,0,0,0,0,0,0,0,0,0,0,0,0,0,0,0,0,0,0,0,0,0,0,0,0,0,0,0,0,0,0,0,0,0,0,0,0,0,0,0,0,0,0,0,0,0,0,0,0,0,0,0,0,0,0,0,0,0,0,0,0,0,0,0,0,0,0,0,0,0,0,0,0,0,0,0,0,0,0,0,0,0,0,0,0,0,0,0,0,0,0,0,0,0,0,0,0,0,0,0,0,0,0,0,0,0,0,0,0,0,0,0,0,0,0,0,0,0,0,0,0,0,0,1,1,1,1,1,2,2,2,2,3,3,3,3,3
84002282,US,USA,840,2282.0,Yakutat,Alaska,US,59.890980799999994,-140.36014509999998,"Yakutat, Alaska, US",0,0,0,0,0,0,0,0,0,0,0,0,0,0,0,0,0,0,0,0,0,0,0,0,0,0,0,0,0,0,0,0,0,0,0,0,0,0,0,0,0,0,0,0,0,0,0,0,0,0,0,0,0,0,0,0,0,0,0,0,0,0,0,0,0,0,0,0,0,0,0,0,0,0,0,0,0,0,0,0,0,0,0,0,0,0,0,0,0,0,0,0,0,0,0,0,0,0,0,0,0,0,0,0,0,0,0,0,0,0,0,0,0,0,0,0,0,0,0,0,0,0,0,0,0,0,0,0,0,0,0,0,0,0,0,0,0,0,0,0,0,0,0,0,0,0,0,0,0,0,0,0
84002290,US,USA,840,2290.0,Yukon-Koyukuk,Alaska,US,65.50815459,-151.39073869999999,"Yukon-Koyukuk, Alaska, US",0,0,0,0,0,0,0,0,0,0,0,0,0,0,0,0,0,0,0,0,0,0,0,0,0,0,0,0,0,0,0,0,0,0,0,0,0,0,0,0,0,0,0,0,0,0,0,0,0,0,0,0,0,0,0,0,0,0,0,0,0,0,0,0,0,0,0,0,0,0,0,0,1,1,1,1,1,1,1,1,1,1,1,1,1,1,1,1,1,1,1,1,1,1,1,1,1,1,1,1,1,1,1,1,1,1,1,1,1,1,1,1,1,1,1,1,1,1,1,1,1,1,1,1,1,1,1,1,1,1,1,1,1,1,1,1,1,1,1,1,1,1,1,1,1,1,1,1,1,1,2,2
84004001,US,USA,840,4001.0,Apache,Arizona,US,35.39465006,-109.4892383,"Apache, Arizona, US",0,0,0,0,0,0,0,0,0,0,0,0,0,0,0,0,0,0,0,0,0,0,0,0,0,0,0,0,0,0,0,0,0,0,0,0,0,0,0,0,0,0,0,0,0,0,0,0,0,0,0,0,0,0,0,0,0,0,0,3,3,4,4,7,9,11,13,13,17,16,17,17,17,20,23,25,28,34,52,55,66,72,89,97,110,118,141,169,178,202,226,235,268,296,314,336,362,380,392,449,478,507,526,549,576,612,630,671,710,716,727,744,817,859,927,962,981,988,1023,1080,1121,1139,1144,1191,1191,1214,1250,1290,1414,1491,1524,1526,1569,1586,1637,1656,1692,1727,1732,1747,1811,1887,1927,1967,1972,1975,1996,1998,2059,2103,2116,2117
84004003,US,USA,840,4003.0,Cochise,Arizona,US,31.87934684,-109.7516088,"Cochise, Arizona, US",0,0,0,0,0,0,0,0,0,0,0,0,0,0,0,0,0,0,0,0,0,0,0,0,0,0,0,0,0,0,0,0,0,0,0,0,0,0,0,0,0,0,0,0,0,0,0,0,0,0,0,0,0,0,0,0,0,0,1,1,1,1,1,1,2,2,3,3,4,4,4,4,5,7,8,9,9,9,11,11,13,15,16,15,15,18,20,22,24,28,29,31,31,34,36,36,36,37,38,39,39,39,39,39,39,40,40,41,41,41,42,43,43,44,45,46,46,46,46,46,51,56,58,59,59,64,63,67,67,72,74,76,89,94,105,120,122,141,149,156,167,171,178,206,216,221,241,248,267,332,362,363
84004005,US,USA,840,4005.0,Coconino,Arizona,US,35.83883429,-111.77071780000001,"Coconino, Arizona, US",0,0,0,0,0,0,0,0,0,0,0,0,0,0,0,0,0,0,0,0,0,0,0,0,0,0,0,0,0,0,0,0,0,0,0,0,0,0,0,0,0,0,0,0,0,0,0,0,0,0,0,0,0,0,0,0,0,2,8,11,14,17,18,23,28,41,56,62,71,81,85,114,126,147,155,167,179,186,210,214,238,243,253,270,266,299,304,314,333,337,342,353,372,391,402,420,425,439,453,486,498,512,527,540,561,588,618,659,679,699,713,720,772,795,823,839,866,901,943,961,972,979,1000,1019,1028,1041,1066,1078,1104,1123,1151,1155,1173,1186,1221,1248,1267,1282,1290,1289,1310,1317,1345,1360,1368,1373,1393,1410,1439,1470,1490,1536
84004007,US,USA,840,4007.0,Gila,Arizona,US,33.80190085,-110.8132779,"Gila, Arizona, US",0,0,0,0,0,0,0,0,0,0,0,0,0,0,0,0,0,0,0,0,0,0,0,0,0,0,0,0,0,0,0,0,0,0,0,0,0,0,0,0,0,0,0,0,0,0,0,0,0,0,0,0,0,0,0,0,0,0,0,0,0,0,0,0,0,0,1,1,1,1,1,2,2,3,3,3,3,3,3,3,3,3,3,3,3,5,5,7,7,8,9,10,12,11,11,11,11,11,12,13,13,14,14,14,14,15,17,19,19,19,19,19,19,21,22,22,22,22,22,22,22,24,23,24,24,24,25,25,28,30,31,31,35,37,39,42,43,45,46,47,48,49,54,59,70,87,91,99,115,125,143,160
84004009,US,USA,840,4009.0,Graham,Arizona,US,32.93166885,-109.8882178,"Graham, Arizona, US",0,0,0,0,0,0,0,0,0,0,0,0,0,0,0,0,0,0,0,0,0,0,0,0,0,0,0,0,0,0,0,0,0,0,0,0,0,0,0,0,0,0,0,0,0,0,0,0,0,0,0,0,1,1,1,1,1,1,1,1,2,2,2,2,2,4,2,2,2,2,2,2,2,3,2,2,2,2,2,2,2,2,2,2,2,2,2,2,2,2,2,2,4,7,6,7,9,9,10,16,17,17,18,18,19,19,19,18,19,19,19,20,21,21,21,20,20,20,20,21,21,21,21,21,24,24,25,26,27,28,32,32,37,41,38,40,39,40,41,42,45,48,48,48,50,50,55,56,58,59,61,63
84004011,US,USA,840,4011.0,Greenlee,Arizona,US,33.21498827,-109.2405279,"Greenlee, Arizona, US",0,0,0,0,0,0,0,0,0,0,0,0,0,0,0,0,0,0,0,0,0,0,0,0,0,0,0,0,0,0,0,0,0,0,0,0,0,0,0,0,0,0,0,0,0,0,0,0,0,0,0,0,0,0,0,0,0,0,0,0,0,0,0,0,0,0,0,0,1,1,1,1,1,1,1,1,1,1,1,1,2,2,2,2,2,2,2,2,2,2,2,2,2,2,2,2,2,2,2,2,2,2,2,2,2,2,2,2,2,2,2,2,2,2,2,2,2,2,3,3,3,3,3,3,3,3,3,4,4,4,6,6,8,8,8,9,9,10,10,10,10,12,11,11,11,12,12,12,13,14,13,13
84004012,US,USA,840,4012.0,La Paz,Arizona,US,33.72854224,-113.98100290000001,"La Paz, Arizona, US",0,0,0,0,0,0,0,0,0,0,0,0,0,0,0,0,0,0,0,0,0,0,0,0,0,0,0,0,0,0,0,0,0,0,0,0,0,0,0,0,0,0,0,0,0,0,0,0,0,0,0,0,0,0,0,0,0,0,0,0,0,0,0,0,2,2,2,2,2,2,2,2,2,2,3,3,3,3,4,4,4,4,4,4,5,5,5,5,5,5,6,6,6,8,7,7,7,7,8,14,15,14,14,14,16,18,20,22,22,23,23,22,25,27,36,37,38,38,38,40,45,48,49,50,51,51,54,53,54,70,78,79,92,91,110,149,158,181,183,189,205,211,217,221,221,222,238,238,245,257,268,273
84004013,US,USA,840,4013.0,Maricopa,Arizona,US,33.34835867,-112.49181540000001,"Maricopa, Arizona, US",0,0,0,0,1,1,1,1,1,1,1,1,1,1,1,1,1,1,1,1,1,1,1,1,1,1,1,1,1,1,1,1,1,1,1,1,1,1,1,1,1,1,1,1,2,2,2,2,2,3,3,3,4,4,8,9,11,22,34,49,81,139,199,251,299,399,454,545,690,788,871,961,1049,1171,1326,1433,1495,1559,1689,1741,1891,1960,2020,2056,2146,2264,2404,2491,2589,2636,2738,2846,2970,3116,3234,3359,3457,3578,3723,3972,4156,4421,4585,4751,4929,5138,5196,5525,5779,5827,5988,6219,6341,6599,6821,7096,7240,7340,7482,7644,7835,7950,8177,8277,8379,8448,8627,8896,9112,9522,9815,9937,10536,11068,11229,12091,12761,13498,14003,14374,15282,16018,17010,17791,18692,19372,20775,22272,23880,25999,28303,30136
84004015,US,USA,840,4015.0,Mohave,Arizona,US,35.70471703,-113.7577902,"Mohave, Arizona, US",0,0,0,0,0,0,0,0,0,0,0,0,0,0,0,0,0,0,0,0,0,0,0,0,0,0,0,0,0,0,0,0,0,0,0,0,0,0,0,0,0,0,0,0,0,0,0,0,0,0,0,0,0,0,0,0,0,0,0,0,0,0,0,0,2,4,5,6,7,7,7,8,9,12,16,20,23,23,27,28,30,30,40,45,45,51,51,52,54,56,59,62,69,73,81,88,96,99,105,117,122,127,135,141,147,150,158,171,178,193,198,207,213,220,242,250,250,251,262,267,277,288,303,304,319,329,339,350,369,383,396,403,409,422,428,447,485,500,512,513,552,563,584,586,589,618,624,636,676,686,717,721
84004017,US,USA,840,4017.0,Navajo,Arizona,US,35.3997715,-110.3218983,"Navajo, Arizona, US",0,0,0,0,0,0,0,0,0,0,0,0,0,0,0,0,0,0,0,0,0,0,0,0,0,0,0,0,0,0,0,0,0,0,0,0,0,0,0,0,0,0,0,0,0,0,0,0,0,0,0,0,0,0,0,1,2,3,3,10,13,25,32,37,43,49,57,62,88,91,102,129,148,177,195,210,222,240,286,287,321,335,345,355,390,410,435,452,459,473,485,527,564,583,612,625,628,665,682,712,741,766,777,800,869,892,912,945,981,983,1006,1017,1099,1150,1177,1238,1273,1285,1320,1361,1421,1470,1491,1523,1543,1550,1652,1678,1752,1833,1866,1873,1957,1994,2042,2104,2152,2198,2229,2253,2388,2479,2512,2590,2619,2636,2749,2771,2874,2928,2984,3009
84004019,US,USA,840,4019.0,Pima,Arizona,US,32.0971334,-111.7890033,"Pima, Arizona, US",0,0,0,0,0,0,0,0,0,0,0,0,0,0,0,0,0,0,0,0,0,0,0,0,0,0,0,0,0,0,0,0,0,0,0,0,0,0,0,0,0,0,0,0,0,0,0,0,1,1,1,1,2,2,4,4,5,7,8,12,17,24,42,49,75,102,120,153,187,202,217,237,280,326,372,415,415,464,512,543,591,622,668,685,700,760,819,856,913,941,963,973,1026,1060,1090,1136,1164,1188,1215,1241,1267,1300,1326,1346,1379,1425,1465,1520,1554,1585,1602,1623,1661,1696,1750,1781,1814,1825,1888,1903,1944,1974,2002,2027,2046,2075,2119,2167,2234,2290,2368,2382,2496,2627,2669,2883,2950,3098,3154,3161,3350,3479,3628,3889,3910,3944,4329,4385,4682,5019,5313,5370
84004021,US,USA,840,4021.0,Pinal,Arizona,US,32.90525627,-111.3449483,"Pinal, Arizona, US",0,0,0,0,0,0,0,0,0,0,0,0,0,0,0,0,0,0,0,0,0,0,0,0,0,0,0,0,0,0,0,0,0,0,0,0,0,0,0,0,0,0,0,0,0,2,2,2,3,5,5,5,5,5,5,5,8,10,10,14,16,17,22,23,35,36,41,51,64,62,65,69,77,89,103,106,120,124,137,138,146,163,168,175,182,197,212,235,247,256,268,283,303,317,332,342,359,365,387,397,417,435,456,468,478,497,530,566,585,600,620,636,643,650,670,678,693,702,720,724,732,749,751,755,764,766,777,788,814,837,863,865,909,940,948,1018,1067,1112,1127,1164,1209,1281,1363,1500,1500,1568,1727,1793,1888,2130,2171,2357
84004023,US,USA,840,4023.0,Santa Cruz,Arizona,US,31.52508998,-110.8479088,"Santa Cruz, Arizona, US",0,0,0,0,0,0,0,0,0,0,0,0,0,0,0,0,0,0,0,0,0,0,0,0,0,0,0,0,0,0,0,0,0,0,0,0,0,0,0,0,0,0,0,0,0,0,0,0,0,0,0,0,0,0,0,0,0,0,1,1,1,1,1,1,2,2,2,2,2,2,3,3,3,4,4,4,5,6,7,7,8,8,10,10,12,14,14,16,19,20,23,28,28,30,30,30,30,31,31,33,33,34,34,34,35,37,38,38,40,44,45,51,50,62,69,72,75,78,97,102,123,131,143,169,186,187,188,225,262,297,330,330,365,438,462,503,530,599,615,633,688,805,833,914,970,988,1104,1165,1210,1293,1347,1413
84004025,US,USA,840,4025.0,Yavapai,Arizona,US,34.59933926,-112.5538588,"Yavapai, Arizona, US",0,0,0,0,0,0,0,0,0,0,0,0,0,0,0,0,0,0,0,0,0,0,0,0,0,0,0,0,0,0,0,0,0,0,0,0,0,0,0,0,0,0,0,0,0,0,0,0,0,0,0,0,0,0,0,0,0,0,1,1,3,3,3,4,5,9,13,12,15,21,24,34,35,43,45,49,57,58,62,62,63,63,65,70,66,68,69,72,72,71,72,73,75,75,76,76,77,77,79,79,82,87,89,93,126,140,152,170,175,177,180,206,227,243,254,260,262,267,269,273,273,284,284,285,288,291,292,294,295,296,297,297,300,304,307,314,326,327,330,340,348,359,367,374,374,374,384,387,402,417,436,456
84004027,US,USA,840,4027.0,Yuma,Arizona,US,32.76895712,-113.90666740000002,"Yuma, Arizona, US",0,0,0,0,0,0,0,0,0,0,0,0,0,0,0,0,0,0,0,0,0,0,0,0,0,0,0,0,0,0,0,0,0,0,0,0,0,0,0,0,0,0,0,0,0,0,0,0,0,0,0,0,0,0,0,0,0,0,1,1,1,2,2,3,4,4,4,5,6,9,12,13,13,14,13,13,13,14,15,16,15,20,20,20,20,24,28,29,29,31,32,42,42,42,53,59,62,67,72,85,89,89,98,115,115,134,148,159,176,191,199,207,283,285,310,363,363,443,443,459,508,508,604,670,670,797,838,936,936,982,1105,1137,1289,1520,1643,1815,1850,2231,2257,2378,2439,2588,2962,3144,3144,3404,3467,3467,3637,4078,4403,4604
84005001,US,USA,840,5001.0,Arkansas,Arkansas,US,34.29145151,-91.37277296,"Arkansas, Arkansas, US",0,0,0,0,0,0,0,0,0,0,0,0,0,0,0,0,0,0,0,0,0,0,0,0,0,0,0,0,0,0,0,0,0,0,0,0,0,0,0,0,0,0,0,0,0,0,0,0,0,0,0,0,0,0,0,0,0,0,0,0,0,0,0,0,0,0,0,0,1,1,1,1,1,1,1,1,1,1,2,2,2,2,2,2,2,2,2,2,2,2,2,2,2,2,2,2,2,2,2,2,2,2,3,3,2,2,2,2,2,2,2,2,2,2,2,2,2,2,2,2,2,2,2,3,3,3,3,3,4,5,6,7,7,7,7,7,7,7,7,7,7,7,7,7,8,8,8,14,16,18,19,19
84005003,US,USA,840,5003.0,Ashley,Arkansas,US,33.19153461,-91.76984709999999,"Ashley, Arkansas, US",0,0,0,0,0,0,0,0,0,0,0,0,0,0,0,0,0,0,0,0,0,0,0,0,0,0,0,0,0,0,0,0,0,0,0,0,0,0,0,0,0,0,0,0,0,0,0,0,0,0,0,0,0,0,0,0,0,0,0,0,0,0,0,0,0,0,0,1,1,1,1,1,1,1,1,1,5,5,8,9,10,10,11,11,11,11,11,11,11,12,12,13,13,13,13,13,13,13,13,15,16,16,16,16,15,17,17,17,17,18,18,18,18,18,18,18,18,18,19,19,19,19,19,19,19,19,19,19,19,19,19,19,20,20,26,29,29,32,32,34,34,35,38,40,41,45,47,48,51,51,52,53
84005005,US,USA,840,5005.0,Baxter,Arkansas,US,36.28784385,-92.33782872,"Baxter, Arkansas, US",0,0,0,0,0,0,0,0,0,0,0,0,0,0,0,0,0,0,0,0,0,0,0,0,0,0,0,0,0,0,0,0,0,0,0,0,0,0,0,0,0,0,0,0,0,0,0,0,0,0,0,0,0,0,0,0,0,0,0,0,0,0,0,0,0,0,1,1,1,1,1,1,1,1,1,1,1,1,4,4,4,4,4,4,4,4,4,5,5,5,5,5,5,5,5,5,5,5,5,5,5,5,5,5,5,5,5,5,5,5,5,5,5,6,6,6,6,6,6,6,6,6,6,6,7,8,8,9,9,11,12,12,12,12,12,12,13,13,13,13,14,14,14,14,14,14,14,14,14,14,14,14
84005007,US,USA,840,5007.0,Benton,Arkansas,US,36.33644656,-94.25680817,"Benton, Arkansas, US",0,0,0,0,0,0,0,0,0,0,0,0,0,0,0,0,0,0,0,0,0,0,0,0,0,0,0,0,0,0,0,0,0,0,0,0,0,0,0,0,0,0,0,0,0,0,0,0,0,0,0,0,0,0,0,0,0,0,0,0,1,1,1,1,18,23,28,31,35,38,39,40,42,42,43,42,42,45,47,47,47,48,50,60,62,61,62,62,62,62,66,68,70,77,79,93,94,94,101,102,107,112,112,112,110,111,113,116,116,123,123,127,131,136,139,144,149,150,155,163,190,212,237,284,297,315,339,428,468,507,578,607,676,700,804,826,883,956,1011,1090,1137,1219,1306,1362,1406,1480,1514,1612,1657,1841,1904,2003
84005009,US,USA,840,5009.0,Boone,Arkansas,US,36.3084504,-93.09374925,"Boone, Arkansas, US",0,0,0,0,0,0,0,0,0,0,0,0,0,0,0,0,0,0,0,0,0,0,0,0,0,0,0,0,0,0,0,0,0,0,0,0,0,0,0,0,0,0,0,0,0,0,0,0,0,0,0,0,0,0,0,0,0,0,0,0,1,1,1,1,1,1,1,1,1,1,1,1,1,1,1,1,1,1,3,3,3,3,3,3,3,3,3,3,3,3,3,4,4,4,4,5,5,5,5,5,5,4,4,4,4,4,4,4,4,4,4,4,4,4,4,4,4,4,5,5,5,5,6,6,6,6,6,6,6,6,6,6,6,7,7,7,7,7,7,7,7,7,9,9,9,10,10,10,10,10,11,11
84005011,US,USA,840,5011.0,Bradley,Arkansas,US,33.46755808,-92.15980837,"Bradley, Arkansas, US",0,0,0,0,0,0,0,0,0,0,0,0,0,0,0,0,0,0,0,0,0,0,0,0,0,0,0,0,0,0,0,0,0,0,0,0,0,0,0,0,0,0,0,0,0,0,0,0,0,0,0,0,0,0,0,0,0,0,0,0,1,4,4,4,4,4,4,4,4,4,4,4,4,4,4,4,5,5,6,6,6,7,7,7,7,7,7,7,7,7,7,7,7,7,7,8,8,8,11,12,12,11,11,11,11,11,11,11,11,11,11,11,12,12,13,15,15,15,14,14,15,16,16,17,17,18,18,18,18,18,22,22,22,23,23,26,28,30,32,32,34,34,34,34,34,35,35,35,35,35,37,38
84005013,US,USA,840,5013.0,Calhoun,Arkansas,US,33.55598792,-92.49974403,"Calhoun, Arkansas, US",0,0,0,0,0,0,0,0,0,0,0,0,0,0,0,0,0,0,0,0,0,0,0,0,0,0,0,0,0,0,0,0,0,0,0,0,0,0,0,0,0,0,0,0,0,0,0,0,0,0,0,0,0,0,0,0,0,0,0,0,0,0,0,0,0,0,0,0,0,0,0,0,0,0,0,0,0,0,0,0,0,0,0,0,0,0,0,0,0,0,0,0,0,0,0,0,0,0,0,0,0,0,0,0,0,0,0,0,0,0,0,0,0,0,0,0,0,0,0,0,0,0,0,0,0,0,0,0,0,0,0,0,0,0,0,0,0,0,0,0,0,0,0,0,0,0,0,0,0,0,0,0
84005015,US,USA,840,5015.0,Carroll,Arkansas,US,36.34038560000001,-93.54270261,"Carroll, Arkansas, US",0,0,0,0,0,0,0,0,0,0,0,0,0,0,0,0,0,0,0,0,0,0,0,0,0,0,0,0,0,0,0,0,0,0,0,0,0,0,0,0,0,0,0,0,0,0,0,0,0,0,0,0,0,0,0,0,0,0,0,0,0,0,0,0,0,0,0,0,0,0,0,1,1,1,1,1,1,1,2,2,2,2,2,2,2,2,2,2,2,2,2,2,2,3,4,4,4,5,5,5,5,6,6,6,6,6,6,6,6,6,6,6,6,6,6,6,5,6,6,6,8,9,10,10,15,17,21,24,24,24,24,25,29,29,30,33,35,38,38,40,42,56,66,70,80,88,92,95,100,102,126,129
84005017,US,USA,840,5017.0,Chicot,Arkansas,US,33.26458973,-91.29539209,"Chicot, Arkansas, US",0,0,0,0,0,0,0,0,0,0,0,0,0,0,0,0,0,0,0,0,0,0,0,0,0,0,0,0,0,0,0,0,0,0,0,0,0,0,0,0,0,0,0,0,0,0,0,0,0,0,0,0,0,0,0,0,0,0,0,0,0,0,0,0,0,1,1,1,1,1,2,2,2,2,2,2,2,2,4,4,5,5,5,7,7,7,7,7,7,7,7,7,7,7,8,9,9,9,9,9,9,9,9,9,9,10,10,10,10,10,10,10,10,10,10,10,10,11,11,11,12,12,12,13,13,14,14,15,15,15,15,15,16,16,16,19,21,23,26,26,30,32,40,43,49,54,58,62,66,67,70,81
84005019,US,USA,840,5019.0,Clark,Arkansas,US,34.04613432,-93.17484713,"Clark, Arkansas, US",0,0,0,0,0,0,0,0,0,0,0,0,0,0,0,0,0,0,0,0,0,0,0,0,0,0,0,0,0,0,0,0,0,0,0,0,0,0,0,0,0,0,0,0,0,0,0,0,0,0,0,0,0,0,0,0,0,0,0,0,1,7,6,12,15,17,18,17,21,24,24,26,27,27,27,27,27,27,27,27,27,27,26,26,27,27,27,27,27,27,27,27,27,28,29,28,27,27,27,30,30,31,31,32,32,32,32,32,32,33,33,34,35,35,35,35,35,35,35,35,35,36,36,36,36,37,37,38,39,39,39,39,39,41,40,40,40,40,41,41,41,43,45,45,45,48,48,50,50,50,50,51
84005021,US,USA,840,5021.0,Clay,Arkansas,US,36.36826212,-90.4148172,"Clay, Arkansas, US",0,0,0,0,0,0,0,0,0,0,0,0,0,0,0,0,0,0,0,0,0,0,0,0,0,0,0,0,0,0,0,0,0,0,0,0,0,0,0,0,0,0,0,0,0,0,0,0,0,0,0,0,0,0,0,0,0,0,0,0,0,0,0,0,0,0,0,0,0,0,0,0,0,0,0,0,1,1,1,1,1,1,1,1,1,1,1,1,1,1,1,1,1,1,2,2,2,3,3,3,3,3,3,3,3,3,3,3,3,3,4,3,3,3,3,3,3,4,4,4,4,4,4,4,4,4,4,4,4,4,4,4,5,5,5,5,6,6,6,7,8,9,9,18,20,20,22,23,24,31,33,40
84005023,US,USA,840,5023.0,Cleburne,Arkansas,US,35.53864922,-92.02640019,"Cleburne, Arkansas, US",0,0,0,0,0,0,0,0,0,0,0,0,0,0,0,0,0,0,0,0,0,0,0,0,0,0,0,0,0,0,0,0,0,0,0,0,0,0,0,0,0,0,0,0,0,0,0,0,0,0,0,0,0,0,0,0,0,0,0,0,3,27,32,40,47,49,50,50,56,61,62,63,64,65,64,65,66,67,69,69,69,70,70,70,70,70,70,70,70,71,71,71,71,72,72,72,72,72,73,73,73,73,73,73,72,72,72,72,72,72,72,72,72,72,72,72,72,72,72,73,73,73,73,73,73,73,73,73,73,73,73,74,74,76,76,74,74,74,75,75,74,74,74,75,75,75,75,75,76,76,77,77
84005025,US,USA,840,5025.0,Cleveland,Arkansas,US,33.89723187,-92.18537045,"Cleveland, Arkansas, US",0,0,0,0,0,0,0,0,0,0,0,0,0,0,0,0,0,0,0,0,0,0,0,0,0,0,0,0,0,0,0,0,0,0,0,0,0,0,0,0,0,0,0,0,0,0,0,0,0,0,0,0,0,0,0,0,0,0,0,0,0,3,3,3,3,3,5,5,5,5,5,5,5,5,5,7,7,7,8,8,8,8,8,8,8,8,8,8,8,8,8,8,8,8,9,10,10,10,10,11,11,11,11,11,11,11,12,13,13,13,13,13,15,15,16,16,16,16,17,17,17,18,18,18,18,18,18,18,19,19,19,19,19,19,19,19,19,19,19,19,19,19,19,19,20,20,20,20,20,22,22,25
84005027,US,USA,840,5027.0,Columbia,Arkansas,US,33.21230701,-93.22642793,"Columbia, Arkansas, US",0,0,0,0,0,0,0,0,0,0,0,0,0,0,0,0,0,0,0,0,0,0,0,0,0,0,0,0,0,0,0,0,0,0,0,0,0,0,0,0,0,0,0,0,0,0,0,0,0,0,0,0,0,0,0,0,0,0,0,0,1,1,1,1,1,1,1,1,1,1,1,1,1,1,1,1,1,1,3,3,3,3,3,3,4,4,4,4,5,5,5,5,5,6,6,6,9,12,12,13,13,13,13,13,13,15,15,15,15,15,15,15,15,15,15,15,15,16,18,20,20,20,20,20,20,20,20,20,21,25,23,23,22,22,23,23,23,23,25,26,26,27,27,27,28,28,29,28,29,31,32,38
84005029,US,USA,840,5029.0,Conway,Arkansas,US,35.26205537,-92.70506566,"Conway, Arkansas, US",0,0,0,0,0,0,0,0,0,0,0,0,0,0,0,0,0,0,0,0,0,0,0,0,0,0,0,0,0,0,0,0,0,0,0,0,0,0,0,0,0,0,0,0,0,0,0,0,0,0,0,0,0,0,0,0,0,0,0,0,1,1,1,1,1,1,1,1,1,1,1,1,1,1,1,1,1,1,4,4,4,4,4,4,5,5,5,5,5,5,5,5,8,10,10,11,12,12,13,13,13,13,13,13,13,13,13,13,13,13,13,13,14,14,14,14,14,14,14,14,14,14,14,14,14,14,14,14,14,14,14,14,14,14,15,15,15,15,15,16,16,16,19,19,21,24,24,24,25,26,29,34
84005031,US,USA,840,5031.0,Craighead,Arkansas,US,35.83018283,-90.63235729,"Craighead, Arkansas, US",0,0,0,0,0,0,0,0,0,0,0,0,0,0,0,0,0,0,0,0,0,0,0,0,0,0,0,0,0,0,0,0,0,0,0,0,0,0,0,0,0,0,0,0,0,0,0,0,0,0,0,0,0,0,0,0,0,0,0,0,1,4,4,4,4,4,4,6,6,8,11,12,14,16,18,20,22,23,28,29,31,31,36,36,38,40,40,42,43,44,45,48,55,58,62,62,68,70,73,74,80,81,81,84,85,88,92,92,92,97,98,103,113,127,130,137,140,141,147,153,170,174,181,185,188,190,191,203,206,212,220,228,249,257,266,279,300,302,305,318,331,337,346,352,358,363,365,369,372,385,388,396
84005033,US,USA,840,5033.0,Crawford,Arkansas,US,35.58928601,-94.2446814,"Crawford, Arkansas, US",0,0,0,0,0,0,0,0,0,0,0,0,0,0,0,0,0,0,0,0,0,0,0,0,0,0,0,0,0,0,0,0,0,0,0,0,0,0,0,0,0,0,0,0,0,0,0,0,0,0,0,0,0,0,0,0,0,0,0,0,0,1,1,1,1,1,1,1,1,1,1,1,1,1,1,1,1,1,3,3,3,3,4,4,4,4,4,4,4,4,4,4,4,4,4,4,4,4,4,4,4,5,5,5,4,4,5,5,5,5,5,8,8,8,9,11,11,11,12,12,12,12,13,13,14,17,17,17,18,24,29,30,31,34,35,35,39,41,42,43,43,47,51,51,56,61,65,69,75,83,91,97
84005035,US,USA,840,5035.0,Crittenden,Arkansas,US,35.21247318,-90.30839406,"Crittenden, Arkansas, US",0,0,0,0,0,0,0,0,0,0,0,0,0,0,0,0,0,0,0,0,0,0,0,0,0,0,0,0,0,0,0,0,0,0,0,0,0,0,0,0,0,0,0,0,0,0,0,0,0,0,0,0,0,0,0,0,0,0,0,0,1,1,1,6,7,9,14,17,17,17,29,32,37,43,50,53,58,61,74,86,89,93,103,116,121,122,127,133,139,142,145,147,156,167,169,171,174,177,180,187,188,193,197,196,197,202,203,205,205,210,210,212,216,219,229,230,234,237,241,250,267,276,280,285,293,297,301,318,341,367,380,386,395,413,426,436,452,463,465,473,489,500,508,517,522,537,545,554,562,573,577,588
84005037,US,USA,840,5037.0,Cross,Arkansas,US,35.29631396,-90.77185818,"Cross, Arkansas, US",0,0,0,0,0,0,0,0,0,0,0,0,0,0,0,0,0,0,0,0,0,0,0,0,0,0,0,0,0,0,0,0,0,0,0,0,0,0,0,0,0,0,0,0,0,0,0,0,0,0,0,0,0,0,0,0,0,0,0,0,0,0,1,1,1,1,1,1,1,1,1,1,1,5,5,5,5,5,6,6,6,6,7,7,7,7,8,8,8,8,8,9,11,11,11,16,16,16,16,17,21,21,24,25,25,27,27,27,27,29,29,31,34,35,35,35,35,36,39,40,41,42,42,42,42,46,46,48,50,51,52,52,56,56,60,60,60,61,63,65,67,72,74,75,76,79,79,79,81,82,82,82
84005039,US,USA,840,5039.0,Dallas,Arkansas,US,33.97042763,-92.65167437,"Dallas, Arkansas, US",0,0,0,0,0,0,0,0,0,0,0,0,0,0,0,0,0,0,0,0,0,0,0,0,0,0,0,0,0,0,0,0,0,0,0,0,0,0,0,0,0,0,0,0,0,0,0,0,0,0,0,0,0,0,0,0,0,0,0,0,0,0,0,0,0,0,0,0,0,0,0,0,0,0,0,1,1,1,1,1,1,1,1,1,1,1,1,1,1,1,1,1,1,1,1,1,1,1,1,1,1,1,1,1,1,1,1,1,1,1,1,1,1,1,1,1,1,1,1,1,1,1,1,1,1,1,1,1,1,1,1,1,3,3,3,3,3,3,3,3,3,3,3,3,3,3,4,4,4,4,6,6
84005041,US,USA,840,5041.0,Desha,Arkansas,US,33.83011025,-91.25500948,"Desha, Arkansas, US",0,0,0,0,0,0,0,0,0,0,0,0,0,0,0,0,0,0,0,0,0,0,0,0,0,0,0,0,0,0,0,0,0,0,0,0,0,0,0,0,0,0,0,0,0,0,0,0,0,0,0,0,0,0,0,0,0,0,0,0,0,2,2,2,2,2,2,2,2,2,2,2,2,2,5,5,5,5,5,6,6,6,6,6,6,6,6,6,7,7,7,9,14,16,16,16,16,16,16,16,16,16,16,16,16,17,17,16,16,16,17,17,17,18,18,18,18,18,18,18,18,18,19,19,19,19,19,19,19,19,19,19,19,19,19,19,20,20,20,20,20,20,20,20,22,22,23,25,25,26,28,29
84005043,US,USA,840,5043.0,Drew,Arkansas,US,33.59035001,-91.71777921,"Drew, Arkansas, US",0,0,0,0,0,0,0,0,0,0,0,0,0,0,0,0,0,0,0,0,0,0,0,0,0,0,0,0,0,0,0,0,0,0,0,0,0,0,0,0,0,0,0,0,0,0,0,0,0,0,0,0,0,0,0,0,0,0,0,0,0,0,0,0,1,1,1,1,1,1,1,1,1,1,1,5,5,5,5,5,6,6,6,6,6,6,6,6,6,6,6,7,10,13,13,13,13,13,14,16,16,15,16,16,16,19,19,19,19,19,19,19,19,19,19,19,19,19,19,19,19,19,19,19,19,19,19,19,19,19,20,20,20,20,20,21,21,21,21,21,23,25,25,25,26,26,26,27,29,32,34,37
84005045,US,USA,840,5045.0,Faulkner,Arkansas,US,35.14719007,-92.33717519,"Faulkner, Arkansas, US",0,0,0,0,0,0,0,0,0,0,0,0,0,0,0,0,0,0,0,0,0,0,0,0,0,0,0,0,0,0,0,0,0,0,0,0,0,0,0,0,0,0,0,0,0,0,0,0,0,0,0,0,0,0,0,0,0,0,0,0,2,10,14,23,24,27,29,30,30,36,36,37,40,40,46,47,52,55,55,56,57,59,57,58,58,59,59,60,62,62,62,64,67,67,70,73,75,75,76,76,76,76,77,77,77,78,81,81,81,82,82,82,83,83,88,91,93,94,95,95,98,98,100,100,100,100,100,101,102,102,102,102,103,106,108,108,110,113,117,119,124,136,142,147,154,172,180,195,205,227,246,269
84005047,US,USA,840,5047.0,Franklin,Arkansas,US,35.51202821,-93.89299569,"Franklin, Arkansas, US",0,0,0,0,0,0,0,0,0,0,0,0,0,0,0,0,0,0,0,0,0,0,0,0,0,0,0,0,0,0,0,0,0,0,0,0,0,0,0,0,0,0,0,0,0,0,0,0,0,0,0,0,0,0,0,0,0,0,0,0,0,0,0,0,0,0,0,0,0,0,0,0,0,0,0,0,1,1,1,1,1,1,1,2,1,1,1,1,1,1,1,1,1,1,1,1,2,2,2,2,2,2,2,2,2,2,2,2,2,2,2,2,2,2,2,2,2,2,2,2,2,2,4,4,4,4,4,4,4,4,4,4,4,4,4,5,5,5,5,5,5,6,6,6,6,6,9,9,9,10,10,12
84005049,US,USA,840,5049.0,Fulton,Arkansas,US,36.38177105,-91.81729127,"Fulton, Arkansas, US",0,0,0,0,0,0,0,0,0,0,0,0,0,0,0,0,0,0,0,0,0,0,0,0,0,0,0,0,0,0,0,0,0,0,0,0,0,0,0,0,0,0,0,0,0,0,0,0,0,0,0,0,0,0,0,0,0,0,0,0,0,0,0,0,0,0,0,0,0,0,0,0,0,0,0,0,0,0,0,0,0,0,0,0,0,0,0,0,0,0,0,0,1,1,1,1,1,1,1,1,1,1,1,1,3,3,3,3,3,3,3,3,3,3,3,3,4,4,4,4,4,6,6,6,6,6,6,7,7,7,7,7,7,7,7,7,7,7,8,7,8,8,9,9,9,9,9,9,9,9,9,9
84005051,US,USA,840,5051.0,Garland,Arkansas,US,34.57692074,-93.14921604,"Garland, Arkansas, US",0,0,0,0,0,0,0,0,0,0,0,0,0,0,0,0,0,0,0,0,0,0,0,0,0,0,0,0,0,0,0,0,0,0,0,0,0,0,0,0,0,0,0,0,0,0,0,0,0,0,0,0,0,0,0,0,0,0,0,0,3,9,10,16,18,20,20,25,26,31,32,37,37,40,41,41,46,51,61,66,72,81,101,102,103,105,107,106,107,108,109,109,109,110,111,111,114,115,115,116,117,117,118,117,117,117,118,118,118,119,119,120,121,126,127,129,129,130,130,130,131,132,133,133,134,134,135,136,136,136,136,136,136,138,138,138,140,140,142,150,153,154,154,161,162,165,165,168,170,172,177,177
84005053,US,USA,840,5053.0,Grant,Arkansas,US,34.29017991,-92.42320562,"Grant, Arkansas, US",0,0,0,0,0,0,0,0,0,0,0,0,0,0,0,0,0,0,0,0,0,0,0,0,0,0,0,0,0,0,0,0,0,0,0,0,0,0,0,0,0,0,0,0,0,0,0,0,0,0,0,0,0,0,0,0,0,0,0,0,1,3,3,3,3,3,3,3,3,3,3,3,3,3,3,3,3,5,7,7,9,10,10,10,11,11,11,11,11,11,11,11,11,11,11,11,12,12,13,14,14,14,14,14,14,14,14,15,15,15,15,15,16,16,16,16,16,16,16,16,16,16,16,16,16,16,17,18,18,18,18,18,18,18,18,18,18,19,19,22,22,22,23,24,24,24,24,24,24,24,25,26
84005055,US,USA,840,5055.0,Greene,Arkansas,US,36.11735460000001,-90.55832668,"Greene, Arkansas, US",0,0,0,0,0,0,0,0,0,0,0,0,0,0,0,0,0,0,0,0,0,0,0,0,0,0,0,0,0,0,0,0,0,0,0,0,0,0,0,0,0,0,0,0,0,0,0,0,0,0,0,0,0,0,0,0,0,0,0,0,1,1,1,1,1,1,1,1,1,1,1,1,1,1,1,1,1,6,6,6,6,6,6,6,6,6,6,9,8,8,9,10,13,14,14,16,16,16,16,16,16,16,19,19,21,21,22,22,22,23,23,24,24,24,24,24,24,24,25,29,34,42,45,45,50,54,54,60,63,64,64,64,65,66,66,67,67,67,67,67,67,68,69,71,72,73,74,76,78,87,89,93
84005057,US,USA,840,5057.0,Hempstead,Arkansas,US,33.73325583,-93.66935133,"Hempstead, Arkansas, US",0,0,0,0,0,0,0,0,0,0,0,0,0,0,0,0,0,0,0,0,0,0,0,0,0,0,0,0,0,0,0,0,0,0,0,0,0,0,0,0,0,0,0,0,0,0,0,0,0,0,0,0,0,0,0,0,0,0,0,0,0,0,1,1,1,1,0,0,1,1,1,1,1,1,1,1,1,1,3,3,4,5,5,4,4,4,4,4,5,5,5,5,5,5,5,5,5,6,6,6,6,6,6,7,7,7,7,7,7,7,7,7,7,7,9,9,9,9,9,10,12,11,13,13,13,14,14,14,15,16,18,18,21,20,21,23,27,29,30,33,34,33,33,34,36,39,40,40,41,43,44,44
84005059,US,USA,840,5059.0,Hot Spring,Arkansas,US,34.31709259,-92.95396325,"Hot Spring, Arkansas, US",0,0,0,0,0,0,0,0,0,0,0,0,0,0,0,0,0,0,0,0,0,0,0,0,0,0,0,0,0,0,0,0,0,0,0,0,0,0,0,0,0,0,0,0,0,0,0,0,0,0,0,0,0,0,0,0,0,0,0,0,0,0,0,1,1,1,1,1,1,1,1,5,5,5,7,7,7,7,8,8,8,8,8,8,8,8,8,8,8,8,8,8,9,9,9,10,10,15,16,19,19,19,20,20,20,22,22,22,22,26,26,27,28,29,29,29,29,29,29,29,29,29,29,30,30,30,30,31,32,32,32,32,32,33,34,34,34,34,34,34,34,37,37,38,42,42,43,44,46,46,53,53
84005061,US,USA,840,5061.0,Howard,Arkansas,US,34.09007427,-93.9934871,"Howard, Arkansas, US",0,0,0,0,0,0,0,0,0,0,0,0,0,0,0,0,0,0,0,0,0,0,0,0,0,0,0,0,0,0,0,0,0,0,0,0,0,0,0,0,0,0,0,0,0,0,0,0,0,0,0,0,0,0,0,0,0,0,0,0,0,0,0,0,0,0,1,1,1,1,1,1,1,1,5,5,5,5,5,6,6,8,9,9,10,12,12,12,14,14,14,14,13,13,13,13,13,13,13,13,13,13,13,14,14,14,14,14,14,14,14,14,14,14,14,14,14,14,14,14,14,15,15,16,17,17,17,18,19,20,21,21,25,26,26,27,28,31,33,36,35,38,38,38,38,41,42,45,47,54,62,68
84005063,US,USA,840,5063.0,Independence,Arkansas,US,35.74242707,-91.57001641,"Independence, Arkansas, US",0,0,0,0,0,0,0,0,0,0,0,0,0,0,0,0,0,0,0,0,0,0,0,0,0,0,0,0,0,0,0,0,0,0,0,0,0,0,0,0,0,0,0,0,0,0,0,0,0,0,0,0,0,0,0,0,0,0,0,0,1,3,3,3,3,3,3,3,3,3,3,3,3,3,5,5,5,5,5,5,5,5,6,6,6,6,7,7,8,8,8,8,8,9,9,9,9,9,9,9,10,10,10,11,11,11,12,12,12,17,17,17,19,22,23,25,25,26,26,27,27,27,29,28,28,29,29,29,30,31,31,31,34,33,33,33,33,33,36,36,36,37,39,39,42,42,43,43,43,44,44,46
84005065,US,USA,840,5065.0,Izard,Arkansas,US,36.09604046,-91.90847954,"Izard, Arkansas, US",0,0,0,0,0,0,0,0,0,0,0,0,0,0,0,0,0,0,0,0,0,0,0,0,0,0,0,0,0,0,0,0,0,0,0,0,0,0,0,0,0,0,0,0,0,0,0,0,0,0,0,0,0,0,0,0,0,0,0,0,0,0,0,0,0,0,0,0,0,0,0,0,0,0,0,0,1,1,1,1,1,1,2,2,2,2,2,2,2,2,2,2,2,3,3,5,5,5,5,5,6,6,9,9,10,11,11,11,11,11,13,13,13,13,13,13,13,13,14,14,14,14,14,15,15,15,15,16,16,16,16,16,17,17,17,17,17,17,17,17,17,17,17,19,20,20,20,20,20,20,20,20
84005067,US,USA,840,5067.0,Jackson,Arkansas,US,35.59802983,-91.21494602,"Jackson, Arkansas, US",0,0,0,0,0,0,0,0,0,0,0,0,0,0,0,0,0,0,0,0,0,0,0,0,0,0,0,0,0,0,0,0,0,0,0,0,0,0,0,0,0,0,0,0,0,0,0,0,0,0,0,0,0,0,0,0,0,0,0,0,0,0,0,0,0,0,0,0,0,0,0,0,0,0,0,0,0,0,0,0,0,0,0,1,1,1,1,1,1,1,1,1,1,1,1,1,1,1,1,1,1,1,1,1,1,1,1,1,1,1,1,1,1,1,1,1,1,1,1,1,1,1,1,1,1,1,1,1,1,1,3,3,4,4,5,5,6,6,7,7,14,14,15,16,15,16,16,20,20,20,21,21
84005069,US,USA,840,5069.0,Jefferson,Arkansas,US,34.26767081,-91.92619839,"Jefferson, Arkansas, US",0,0,0,0,0,0,0,0,0,0,0,0,0,0,0,0,0,0,0,0,0,0,0,0,0,0,0,0,0,0,0,0,0,0,0,0,0,0,0,0,0,0,0,0,0,0,0,0,0,0,0,0,3,3,3,3,3,3,3,3,9,21,21,22,23,23,25,25,26,33,42,49,51,53,59,62,69,78,90,91,91,95,100,105,106,109,113,114,118,126,126,135,142,145,149,153,160,162,168,169,177,178,184,195,199,217,223,226,226,234,238,273,280,300,310,362,491,491,497,499,500,501,504,504,504,510,510,515,516,517,521,523,529,532,536,545,547,548,554,559,573,578,625,628,630,633,633,634,637,640,644,650
84005071,US,USA,840,5071.0,Johnson,Arkansas,US,35.56759135,-93.46036368,"Johnson, Arkansas, US",0,0,0,0,0,0,0,0,0,0,0,0,0,0,0,0,0,0,0,0,0,0,0,0,0,0,0,0,0,0,0,0,0,0,0,0,0,0,0,0,0,0,0,0,0,0,0,0,0,0,0,0,0,0,0,0,0,0,0,0,0,0,0,0,0,0,1,1,1,1,1,6,7,7,7,8,11,11,11,12,13,13,13,19,16,18,20,21,22,22,22,22,26,26,26,29,30,29,29,31,31,31,31,31,31,31,33,34,34,34,34,35,35,35,35,35,35,35,35,35,36,36,38,38,38,38,38,40,42,43,43,48,49,48,54,55,57,66,66,69,71,75,78,84,88,92,93,99,107,121,135,146
84005073,US,USA,840,5073.0,Lafayette,Arkansas,US,33.24116713,-93.60677071,"Lafayette, Arkansas, US",0,0,0,0,0,0,0,0,0,0,0,0,0,0,0,0,0,0,0,0,0,0,0,0,0,0,0,0,0,0,0,0,0,0,0,0,0,0,0,0,0,0,0,0,0,0,0,0,0,0,0,0,0,0,0,0,0,0,0,0,0,0,0,0,0,0,0,0,0,0,0,0,0,1,1,1,1,1,2,2,2,2,3,3,4,5,5,4,4,4,4,4,6,6,6,6,7,7,7,7,8,8,8,8,8,9,9,9,9,9,9,9,9,9,9,9,9,9,9,9,9,9,9,9,9,9,9,9,9,9,9,9,9,9,9,9,9,10,10,10,10,10,10,11,11,11,11,12,12,13,13,13
84005075,US,USA,840,5075.0,Lawrence,Arkansas,US,36.04188196,-91.10867198,"Lawrence, Arkansas, US",0,0,0,0,0,0,0,0,0,0,0,0,0,0,0,0,0,0,0,0,0,0,0,0,0,0,0,0,0,0,0,0,0,0,0,0,0,0,0,0,0,0,0,0,0,0,0,0,0,0,0,0,0,0,0,0,0,0,0,0,0,1,1,0,1,1,1,1,1,1,1,1,1,1,1,1,1,1,9,9,10,11,11,11,11,12,24,25,26,26,26,29,37,38,41,42,43,45,46,59,59,60,66,67,67,69,69,69,69,70,69,71,71,72,72,73,73,73,77,77,79,81,82,82,82,82,82,82,82,84,84,84,85,85,87,87,89,89,89,89,89,89,90,90,91,91,91,92,92,93,93,93
84005077,US,USA,840,5077.0,Lee,Arkansas,US,34.78498904,-90.78383866,"Lee, Arkansas, US",0,0,0,0,0,0,0,0,0,0,0,0,0,0,0,0,0,0,0,0,0,0,0,0,0,0,0,0,0,0,0,0,0,0,0,0,0,0,0,0,0,0,0,0,0,0,0,0,0,0,0,0,0,0,0,0,0,0,0,0,0,0,0,0,0,0,0,0,0,0,0,1,1,1,1,1,1,1,2,2,2,2,2,2,3,3,3,3,3,3,3,3,3,3,3,3,3,3,3,3,3,3,3,3,4,4,4,4,4,5,5,9,9,10,10,10,11,12,12,12,13,13,14,15,17,17,17,18,18,19,20,21,23,24,27,30,32,36,49,97,120,120,317,481,545,543,545,569,571,570,572,574
84005079,US,USA,840,5079.0,Lincoln,Arkansas,US,33.95317155,-91.74002806,"Lincoln, Arkansas, US",0,0,0,0,0,0,0,0,0,0,0,0,0,0,0,0,0,0,0,0,0,0,0,0,0,0,0,0,0,0,0,0,0,0,0,0,0,0,0,0,0,0,0,0,0,0,0,0,0,0,0,0,0,0,0,0,0,0,0,0,0,2,2,2,5,5,6,6,6,6,6,6,6,6,7,7,10,11,10,10,10,11,56,56,59,61,94,110,111,258,258,445,630,707,721,727,754,755,756,814,816,817,822,842,853,883,899,907,907,937,941,942,942,949,952,955,955,965,965,966,966,966,970,974,975,975,975,975,975,978,982,983,983,984,985,985,985,985,985,985,985,986,986,987,995,995,995,995,995,1023,1036,1036
84005081,US,USA,840,5081.0,Little River,Arkansas,US,33.70375665,-94.23468591,"Little River, Arkansas, US",0,0,0,0,0,0,0,0,0,0,0,0,0,0,0,0,0,0,0,0,0,0,0,0,0,0,0,0,0,0,0,0,0,0,0,0,0,0,0,0,0,0,0,0,0,0,0,0,0,0,0,0,0,0,0,0,0,0,0,0,0,0,0,0,0,0,0,0,0,0,0,0,0,0,0,0,0,0,0,0,0,0,0,0,0,0,0,0,0,0,0,0,0,0,0,0,0,0,0,0,0,0,0,0,0,0,0,0,0,0,0,0,0,0,0,1,1,1,1,1,1,1,1,2,4,5,5,6,6,6,6,6,8,9,10,14,17,25,26,28,31,33,33,34,34,34,34,34,34,35,35,35
84005083,US,USA,840,5083.0,Logan,Arkansas,US,35.21413234,-93.71951016,"Logan, Arkansas, US",0,0,0,0,0,0,0,0,0,0,0,0,0,0,0,0,0,0,0,0,0,0,0,0,0,0,0,0,0,0,0,0,0,0,0,0,0,0,0,0,0,0,0,0,0,0,0,0,0,0,0,0,0,0,0,0,0,0,0,0,0,0,0,0,0,0,0,0,0,0,0,0,0,0,0,0,1,1,1,1,2,2,2,2,2,2,2,3,3,3,3,3,3,3,3,3,3,3,3,3,3,3,3,3,2,3,3,3,3,3,3,3,4,4,4,4,4,4,4,4,4,4,4,4,4,4,4,4,5,6,6,7,8,10,11,12,12,12,13,14,14,15,17,18,19,20,20,20,21,21,24,28
84005085,US,USA,840,5085.0,Lonoke,Arkansas,US,34.75392199,-91.88742357,"Lonoke, Arkansas, US",0,0,0,0,0,0,0,0,0,0,0,0,0,0,0,0,0,0,0,0,0,0,0,0,0,0,0,0,0,0,0,0,0,0,0,0,0,0,0,0,0,0,0,0,0,0,0,0,0,0,0,0,0,0,0,0,0,0,0,0,0,0,0,0,1,1,1,1,1,1,6,7,15,16,16,17,23,23,26,26,27,30,29,29,30,30,30,30,26,26,26,27,30,31,33,38,39,40,41,41,41,41,43,44,44,44,44,44,44,45,45,44,43,44,45,45,45,45,46,46,46,46,46,46,46,46,45,46,47,47,48,49,54,55,56,57,57,59,60,63,64,67,69,70,71,73,75,78,80,84,86,88
84005087,US,USA,840,5087.0,Madison,Arkansas,US,36.01038185,-93.72524943,"Madison, Arkansas, US",0,0,0,0,0,0,0,0,0,0,0,0,0,0,0,0,0,0,0,0,0,0,0,0,0,0,0,0,0,0,0,0,0,0,0,0,0,0,0,0,0,0,0,0,0,0,0,0,0,0,0,0,0,0,0,0,0,0,0,0,0,0,0,0,0,0,0,0,0,0,0,0,0,0,0,0,0,0,1,1,1,1,1,1,1,1,1,1,1,1,1,1,1,1,1,1,1,1,1,1,1,1,1,1,1,1,1,1,1,1,1,1,1,1,1,1,1,1,2,2,2,3,3,3,5,6,6,6,13,22,23,23,29,30,34,43,50,54,54,57,58,67,99,107,111,119,122,128,128,137,142,146
84005089,US,USA,840,5089.0,Marion,Arkansas,US,36.26844485,-92.68451899,"Marion, Arkansas, US",0,0,0,0,0,0,0,0,0,0,0,0,0,0,0,0,0,0,0,0,0,0,0,0,0,0,0,0,0,0,0,0,0,0,0,0,0,0,0,0,0,0,0,0,0,0,0,0,0,0,0,0,0,0,0,0,0,0,0,0,0,0,0,0,0,0,0,0,0,0,0,0,0,0,0,0,0,0,0,0,1,1,1,1,1,1,1,1,1,1,1,1,1,1,1,1,1,1,1,1,1,1,1,1,1,1,1,1,1,1,1,1,1,1,1,1,1,1,1,1,1,1,1,1,1,1,1,1,1,1,2,2,2,2,2,2,2,2,2,2,2,2,2,2,2,2,2,2,2,2,2,2
84005091,US,USA,840,5091.0,Miller,Arkansas,US,33.31403423,-93.89285258,"Miller, Arkansas, US",0,0,0,0,0,0,0,0,0,0,0,0,0,0,0,0,0,0,0,0,0,0,0,0,0,0,0,0,0,0,0,0,0,0,0,0,0,0,0,0,0,0,0,0,0,0,0,0,0,0,0,0,0,0,0,0,0,0,0,0,0,0,0,0,0,0,0,0,0,0,1,7,8,8,8,8,13,16,19,20,22,22,24,28,28,29,29,29,29,30,30,30,31,32,32,32,33,33,33,34,34,34,35,35,35,35,35,36,36,36,37,38,40,40,42,42,42,42,42,42,42,42,42,42,42,42,42,42,42,43,44,45,47,49,50,52,53,54,59,59,60,64,66,69,69,71,73,77,77,78,87,91
84005093,US,USA,840,5093.0,Mississippi,Arkansas,US,35.76271485,-90.05194370000002,"Mississippi, Arkansas, US",0,0,0,0,0,0,0,0,0,0,0,0,0,0,0,0,0,0,0,0,0,0,0,0,0,0,0,0,0,0,0,0,0,0,0,0,0,0,0,0,0,0,0,0,0,0,0,0,0,0,0,0,0,0,0,0,0,0,0,0,0,0,0,0,0,0,0,0,0,0,0,0,1,1,1,1,1,1,6,6,7,7,7,7,7,8,8,8,8,9,9,9,10,10,11,11,13,14,15,19,20,20,20,23,41,42,42,47,47,52,52,53,54,55,58,61,61,62,65,66,69,70,70,70,70,72,72,73,73,75,75,76,78,78,79,79,79,80,83,85,86,86,89,91,95,96,98,102,105,107,110,114
84005095,US,USA,840,5095.0,Monroe,Arkansas,US,34.6815935,-91.20540287,"Monroe, Arkansas, US",0,0,0,0,0,0,0,0,0,0,0,0,0,0,0,0,0,0,0,0,0,0,0,0,0,0,0,0,0,0,0,0,0,0,0,0,0,0,0,0,0,0,0,0,0,0,0,0,0,0,0,0,0,0,0,0,0,0,0,0,0,0,0,0,0,0,0,0,0,0,0,0,1,1,1,1,1,1,1,1,1,2,2,2,2,2,2,2,3,4,4,4,4,4,4,4,4,4,4,4,4,4,4,4,4,4,4,4,4,5,5,5,5,5,5,5,5,5,5,5,5,5,5,5,5,5,5,5,5,5,5,5,5,6,6,5,5,5,5,5,5,5,5,7,7,7,7,7,7,7,7,7
84005097,US,USA,840,5097.0,Montgomery,Arkansas,US,34.53704874,-93.65824478,"Montgomery, Arkansas, US",0,0,0,0,0,0,0,0,0,0,0,0,0,0,0,0,0,0,0,0,0,0,0,0,0,0,0,0,0,0,0,0,0,0,0,0,0,0,0,0,0,0,0,0,0,0,0,0,0,0,0,0,0,0,0,0,0,0,0,0,0,0,0,0,0,0,0,0,0,0,0,0,0,0,0,0,0,0,0,0,0,0,0,0,0,0,0,0,0,0,0,0,0,0,0,0,0,1,1,1,1,1,1,1,1,1,1,1,1,1,1,1,1,1,1,1,1,1,1,1,1,1,1,1,1,1,1,2,2,2,2,2,2,2,2,2,2,2,2,3,3,2,2,2,2,2,2,2,2,2,2,2
84005099,US,USA,840,5099.0,Nevada,Arkansas,US,33.66340119,-93.30632432,"Nevada, Arkansas, US",0,0,0,0,0,0,0,0,0,0,0,0,0,0,0,0,0,0,0,0,0,0,0,0,0,0,0,0,0,0,0,0,0,0,0,0,0,0,0,0,0,0,0,0,0,0,0,0,0,0,0,0,0,0,0,0,0,0,0,0,0,0,0,0,0,0,0,1,1,1,1,1,1,1,1,1,1,1,1,1,1,1,1,1,1,1,1,1,1,1,1,1,1,1,1,1,1,1,1,1,1,1,1,2,2,2,3,3,3,3,3,3,3,3,4,4,4,4,4,4,4,4,4,4,4,4,5,5,5,5,6,7,7,7,9,10,50,56,59,68,70,71,73,74,80,83,83,86,87,87,87,87
84005101,US,USA,840,5101.0,Newton,Arkansas,US,35.91947491,-93.21612969,"Newton, Arkansas, US",0,0,0,0,0,0,0,0,0,0,0,0,0,0,0,0,0,0,0,0,0,0,0,0,0,0,0,0,0,0,0,0,0,0,0,0,0,0,0,0,0,0,0,0,0,0,0,0,0,0,0,0,0,0,0,0,0,0,0,0,0,0,0,0,0,0,0,0,0,1,1,1,1,1,1,1,1,1,1,1,1,1,1,1,1,1,2,2,2,2,2,2,3,3,3,3,3,3,3,3,3,3,3,3,3,3,3,3,3,3,3,3,3,3,3,3,3,3,3,3,3,3,3,3,3,3,3,3,3,3,3,3,3,3,3,3,3,3,3,3,3,3,3,3,3,3,3,3,3,3,3,4
84005103,US,USA,840,5103.0,Ouachita,Arkansas,US,33.58839816,-92.87795984,"Ouachita, Arkansas, US",0,0,0,0,0,0,0,0,0,0,0,0,0,0,0,0,0,0,0,0,0,0,0,0,0,0,0,0,0,0,0,0,0,0,0,0,0,0,0,0,0,0,0,0,0,0,0,0,0,0,0,0,0,0,0,0,0,0,0,0,0,0,0,0,0,0,0,0,0,0,0,0,0,1,1,1,1,1,5,5,5,5,5,5,5,5,5,5,5,5,5,5,5,5,5,5,6,6,6,6,7,7,7,7,7,7,8,8,8,9,9,8,9,9,9,10,10,10,10,10,10,10,10,10,10,10,10,10,10,10,10,10,10,10,11,12,12,14,14,13,12,12,13,13,14,15,16,17,17,17,17,17
84005105,US,USA,840,5105.0,Perry,Arkansas,US,34.945915299999996,-92.94372564,"Perry, Arkansas, US",0,0,0,0,0,0,0,0,0,0,0,0,0,0,0,0,0,0,0,0,0,0,0,0,0,0,0,0,0,0,0,0,0,0,0,0,0,0,0,0,0,0,0,0,0,0,0,0,0,0,0,0,0,0,0,0,0,0,0,0,0,0,0,0,0,0,0,0,1,1,1,1,1,1,1,1,1,1,2,2,2,2,2,2,2,2,3,3,3,3,3,3,3,6,6,6,6,6,6,7,7,7,7,7,7,7,7,7,7,8,8,8,8,10,12,12,12,12,12,12,12,12,12,13,13,13,14,14,14,14,14,14,14,14,14,14,15,15,15,15,15,15,15,16,16,16,16,16,17,24,25,20
84005107,US,USA,840,5107.0,Phillips,Arkansas,US,34.43268455,-90.84800154,"Phillips, Arkansas, US",0,0,0,0,0,0,0,0,0,0,0,0,0,0,0,0,0,0,0,0,0,0,0,0,0,0,0,0,0,0,0,0,0,0,0,0,0,0,0,0,0,0,0,0,0,0,0,0,0,0,0,0,0,0,0,0,0,0,0,0,0,0,0,0,0,0,0,0,0,0,0,0,0,0,1,1,1,1,2,3,3,3,4,4,4,4,4,4,4,4,4,4,4,4,4,4,5,5,5,5,5,5,6,6,5,5,5,4,4,4,4,4,4,4,4,4,5,5,5,5,6,7,7,9,9,9,12,12,19,20,21,22,24,24,25,25,26,26,27,30,30,31,32,36,39,49,52,53,64,75,79,79
84005109,US,USA,840,5109.0,Pike,Arkansas,US,34.16250414,-93.65789349,"Pike, Arkansas, US",0,0,0,0,0,0,0,0,0,0,0,0,0,0,0,0,0,0,0,0,0,0,0,0,0,0,0,0,0,0,0,0,0,0,0,0,0,0,0,0,0,0,0,0,0,0,0,0,0,0,0,0,0,0,0,0,0,0,0,0,0,0,1,1,1,1,1,1,1,1,1,1,1,1,1,1,1,1,2,2,2,2,2,2,2,2,2,2,2,2,2,3,3,3,3,3,3,3,3,3,3,3,3,3,3,3,3,3,3,3,3,3,3,3,3,3,3,3,3,3,4,4,4,4,4,5,5,5,5,5,5,5,5,5,5,6,6,6,6,6,6,6,6,7,7,7,7,7,7,7,7,7
84005111,US,USA,840,5111.0,Poinsett,Arkansas,US,35.57433534,-90.66268713,"Poinsett, Arkansas, US",0,0,0,0,0,0,0,0,0,0,0,0,0,0,0,0,0,0,0,0,0,0,0,0,0,0,0,0,0,0,0,0,0,0,0,0,0,0,0,0,0,0,0,0,0,0,0,0,0,0,0,0,0,0,0,0,0,0,0,0,1,3,3,3,3,3,3,3,3,5,5,5,5,5,5,5,6,6,6,7,7,7,7,7,7,9,10,10,10,10,10,11,13,14,14,16,18,18,19,22,23,23,23,23,25,25,25,25,25,25,25,25,25,25,25,26,26,27,28,28,30,31,31,31,30,30,31,31,31,33,33,33,37,38,40,41,42,44,44,44,44,46,50,50,50,51,51,52,52,52,53,53
84005113,US,USA,840,5113.0,Polk,Arkansas,US,34.48254879,-94.22728802,"Polk, Arkansas, US",0,0,0,0,0,0,0,0,0,0,0,0,0,0,0,0,0,0,0,0,0,0,0,0,0,0,0,0,0,0,0,0,0,0,0,0,0,0,0,0,0,0,0,0,0,0,0,0,0,0,0,0,0,0,0,0,0,0,0,0,1,1,1,1,1,1,1,1,1,1,1,5,5,5,5,5,5,6,6,6,6,6,6,6,6,6,7,7,7,7,7,7,7,7,7,7,8,8,8,8,8,7,8,8,7,7,7,7,7,7,7,7,7,7,7,7,8,8,8,9,9,9,9,10,11,12,11,12,17,17,19,21,26,28,28,29,33,41,45,45,47,48,48,51,53,56,58,60,60,62,63,64
84005115,US,USA,840,5115.0,Pope,Arkansas,US,35.44871474,-93.03212219,"Pope, Arkansas, US",0,0,0,0,0,0,0,0,0,0,0,0,0,0,0,0,0,0,0,0,0,0,0,0,0,0,0,0,0,0,0,0,0,0,0,0,0,0,0,0,0,0,0,0,0,0,0,0,0,0,0,0,0,0,0,0,0,0,0,0,1,1,1,1,1,1,1,1,1,5,6,6,8,8,11,13,17,20,23,23,26,30,31,31,31,33,33,35,35,35,35,35,37,37,37,41,42,42,43,43,43,44,44,44,45,46,47,47,47,47,48,48,51,52,61,63,73,76,76,79,92,100,107,113,119,124,125,129,136,142,148,161,166,171,178,184,197,204,213,218,222,232,234,245,256,281,285,291,301,304,322,326
84005117,US,USA,840,5117.0,Prairie,Arkansas,US,34.83624419,-91.55162157,"Prairie, Arkansas, US",0,0,0,0,0,0,0,0,0,0,0,0,0,0,0,0,0,0,0,0,0,0,0,0,0,0,0,0,0,0,0,0,0,0,0,0,0,0,0,0,0,0,0,0,0,0,0,0,0,0,0,0,0,0,0,0,0,0,0,0,0,0,0,0,0,0,0,0,0,0,0,0,0,1,1,1,1,1,2,2,2,2,2,2,2,2,2,2,2,2,2,2,2,2,2,2,2,2,2,2,2,2,2,2,2,2,2,2,2,2,2,2,2,2,2,2,2,2,2,2,2,2,2,2,2,2,2,2,2,2,2,2,3,3,3,3,4,5,5,5,5,5,6,7,7,7,9,12,12,12,12,13
84005119,US,USA,840,5119.0,Pulaski,Arkansas,US,34.77054088,-92.31355101,"Pulaski, Arkansas, US",0,0,0,0,0,0,0,0,0,0,0,0,0,0,0,0,0,0,0,0,0,0,0,0,0,0,0,0,0,0,0,0,0,0,0,0,0,0,0,0,0,0,0,0,0,0,0,0,0,0,0,0,0,0,0,0,0,0,0,0,4,61,64,78,83,88,92,93,94,102,107,115,130,137,157,161,175,179,210,225,249,256,273,297,343,355,360,368,377,388,390,404,427,440,471,478,484,490,500,518,527,539,550,551,565,576,588,603,603,627,630,640,647,661,669,683,686,693,713,724,740,761,773,785,793,802,808,830,846,876,888,903,969,1003,1039,1065,1091,1103,1118,1131,1188,1225,1241,1266,1289,1302,1343,1365,1394,1445,1499,1514
84005121,US,USA,840,5121.0,Randolph,Arkansas,US,36.3415714,-91.02455531,"Randolph, Arkansas, US",0,0,0,0,0,0,0,0,0,0,0,0,0,0,0,0,0,0,0,0,0,0,0,0,0,0,0,0,0,0,0,0,0,0,0,0,0,0,0,0,0,0,0,0,0,0,0,0,0,0,0,0,0,0,0,0,0,0,0,0,0,0,0,0,1,1,1,1,1,1,1,1,1,1,1,1,1,6,7,7,8,8,8,8,9,9,10,11,11,14,14,14,14,15,15,16,16,17,17,17,18,18,18,19,19,21,21,21,21,21,22,22,22,22,22,22,22,22,23,24,24,25,26,26,26,26,26,26,26,26,26,26,26,26,26,26,26,26,26,26,27,28,28,28,28,28,29,29,29,31,34,34
84005123,US,USA,840,5123.0,St. Francis,Arkansas,US,35.02201976,-90.74828138,"St. Francis, Arkansas, US",0,0,0,0,0,0,0,0,0,0,0,0,0,0,0,0,0,0,0,0,0,0,0,0,0,0,0,0,0,0,0,0,0,0,0,0,0,0,0,0,0,0,0,0,0,0,0,0,0,0,0,0,0,0,0,0,0,0,0,0,0,0,0,0,0,0,0,0,0,1,1,1,1,1,10,11,27,29,31,31,31,32,34,45,45,63,63,64,64,65,65,66,69,74,75,80,81,82,83,83,84,87,93,95,95,98,104,108,108,278,279,305,310,316,333,335,341,349,362,365,600,621,628,634,639,651,655,660,664,672,672,676,682,687,691,694,744,753,755,761,764,768,767,771,775,778,779,779,781,783,791,791
84005125,US,USA,840,5125.0,Saline,Arkansas,US,34.64916145,-92.67583224,"Saline, Arkansas, US",0,0,0,0,0,0,0,0,0,0,0,0,0,0,0,0,0,0,0,0,0,0,0,0,0,0,0,0,0,0,0,0,0,0,0,0,0,0,0,0,0,0,0,0,0,0,0,0,0,0,0,0,0,0,0,0,0,0,0,0,1,4,4,4,4,4,4,6,6,10,13,16,19,21,27,29,33,33,31,31,32,32,32,33,34,36,37,41,43,45,45,47,51,54,54,55,56,57,59,67,67,67,68,68,67,67,70,72,72,73,73,75,76,78,80,81,82,82,82,82,83,83,87,97,98,100,99,108,110,112,112,113,116,121,120,123,130,135,147,150,159,163,166,167,174,181,184,189,190,195,200,209
84005127,US,USA,840,5127.0,Scott,Arkansas,US,34.85588887,-94.0632176,"Scott, Arkansas, US",0,0,0,0,0,0,0,0,0,0,0,0,0,0,0,0,0,0,0,0,0,0,0,0,0,0,0,0,0,0,0,0,0,0,0,0,0,0,0,0,0,0,0,0,0,0,0,0,0,0,0,0,0,0,0,0,0,0,0,0,0,0,0,0,0,0,0,0,0,0,1,1,1,1,1,1,1,1,1,1,1,1,1,1,1,1,1,1,1,1,1,1,1,1,1,1,1,1,1,1,1,1,1,1,1,1,1,1,1,1,1,1,1,1,1,1,1,1,1,1,1,1,1,1,1,1,1,1,1,1,1,1,1,1,1,1,1,1,2,2,2,2,2,2,3,5,5,5,6,7,8,8
84005129,US,USA,840,5129.0,Searcy,Arkansas,US,35.9109364,-92.69936482,"Searcy, Arkansas, US",0,0,0,0,0,0,0,0,0,0,0,0,0,0,0,0,0,0,0,0,0,0,0,0,0,0,0,0,0,0,0,0,0,0,0,0,0,0,0,0,0,0,0,0,0,0,0,0,0,0,0,0,0,0,0,0,0,0,0,0,1,2,2,2,2,2,2,2,2,2,2,2,2,2,5,5,6,6,6,6,6,6,6,6,6,6,6,6,6,6,6,6,6,6,6,6,6,6,6,6,6,6,6,6,6,6,6,6,6,6,6,6,6,6,6,6,6,6,6,6,6,6,6,6,6,7,7,7,7,7,7,7,7,7,7,7,7,7,7,7,7,7,7,7,7,7,7,7,7,7,7,7
84005131,US,USA,840,5131.0,Sebastian,Arkansas,US,35.19605503,-94.27162713,"Sebastian, Arkansas, US",0,0,0,0,0,0,0,0,0,0,0,0,0,0,0,0,0,0,0,0,0,0,0,0,0,0,0,0,0,0,0,0,0,0,0,0,0,0,0,0,0,0,0,0,0,0,0,0,0,0,0,0,0,0,0,0,0,0,0,0,1,1,1,2,2,2,2,2,5,7,8,8,8,8,8,8,8,9,9,9,10,10,11,11,11,11,11,11,11,11,11,11,12,12,12,12,12,12,12,13,13,13,13,13,13,14,14,14,14,15,15,15,15,15,15,15,16,16,17,18,18,18,19,19,20,22,23,24,29,38,40,43,47,53,62,69,81,85,96,98,102,109,133,144,148,165,169,187,193,219,226,244
84005133,US,USA,840,5133.0,Sevier,Arkansas,US,33.99780401,-94.2424869,"Sevier, Arkansas, US",0,0,0,0,0,0,0,0,0,0,0,0,0,0,0,0,0,0,0,0,0,0,0,0,0,0,0,0,0,0,0,0,0,0,0,0,0,0,0,0,0,0,0,0,0,0,0,0,0,0,0,0,0,0,0,0,0,0,0,0,1,1,1,1,1,1,1,1,1,1,1,1,1,1,6,6,6,6,6,6,6,8,8,8,8,8,8,8,9,10,10,10,10,10,11,11,11,11,11,11,12,12,12,13,14,14,14,16,16,18,21,21,24,24,25,27,28,32,46,49,50,62,79,84,93,111,120,131,162,170,210,225,258,283,297,301,326,339,355,366,382,387,393,428,446,465,478,498,506,550,563,588
84005135,US,USA,840,5135.0,Sharp,Arkansas,US,36.16258158,-91.47819342,"Sharp, Arkansas, US",0,0,0,0,0,0,0,0,0,0,0,0,0,0,0,0,0,0,0,0,0,0,0,0,0,0,0,0,0,0,0,0,0,0,0,0,0,0,0,0,0,0,0,0,0,0,0,0,0,0,0,0,0,0,0,0,0,0,0,0,0,0,0,0,0,0,0,0,0,0,0,0,0,1,1,1,1,1,2,2,2,2,2,2,2,2,2,2,2,2,2,2,2,2,2,2,3,6,6,10,10,9,9,9,7,7,8,8,8,11,16,25,26,36,37,37,37,37,38,40,42,42,42,42,42,42,42,45,46,46,46,46,46,47,47,48,48,48,48,49,50,50,51,50,50,50,50,50,50,50,50,50
84005137,US,USA,840,5137.0,Stone,Arkansas,US,35.86251946,-92.15684085,"Stone, Arkansas, US",0,0,0,0,0,0,0,0,0,0,0,0,0,0,0,0,0,0,0,0,0,0,0,0,0,0,0,0,0,0,0,0,0,0,0,0,0,0,0,0,0,0,0,0,0,0,0,0,0,0,0,0,0,0,0,0,0,0,0,0,0,1,1,1,1,1,1,1,1,5,5,5,5,5,5,5,5,5,7,7,7,7,7,7,7,7,7,7,7,7,7,7,7,7,7,7,7,7,7,7,7,8,8,8,8,8,8,8,8,8,8,8,8,8,8,8,8,8,8,8,8,8,8,8,8,8,8,8,8,9,9,9,9,9,10,10,10,10,11,11,11,11,11,11,11,11,11,11,11,11,11,11
84005139,US,USA,840,5139.0,Union,Arkansas,US,33.16887091,-92.59746952,"Union, Arkansas, US",0,0,0,0,0,0,0,0,0,0,0,0,0,0,0,0,0,0,0,0,0,0,0,0,0,0,0,0,0,0,0,0,0,0,0,0,0,0,0,0,0,0,0,0,0,0,0,0,0,0,0,0,0,0,0,0,0,0,0,0,1,1,1,1,1,1,5,5,7,8,9,10,10,10,12,12,13,13,15,16,18,18,17,17,18,19,20,23,24,26,26,26,29,30,32,33,38,43,44,50,54,54,60,62,62,67,73,73,73,76,76,80,84,105,105,107,107,107,117,121,140,144,152,157,160,162,162,164,166,171,173,173,173,177,179,185,188,188,188,190,190,194,199,202,203,208,209,213,218,220,223,224
84005141,US,USA,840,5141.0,Van Buren,Arkansas,US,35.58095779,-92.51295036,"Van Buren, Arkansas, US",0,0,0,0,0,0,0,0,0,0,0,0,0,0,0,0,0,0,0,0,0,0,0,0,0,0,0,0,0,0,0,0,0,0,0,0,0,0,0,0,0,0,0,0,0,0,0,0,0,0,0,0,0,0,0,0,0,0,0,0,1,3,5,8,11,16,17,17,20,19,20,20,20,20,21,21,21,22,26,26,26,26,26,26,26,26,26,26,26,26,26,26,26,26,27,27,27,27,28,28,28,28,28,28,28,28,28,28,28,28,28,28,28,28,28,28,28,28,28,28,28,28,28,28,28,28,28,28,28,28,28,28,29,29,29,29,29,30,30,30,30,30,30,30,30,30,30,30,30,30,30,30
84005143,US,USA,840,5143.0,Washington,Arkansas,US,35.976844,-94.21800746,"Washington, Arkansas, US",0,0,0,0,0,0,0,0,0,0,0,0,0,0,0,0,0,0,0,0,0,0,0,0,0,0,0,0,0,0,0,0,0,0,0,0,0,0,0,0,0,0,0,0,0,0,0,0,0,0,0,0,0,0,0,0,1,1,1,1,2,5,5,6,10,13,14,14,15,19,22,23,24,25,28,29,29,30,36,37,37,37,43,43,44,44,45,45,46,54,59,60,62,71,74,77,77,77,84,86,87,87,90,91,91,94,102,105,105,110,110,111,114,126,131,141,143,145,151,154,180,213,233,259,276,303,326,352,410,452,509,562,620,652,771,824,913,1016,1097,1185,1235,1389,1605,1710,1804,1925,1977,2080,2141,2222,2321,2404
84005145,US,USA,840,5145.0,White,Arkansas,US,35.25688493,-91.74908296,"White, Arkansas, US",0,0,0,0,0,0,0,0,0,0,0,0,0,0,0,0,0,0,0,0,0,0,0,0,0,0,0,0,0,0,0,0,0,0,0,0,0,0,0,0,0,0,0,0,0,0,0,0,0,0,0,0,0,0,0,0,0,0,0,0,0,1,1,1,1,6,6,6,6,10,11,15,23,23,25,25,27,27,27,27,28,28,28,28,28,28,29,29,29,29,29,29,29,30,31,31,31,31,33,34,34,34,35,35,35,35,35,35,35,36,36,37,36,36,36,36,36,37,37,37,37,37,38,40,40,40,42,43,43,44,44,44,46,48,48,48,49,49,50,50,52,55,54,56,58,59,61,65,69,70,73,73
84005147,US,USA,840,5147.0,Woodruff,Arkansas,US,35.18902527,-91.2439489,"Woodruff, Arkansas, US",0,0,0,0,0,0,0,0,0,0,0,0,0,0,0,0,0,0,0,0,0,0,0,0,0,0,0,0,0,0,0,0,0,0,0,0,0,0,0,0,0,0,0,0,0,0,0,0,0,0,0,0,0,0,0,0,0,0,0,0,1,1,1,1,1,1,1,1,1,1,1,1,1,1,1,1,1,1,1,1,1,1,1,1,1,1,1,1,1,1,1,1,1,1,1,1,1,1,1,1,1,1,1,1,1,1,1,1,1,1,1,1,1,1,1,1,1,1,1,1,1,1,1,1,1,1,1,2,2,1,1,1,1,1,1,1,1,1,1,1,1,1,1,3,4,5,5,5,5,6,5,6
84005149,US,USA,840,5149.0,Yell,Arkansas,US,35.00292371,-93.41171338,"Yell, Arkansas, US",0,0,0,0,0,0,0,0,0,0,0,0,0,0,0,0,0,0,0,0,0,0,0,0,0,0,0,0,0,0,0,0,0,0,0,0,0,0,0,0,0,0,0,0,0,0,0,0,0,0,0,0,0,0,0,0,0,0,0,0,0,0,0,0,0,0,0,0,0,0,0,0,0,0,1,1,1,1,1,1,1,1,1,1,1,1,2,2,2,2,2,2,3,3,3,3,3,3,3,3,3,4,5,6,6,7,7,7,7,7,7,7,7,9,9,13,23,28,30,38,73,76,94,96,99,102,108,114,128,137,141,162,179,183,192,202,222,235,240,248,251,261,275,289,303,308,309,324,340,361,403,416
84006001,US,USA,840,6001.0,Alameda,California,US,37.64629437,-121.8929271,"Alameda, California, US",0,0,0,0,0,0,0,0,0,0,0,0,0,0,0,0,0,0,0,0,0,0,0,0,0,0,0,0,0,0,0,0,0,0,0,0,0,0,0,0,0,1,1,1,1,2,2,2,3,5,5,7,11,11,18,27,30,38,48,68,71,118,135,135,178,220,220,270,283,313,313,359,443,443,566,588,634,674,674,766,806,845,888,888,964,1007,1063,1114,1164,1193,1241,1242,1352,1403,1439,1470,1500,1533,1568,1603,1636,1706,1749,1776,1809,1863,1917,1961,2023,2064,2101,2133,2178,2234,2367,2351,2392,2457,2522,2560,2609,2708,2760,2847,2874,2986,3049,3097,3195,3289,3390,3470,3515,3548,3641,3725,3805,3805,3945,3985,4033,4232,4216,4217,4320,4373,4481,4533,4638,4702,4924,4924
84006003,US,USA,840,6003.0,Alpine,California,US,38.59678594,-119.82235940000001,"Alpine, California, US",0,0,0,0,0,0,0,0,0,0,0,0,0,0,0,0,0,0,0,0,0,0,0,0,0,0,0,0,0,0,0,0,0,0,0,0,0,0,0,0,0,0,0,0,0,0,0,0,0,0,0,0,0,0,0,0,0,0,0,0,0,0,0,0,0,0,0,0,0,0,1,1,1,1,1,1,1,1,1,1,2,2,2,2,2,2,2,2,2,1,1,2,2,2,2,2,2,2,2,2,2,2,2,2,2,2,2,2,2,2,2,2,2,2,2,2,2,2,2,2,2,2,2,2,2,2,2,2,2,2,2,2,2,2,2,2,2,2,2,2,2,2,2,2,2,2,2,2,2,2,2,2
84006005,US,USA,840,6005.0,Amador,California,US,38.44583082,-120.65696000000001,"Amador, California, US",0,0,0,0,0,0,0,0,0,0,0,0,0,0,0,0,0,0,0,0,0,0,0,0,0,0,0,0,0,0,0,0,0,0,0,0,0,0,0,0,0,0,0,0,0,0,0,0,0,0,0,0,0,0,0,0,0,0,0,1,1,1,2,2,2,2,2,2,2,2,2,3,3,3,0,3,3,3,3,7,7,7,7,7,7,7,7,7,7,7,7,8,8,8,8,8,8,8,8,8,8,8,8,8,8,8,8,8,8,8,8,8,9,9,9,9,9,10,10,10,10,10,10,10,10,10,10,10,10,10,19,10,10,10,10,10,10,10,10,10,10,10,10,10,10,11,12,12,12,12,13,13
84006007,US,USA,840,6007.0,Butte,California,US,39.66727762,-121.6005252,"Butte, California, US",0,0,0,0,0,0,0,0,0,0,0,0,0,0,0,0,0,0,0,0,0,0,0,0,0,0,0,0,0,0,0,0,0,0,0,0,0,0,0,0,0,0,0,0,0,0,0,0,0,0,0,0,0,0,0,0,0,0,0,0,1,2,2,4,5,5,5,5,5,8,8,9,10,11,11,11,12,13,13,13,14,14,14,15,16,16,16,16,16,16,16,16,16,16,16,16,16,16,16,16,16,16,16,17,17,18,18,18,18,18,20,20,20,22,22,22,22,24,26,30,31,34,34,34,34,40,40,40,44,44,44,51,51,55,60,65,65,65,68,71,73,73,74,74,74,82,88,90,90,94,94,94
84006009,US,USA,840,6009.0,Calaveras,California,US,38.20537103,-120.55291299999999,"Calaveras, California, US",0,0,0,0,0,0,0,0,0,0,0,0,0,0,0,0,0,0,0,0,0,0,0,0,0,0,0,0,0,0,0,0,0,0,0,0,0,0,0,0,0,0,0,0,0,0,0,0,0,2,2,2,2,2,2,2,2,2,2,2,2,2,2,2,3,3,3,3,3,3,3,3,3,4,4,5,5,5,5,8,8,8,8,9,9,11,11,12,12,12,12,12,13,13,13,13,13,13,13,13,13,13,13,13,13,13,13,13,13,13,13,13,13,13,13,13,13,13,13,13,13,13,13,13,13,14,15,15,15,15,15,15,15,15,16,19,19,19,19,19,21,25,25,26,26,26,26,26,26,28,28,28
84006011,US,USA,840,6011.0,Colusa,California,US,39.17881957,-122.2331726,"Colusa, California, US",0,0,0,0,0,0,0,0,0,0,0,0,0,0,0,0,0,0,0,0,0,0,0,0,0,0,0,0,0,0,0,0,0,0,0,0,0,0,0,0,0,0,0,0,0,0,0,0,0,0,0,0,0,0,0,0,0,0,0,0,0,0,0,0,0,0,1,1,1,1,1,1,1,2,2,2,2,3,3,3,3,3,3,3,3,3,3,3,3,3,3,3,3,3,3,3,3,3,3,3,3,3,3,3,3,3,3,3,3,3,3,3,3,3,3,3,3,3,3,4,4,5,5,5,5,5,5,5,5,5,5,7,7,7,7,7,7,7,7,7,7,7,7,7,7,7,7,7,7,7,7,7
84006013,US,USA,840,6013.0,Contra Costa,California,US,37.91923498,-121.9289527,"Contra Costa, California, US",0,0,0,0,0,0,0,0,0,0,0,0,0,0,0,0,0,0,0,0,0,0,0,0,0,0,0,0,0,0,0,0,0,0,0,0,0,0,0,0,0,0,1,1,3,3,9,9,9,10,17,25,29,29,34,39,39,41,46,51,61,71,86,108,131,147,168,168,187,212,249,250,307,307,386,417,442,462,484,511,530,539,552,552,615,631,648,685,693,707,749,763,770,786,805,817,820,842,862,891,907,934,945,947,969,985,999,1014,1036,1048,1048,1066,1080,1089,1100,1121,1146,1155,1192,1209,1234,1259,1296,1321,1336,1353,1375,1384,1404,1426,1450,1468,1506,1513,1547,1577,1633,1668,1706,1774,1798,1829,1877,1921,1959,1983,2026,2071,2111,2148,2240,2294
84006015,US,USA,840,6015.0,Del Norte,California,US,41.74228275,-123.89740630000001,"Del Norte, California, US",0,0,0,0,0,0,0,0,0,0,0,0,0,0,0,0,0,0,0,0,0,0,0,0,0,0,0,0,0,0,0,0,0,0,0,0,0,0,0,0,0,0,0,0,0,0,0,0,0,0,0,0,0,0,0,0,0,0,0,0,0,0,0,0,0,0,0,0,0,0,0,0,1,2,2,2,2,2,2,2,2,2,2,2,2,2,2,2,2,2,2,2,2,2,2,3,3,3,3,3,3,3,3,3,3,3,3,3,3,3,3,3,4,4,4,4,8,8,13,15,15,20,23,23,37,40,40,44,44,45,45,46,46,47,47,47,47,47,47,47,47,47,47,47,47,47,48,48,48,48,48,48
84006017,US,USA,840,6017.0,El Dorado,California,US,38.77965956,-120.5233166,"El Dorado, California, US",0,0,0,0,0,0,0,0,0,0,0,0,0,0,0,0,0,0,0,0,0,0,0,0,0,0,0,0,0,0,0,0,0,0,0,0,0,0,0,0,0,0,0,0,0,0,0,0,0,0,0,0,0,0,0,0,0,0,0,0,0,2,2,3,3,9,12,12,12,15,18,18,19,22,22,22,22,28,29,30,32,32,32,34,35,35,36,36,36,36,38,39,40,42,42,42,42,44,44,44,47,47,47,47,53,54,54,54,54,54,56,60,60,62,64,64,64,67,67,67,67,67,74,74,78,78,80,84,84,90,90,96,96,96,98,102,106,106,109,111,111,111,113,113,113,117,118,121,125,130,130,130
84006019,US,USA,840,6019.0,Fresno,California,US,36.75733899,-119.6466953,"Fresno, California, US",0,0,0,0,0,0,0,0,0,0,0,0,0,0,0,0,0,0,0,0,0,0,0,0,0,0,0,0,0,0,0,0,0,0,0,0,0,0,0,0,0,0,0,0,0,0,1,1,1,2,2,1,1,1,2,2,2,3,6,6,6,6,13,18,19,27,31,43,43,53,68,82,94,100,103,108,124,146,156,173,191,201,201,222,251,265,295,311,315,315,351,371,419,443,443,458,458,498,538,538,615,615,633,633,672,777,777,813,841,885,945,984,984,1074,1074,1156,1192,1192,1287,1338,1338,1372,1417,1448,1482,1482,1535,1658,1658,1714,1743,1743,1882,1914,1944,2014,2080,2122,2122,2216,2318,2395,2395,2547,2547,2706,2788,2788,3058,3187,3245,3245
84006021,US,USA,840,6021.0,Glenn,California,US,39.59875897,-122.3938452,"Glenn, California, US",0,0,0,0,0,0,0,0,0,0,0,0,0,0,0,0,0,0,0,0,0,0,0,0,0,0,0,0,0,0,0,0,0,0,0,0,0,0,0,0,0,0,0,0,0,0,0,0,0,0,0,0,0,0,0,0,0,0,0,0,0,0,0,0,0,0,0,1,1,2,2,2,2,2,2,2,2,2,2,3,3,3,3,4,4,4,4,4,4,4,4,4,5,5,5,5,5,5,5,5,5,5,5,5,5,5,5,6,6,6,6,6,6,9,9,9,9,9,12,12,12,12,12,12,12,12,13,14,14,16,16,16,17,17,17,17,18,18,19,19,23,23,24,24,24,32,34,34,42,42,42,42
84006023,US,USA,840,6023.0,Humboldt,California,US,40.69923009,-123.876044,"Humboldt, California, US",0,0,0,0,0,0,0,0,0,0,0,0,0,0,0,0,0,0,0,0,0,0,0,0,0,0,0,0,0,0,1,1,1,1,1,1,1,1,1,1,1,1,1,1,1,1,1,1,1,1,1,1,1,1,1,1,1,1,1,1,2,2,4,5,10,12,14,18,18,21,27,28,37,44,44,44,49,50,50,50,50,50,50,50,51,52,52,52,52,52,52,52,52,53,53,53,53,53,54,54,54,54,54,54,54,55,55,55,55,57,61,64,64,68,68,72,77,77,86,88,88,88,93,93,93,94,98,98,98,99,101,101,102,103,104,104,104,104,105,105,105,105,105,106,106,106,107,107,108,108,110,110
84006025,US,USA,840,6025.0,Imperial,California,US,33.0393082,-115.36690420000001,"Imperial, California, US",0,0,0,0,0,0,0,0,0,0,0,0,0,0,0,0,0,0,0,0,0,0,0,0,0,0,0,0,0,0,0,0,0,0,0,0,0,0,0,0,0,0,0,0,0,0,0,0,0,0,2,2,2,2,2,2,2,2,4,4,6,6,6,9,9,17,21,25,25,33,38,43,52,55,57,65,68,73,75,79,79,87,87,100,117,127,143,155,155,160,175,195,232,251,251,251,281,284,319,319,333,358,358,368,400,419,455,512,512,512,564,603,647,712,786,786,786,876,902,985,1076,1076,1145,1145,1274,1352,1352,1443,1634,1634,1634,1751,1798,2025,2493,2568,2568,2568,3013,3133,3386,3405,3724,4157,4157,4298,4389,4478,4659,4744,4800,4800
84006027,US,USA,840,6027.0,Inyo,California,US,36.51112084,-117.41119779999998,"Inyo, California, US",0,0,0,0,0,0,0,0,0,0,0,0,0,0,0,0,0,0,0,0,0,0,0,0,0,0,0,0,0,0,0,0,0,0,0,0,0,0,0,0,0,0,0,0,0,0,0,0,0,0,0,0,0,0,0,0,0,0,0,0,0,0,0,1,2,3,5,8,8,8,9,9,10,10,11,11,11,11,11,12,12,12,12,12,17,17,17,18,18,18,18,19,19,19,19,19,19,19,19,19,19,19,19,19,19,19,19,19,19,19,19,19,19,19,19,19,19,19,19,19,19,19,19,19,19,19,19,19,20,20,20,20,20,20,20,20,22,22,22,22,22,22,22,23,23,24,24,24,24,24,24,24
84006029,US,USA,840,6029.0,Kern,California,US,35.34329425,-118.72777959999999,"Kern, California, US",0,0,0,0,0,0,0,0,0,0,0,0,0,0,0,0,0,0,0,0,0,0,0,0,0,0,0,0,0,0,0,0,0,0,0,0,0,0,0,0,0,0,0,0,0,0,0,0,0,0,0,0,0,0,0,1,1,3,4,5,5,12,13,15,29,33,47,51,60,83,110,142,173,210,230,239,252,271,303,337,371,396,436,462,533,565,578,610,623,643,671,683,699,735,755,809,828,847,866,893,939,969,1005,1016,1045,1073,1133,1166,1228,1254,1286,1316,1343,1393,1428,1473,1515,1537,1571,1605,1644,1695,1757,1824,1871,1876,1941,2007,2076,2145,2250,2322,2376,2418,2462,2534,2650,2720,2794,2870,2942,3016,3130,3195,3281,3367,3452,3512,3590,3706,3793,3890
84006031,US,USA,840,6031.0,Kings,California,US,36.07409056,-119.8159973,"Kings, California, US",0,0,0,0,0,0,0,0,0,0,0,0,0,0,0,0,0,0,0,0,0,0,0,0,0,0,0,0,0,0,0,0,0,0,0,0,0,0,0,0,0,0,0,0,0,0,0,0,0,0,0,0,0,0,0,0,0,0,0,0,0,0,0,0,0,0,2,2,2,3,4,5,5,5,5,5,5,5,8,8,9,10,10,12,13,13,18,20,28,30,32,32,35,47,47,52,67,71,79,96,123,146,158,172,198,233,233,244,265,275,319,319,325,348,358,372,399,399,416,416,457,488,506,517,647,688,698,704,714,735,746,1122,1137,1168,1187,1452,1483,1492,1538,1576,1637,1688,1724,1759,1759,1831,1831,1870,1976,2057,2057,2091
84006033,US,USA,840,6033.0,Lake,California,US,39.10124298,-122.75362439999999,"Lake, California, US",0,0,0,0,0,0,0,0,0,0,0,0,0,0,0,0,0,0,0,0,0,0,0,0,0,0,0,0,0,0,0,0,0,0,0,0,0,0,0,0,0,0,0,0,0,0,0,0,0,0,0,0,0,0,0,0,0,0,0,0,0,0,0,0,0,0,0,0,0,0,0,0,0,0,0,1,1,2,3,4,4,4,4,4,5,6,6,6,6,6,6,6,6,6,6,6,6,6,6,6,7,7,7,7,8,8,8,8,8,8,8,8,8,8,8,8,8,10,11,12,12,12,12,12,12,14,19,23,23,21,21,21,26,30,30,30,30,30,30,30,30,31,32,32,32,34,34,34,34,34,35,35
84006035,US,USA,840,6035.0,Lassen,California,US,40.67311306,-120.59350990000002,"Lassen, California, US",0,0,0,0,0,0,0,0,0,0,0,0,0,0,0,0,0,0,0,0,0,0,0,0,0,0,0,0,0,0,0,0,0,0,0,0,0,0,0,0,0,0,0,0,0,0,0,0,0,0,0,0,0,0,0,0,0,0,0,0,0,0,0,0,0,0,0,0,0,0,0,0,0,0,0,0,0,0,0,0,0,0,0,0,0,0,0,0,0,0,0,0,0,0,0,0,0,0,0,0,0,0,0,0,0,0,0,0,0,0,0,0,0,0,0,0,0,0,0,0,0,0,2,2,4,4,4,5,5,5,5,5,5,5,5,6,6,6,8,8,9,9,9,9,9,9,9,9,9,9,9,11
84006037,US,USA,840,6037.0,Los Angeles,California,US,34.30828379,-118.22824109999999,"Los Angeles, California, US",0,0,0,0,1,1,1,1,1,1,1,1,1,1,1,1,1,1,1,1,1,1,1,1,1,1,1,1,1,1,1,1,1,1,1,1,1,1,1,1,1,1,7,11,13,14,14,14,20,27,32,40,53,53,94,144,190,231,292,292,407,536,662,812,1229,1465,1465,1829,2474,3019,3518,4045,4566,4605,5955,6377,6936,7559,7955,8443,8453,8894,9433,10047,10517,10854,11400,12021,12341,13823,15153,16447,17537,18545,19133,19567,20423,20996,22485,23220,24262,24894,25699,26225,27836,28665,29511,30319,31241,31703,32263,33211,34538,35392,36316,37360,38011,38458,39573,40895,42037,43070,44121,45017,46023,47845,48761,49860,51678,53746,55001,56011,57219,58261,59692,61068,62382,63844,64690,65945,67111,68959,70529,72057,73018,73832,75162,77260,78348,79655,81709,83414
84006039,US,USA,840,6039.0,Madera,California,US,37.21513971,-119.76655890000002,"Madera, California, US",0,0,0,0,0,0,0,0,0,0,0,0,0,0,0,0,0,0,0,0,0,0,0,0,0,0,0,0,0,0,0,0,0,0,0,0,0,0,0,0,0,0,0,0,0,1,1,1,1,1,1,1,1,1,1,1,1,1,3,3,3,3,6,6,7,10,11,15,18,21,23,25,28,28,28,28,28,28,28,30,32,32,33,33,33,33,33,33,34,34,36,36,39,39,39,40,41,44,46,46,46,46,51,51,54,55,55,62,66,67,67,69,69,69,69,70,71,71,81,82,82,83,82,84,84,85,90,94,98,104,106,106,114,117,129,141,155,163,172,172,178,188,188,198,198,226,250,275,295,314,314,314
84006041,US,USA,840,6041.0,Marin,California,US,38.07122463,-122.72106310000001,"Marin, California, US",0,0,0,0,0,0,0,0,0,0,0,0,0,0,0,0,0,0,0,0,0,0,0,0,0,0,0,0,0,0,0,0,0,0,0,0,0,0,0,0,0,0,0,0,0,0,0,0,1,1,3,3,5,5,9,11,15,15,38,38,38,38,47,53,60,65,68,74,93,99,107,108,118,131,137,141,143,148,149,154,154,153,164,170,171,184,187,187,189,195,199,200,209,212,212,223,224,224,226,235,237,239,240,240,241,247,247,255,257,259,265,271,271,279,279,299,317,317,336,343,343,352,369,388,403,417,420,436,436,450,483,483,501,506,525,530,551,571,589,635,635,651,664,697,730,751,772,842,861,917,1030,1110
84006043,US,USA,840,6043.0,Mariposa,California,US,37.57978556,-119.9073334,"Mariposa, California, US",0,0,0,0,0,0,0,0,0,0,0,0,0,0,0,0,0,0,0,0,0,0,0,0,0,0,0,0,0,0,0,0,0,0,0,0,0,0,0,0,0,0,0,0,0,0,0,0,0,0,0,0,0,0,0,0,0,0,0,0,0,0,0,0,0,0,0,0,0,0,0,0,0,0,0,0,0,0,0,0,0,0,0,0,0,0,0,0,0,0,0,0,0,0,0,0,0,1,1,3,13,13,13,14,14,15,15,15,15,15,15,15,15,15,15,15,15,15,15,15,15,15,15,15,15,16,16,16,16,16,16,16,16,16,16,16,16,16,16,16,16,16,16,16,16,17,17,18,18,18,18,18
84006045,US,USA,840,6045.0,Mendocino,California,US,39.4381191,-123.39113130000001,"Mendocino, California, US",0,0,0,0,0,0,0,0,0,0,0,0,0,0,0,0,0,0,0,0,0,0,0,0,0,0,0,0,0,0,0,0,0,0,0,0,0,0,0,0,0,0,0,0,0,0,0,0,0,0,0,0,0,0,0,0,0,1,1,1,1,1,2,2,2,2,2,3,4,4,4,4,4,4,4,4,4,4,4,4,4,4,4,4,4,4,4,5,5,5,5,5,5,11,11,11,11,11,12,12,12,12,12,12,12,12,12,12,12,12,12,12,12,13,13,13,14,14,14,15,15,21,21,21,21,22,23,25,30,30,30,30,30,30,33,33,33,33,36,36,36,36,38,38,38,38,47,47,54,54,54,54
84006047,US,USA,840,6047.0,Merced,California,US,37.18922369,-120.72090349999999,"Merced, California, US",0,0,0,0,0,0,0,0,0,0,0,0,0,0,0,0,0,0,0,0,0,0,0,0,0,0,0,0,0,0,0,0,0,0,0,0,0,0,0,0,0,0,0,0,0,0,0,0,0,0,0,0,0,0,0,0,0,0,0,0,0,1,1,2,2,4,7,8,9,10,10,12,16,16,27,29,29,34,40,52,59,65,65,74,76,79,82,86,90,90,92,93,100,102,102,103,108,116,118,125,134,140,140,143,147,152,155,157,163,163,173,177,180,189,189,200,200,216,222,226,234,251,251,251,261,268,273,280,280,283,283,283,301,310,310,320,334,334,334,367,387,391,391,409,409,409,470,470,538,564,564,616
84006049,US,USA,840,6049.0,Modoc,California,US,41.58965602,-120.7244817,"Modoc, California, US",0,0,0,0,0,0,0,0,0,0,0,0,0,0,0,0,0,0,0,0,0,0,0,0,0,0,0,0,0,0,0,0,0,0,0,0,0,0,0,0,0,0,0,0,0,0,0,0,0,0,0,0,0,0,0,0,0,0,0,0,0,0,0,0,0,0,0,0,0,0,0,0,0,0,0,0,0,0,0,0,0,0,0,0,0,0,0,0,0,0,0,0,0,0,0,0,0,0,0,0,0,0,0,0,0,0,0,0,0,0,0,0,0,0,0,0,0,0,0,0,0,0,0,0,0,0,0,0,0,0,0,0,0,0,0,0,0,0,0,0,0,0,0,0,0,0,0,0,0,0,0,0
84006051,US,USA,840,6051.0,Mono,California,US,37.93899289,-118.8872409,"Mono, California, US",0,0,0,0,0,0,0,0,0,0,0,0,0,0,0,0,0,0,0,0,0,0,0,0,0,0,0,0,0,0,0,0,0,0,0,0,0,0,0,0,0,0,0,0,0,0,0,0,0,0,0,0,0,0,0,0,0,0,0,1,1,1,1,4,4,6,8,11,13,13,13,18,18,19,19,19,19,19,20,20,21,21,23,23,23,23,23,23,23,24,24,24,24,24,24,24,24,26,26,26,26,26,26,26,26,27,28,28,29,29,32,32,33,33,33,33,34,34,34,34,34,34,34,34,34,34,35,35,35,35,37,37,37,37,37,37,37,37,38,38,38,37,37,37,37,37,37,37,37,37,37,37
84006053,US,USA,840,6053.0,Monterey,California,US,36.21862405,-121.24133970000001,"Monterey, California, US",0,0,0,0,0,0,0,0,0,0,0,0,0,0,0,0,0,0,0,0,0,0,0,0,0,0,0,0,0,0,0,0,0,0,0,0,0,0,0,0,0,0,0,0,0,0,0,0,0,0,0,0,0,0,0,2,2,4,5,11,11,14,20,24,24,24,32,36,36,40,42,48,53,57,62,62,62,64,69,71,79,82,87,87,100,108,119,119,136,141,148,150,154,169,169,183,183,185,191,206,213,222,235,235,237,241,247,250,267,279,279,299,299,308,317,322,341,341,349,349,355,362,371,395,413,429,429,469,477,509,530,545,571,586,621,640,667,732,751,763,791,814,865,899,949,995,1015,1075,1121,1156,1181,1225
84006055,US,USA,840,6055.0,Napa,California,US,38.50735751,-122.33283899999999,"Napa, California, US",0,0,0,0,0,0,0,0,0,0,0,0,0,0,0,0,0,0,0,0,0,0,0,0,0,0,0,0,0,0,0,0,0,0,0,0,0,0,0,0,0,0,0,0,0,0,0,0,1,1,0,0,0,0,0,0,0,0,0,0,1,2,2,2,6,6,9,10,14,14,15,18,18,20,20,22,22,25,25,32,32,34,34,38,38,39,44,47,47,48,48,54,57,58,60,60,64,66,67,67,68,70,70,74,75,78,78,78,78,79,79,81,81,83,83,90,90,92,92,94,95,96,101,101,101,109,109,111,111,112,112,113,113,124,126,129,141,141,153,157,161,163,168,183,183,190,199,202,206,216,224,224
84006057,US,USA,840,6057.0,Nevada,California,US,39.30394768,-120.76272809999999,"Nevada, California, US",0,0,0,0,0,0,0,0,0,0,0,0,0,0,0,0,0,0,0,0,0,0,0,0,0,0,0,0,0,0,0,0,0,0,0,0,0,0,0,0,0,0,0,0,0,0,0,0,0,0,0,0,0,0,1,1,1,1,1,1,1,2,3,4,7,8,12,12,17,21,26,26,30,31,31,32,32,34,34,34,34,34,34,34,34,34,34,36,36,36,38,38,36,37,37,37,37,39,41,41,41,41,41,41,41,41,41,41,41,41,41,41,41,41,41,41,41,41,41,41,41,41,41,41,41,41,41,41,41,41,41,41,42,48,49,49,50,50,50,50,50,52,52,52,52,55,57,57,71,75,75,75
84006059,US,USA,840,6059.0,Orange,California,US,33.70147516,-117.76459979999998,"Orange, California, US",0,0,0,0,1,1,1,1,1,1,1,1,1,1,1,1,1,1,1,1,1,1,1,1,1,1,1,1,1,1,1,1,1,1,1,1,1,1,1,1,1,1,3,3,3,3,3,4,5,5,6,9,14,14,17,22,29,53,65,78,95,125,152,187,256,321,403,431,464,502,606,656,711,786,834,882,931,1016,1079,1138,1221,1277,1283,1299,1376,1425,1501,1556,1636,1676,1691,1753,1827,1845,1969,2074,2126,2151,2252,2393,2537,2636,2743,2819,2873,3004,3092,3240,3380,3502,3557,3602,3749,3968,4125,4222,4376,4434,4500,4742,4841,4941,5157,5336,5469,5578,5646,5744,5923,6100,6261,6474,6574,6678,6783,7064,7321,7440,7527,7614,7737,7987,8153,8269,8573,8759,8999,9197,9292,9576,9988,10422
84006061,US,USA,840,6061.0,Placer,California,US,39.06167234,-120.72405690000001,"Placer, California, US",0,0,0,0,0,0,0,0,0,0,0,0,0,0,0,0,0,0,0,0,0,0,0,0,0,0,0,0,0,0,0,0,0,0,0,0,0,0,0,0,1,1,2,2,5,5,5,7,7,7,7,4,7,5,5,5,9,9,9,9,12,12,20,30,30,30,41,53,53,57,78,90,97,97,103,106,106,117,117,123,123,124,127,128,129,130,130,131,132,132,133,133,136,139,139,141,143,145,145,147,150,159,159,162,162,163,165,165,168,169,170,170,170,172,174,174,175,175,177,176,176,184,185,184,185,188,194,196,199,214,215,217,228,240,259,265,275,284,294,304,314,327,344,358,372,390,411,432,460,476,490,502
84006063,US,USA,840,6063.0,Plumas,California,US,40.00355989,-120.8395236,"Plumas, California, US",0,0,0,0,0,0,0,0,0,0,0,0,0,0,0,0,0,0,0,0,0,0,0,0,0,0,0,0,0,0,0,0,0,0,0,0,0,0,0,0,0,0,0,0,0,0,0,0,0,0,0,0,0,0,0,0,0,0,0,0,0,0,0,0,0,0,0,0,0,0,1,1,1,2,3,3,3,3,3,3,4,4,4,4,4,4,4,4,4,4,4,4,4,4,4,4,4,4,4,4,4,4,4,4,4,4,4,4,4,4,4,4,4,4,4,4,4,4,4,4,4,4,4,4,4,4,4,4,4,4,4,4,4,4,4,4,4,4,4,4,4,4,4,4,4,5,5,5,6,6,6,6
84006065,US,USA,840,6065.0,Riverside,California,US,33.74314981,-115.9933578,"Riverside, California, US",0,0,0,0,0,0,0,0,0,0,0,0,0,0,0,0,0,0,0,0,0,0,0,0,0,0,0,0,0,0,0,0,0,0,0,0,0,0,0,0,0,0,0,0,0,0,1,1,4,6,8,8,14,14,15,15,16,22,28,28,29,46,57,68,105,149,183,195,291,371,371,493,493,638,799,946,1016,1179,1280,1350,1431,1619,1619,1961,1961,2105,2457,2457,2638,2847,2847,2960,3218,3315,3315,3563,3643,3735,3942,4031,4079,4079,4180,4354,4454,4672,4756,4756,4992,4992,5189,5248,5248,5440,5618,5618,5618,5952,6053,6184,6343,6464,6464,6464,7004,7139,7139,7341,7486,7486,7486,7982,8155,8155,8303,8777,8777,8777,9206,9590,9911,10240,10490,10490,10490,11285,11694,11951,12467,12778,12778,12778
84006067,US,USA,840,6067.0,Sacramento,California,US,38.45106826,-121.34253740000001,"Sacramento, California, US",0,0,0,0,0,0,0,0,0,0,0,0,0,0,0,0,0,0,0,0,0,0,0,0,0,0,0,0,0,0,1,1,1,1,1,1,2,2,2,2,2,2,2,2,2,2,2,2,10,11,17,17,29,29,33,40,40,45,53,53,53,88,88,113,113,164,164,164,224,224,224,314,390,390,442,462,525,580,580,653,653,707,739,816,853,879,896,914,925,940,954,971,987,1019,1019,1037,1045,1053,1068,1077,1090,1107,1117,1127,1133,1142,1153,1160,1165,1167,1173,1181,1183,1194,1211,1222,1237,1245,1250,1255,1266,1272,1289,1293,1302,1310,1319,1349,1373,1400,1400,1429,1439,1463,1490,1519,1537,1569,1588,1624,1642,1670,1704,1716,1753,1794,1825,1892,1940,1976,2069,2160
84006069,US,USA,840,6069.0,San Benito,California,US,36.60308176,-121.069975,"San Benito, California, US",0,0,0,0,0,0,0,0,0,0,0,0,2,2,2,2,2,2,2,2,2,2,2,2,2,2,2,2,2,2,2,2,2,2,2,2,2,2,2,2,2,2,2,2,2,2,2,2,2,2,2,2,3,3,3,3,3,3,5,5,5,6,6,7,9,13,14,14,14,17,21,23,23,23,23,23,23,33,33,34,35,35,35,39,39,41,44,44,44,44,44,45,47,47,47,47,47,48,50,50,51,51,51,51,52,53,53,54,55,55,56,58,58,59,59,60,61,61,63,64,64,66,69,70,72,76,76,85,85,87,87,87,88,90,96,102,105,105,107,109,109,109,112,121,125,129,129,140,153,161,164,170
84006071,US,USA,840,6071.0,San Bernardino,California,US,34.84060306,-116.1774685,"San Bernardino, California, US",0,0,0,0,0,0,0,0,0,0,0,0,0,0,0,0,0,0,0,0,0,0,0,0,0,0,0,0,0,0,0,0,0,0,0,0,0,0,0,0,0,0,0,0,0,0,0,0,0,0,0,0,0,0,1,2,3,5,9,10,17,17,31,38,54,54,76,76,111,125,183,254,304,353,372,373,530,547,641,729,810,810,887,977,977,996,1032,1219,1286,1406,1489,1489,1608,1666,1666,1732,1772,1827,1928,2058,2113,2182,2182,2182,2329,2432,2562,2629,2902,2902,3015,3078,3153,3198,3311,3463,3511,3593,3707,3795,3984,4146,4315,4365,4365,4567,4567,4914,5034,5200,5246,5355,5501,5650,5650,5930,6040,6040,6247,6417,6593,6742,6976,7161,7359,7515,7796,8014,8454,8714,8959,9156
84006073,US,USA,840,6073.0,San Diego,California,US,33.03484597,-116.73653259999999,"San Diego, California, US",0,0,0,0,0,0,0,0,0,0,0,0,0,0,0,0,0,0,0,0,1,1,2,2,2,2,2,2,2,2,2,2,2,2,2,2,2,2,2,2,2,2,2,3,3,3,3,3,3,3,5,8,10,16,55,55,60,80,127,127,155,201,226,238,293,341,413,484,515,603,733,849,966,1112,1209,1326,1404,1454,1530,1628,1693,1761,1804,1847,1930,2012,2087,2158,2213,2268,2325,2491,2643,2826,2943,2943,3043,3141,3432,3432,3564,3711,3927,3927,4020,4319,4319,4429,4662,4776,5065,5161,5161,5391,5391,5662,5836,5836,6026,6140,6140,6315,6559,6559,6701,6797,6882,7100,7100,7385,7481,7481,7554,7674,7798,7940,8345,8345,8619,8619,8837,8998,8998,9314,9440,9610,9730,9730,10092,10350,10484,10794
84006075,US,USA,840,6075.0,San Francisco,California,US,37.75215114,-122.43856720000001,"San Francisco, California, US",0,0,0,0,0,0,0,0,0,0,0,0,0,0,0,0,0,0,0,0,0,0,0,0,0,0,0,0,0,0,0,0,0,0,0,0,0,0,0,0,0,0,0,2,2,9,9,9,14,14,18,23,28,28,40,43,51,70,76,84,108,131,152,178,223,279,308,340,374,397,434,450,497,529,568,583,622,676,724,797,857,872,957,987,1013,1019,1058,1137,1157,1216,1231,1233,1302,1340,1354,1408,1424,1468,1490,1499,1523,1543,1602,1624,1728,1754,1806,1853,1891,1943,1954,1977,1994,1999,2026,2054,2091,2131,2179,2185,2198,2320,2350,2367,2386,2399,2408,2437,2473,2532,2588,2570,2587,2613,2644,2698,2712,2747,2779,2793,2809,2840,2878,2906,2928,2952,2971,2982,3020,3057,3058,3058
84006077,US,USA,840,6077.0,San Joaquin,California,US,37.93433732,-121.2730061,"San Joaquin, California, US",0,0,0,0,0,0,0,0,0,0,0,0,0,0,0,0,0,0,0,0,0,0,0,0,0,0,0,0,0,0,0,0,0,0,0,0,0,0,0,0,0,0,0,0,0,0,0,0,0,1,1,6,8,8,8,13,14,17,25,31,31,41,51,68,71,90,93,113,123,136,151,173,180,185,191,206,217,223,237,253,257,266,293,314,341,365,371,400,415,428,449,460,487,495,505,512,528,529,540,543,557,560,570,574,578,579,581,597,605,612,621,629,638,644,659,670,689,699,709,716,733,752,752,752,752,771,771,842,858,858,858,908,982,1080,1024,1050,1118,1161,1195,1259,1309,1388,1444,1547,1652,1716,1749,1888,1927,1926,2519,2519
84006079,US,USA,840,6079.0,San Luis Obispo,California,US,35.38822029,-120.4039028,"San Luis Obispo, California, US",0,0,0,0,0,0,0,0,0,0,0,0,0,0,0,0,0,0,0,0,0,0,0,0,0,0,0,0,0,0,0,0,0,0,0,0,0,0,0,0,0,0,0,0,0,0,0,0,0,0,0,0,0,1,3,3,7,13,16,21,27,27,42,46,54,59,67,67,71,80,80,89,93,93,95,95,95,99,102,104,110,114,117,117,120,125,127,131,132,132,134,134,149,163,165,166,169,173,181,184,188,196,201,202,204,208,211,211,214,220,226,227,232,237,240,243,243,246,247,249,251,253,259,258,259,263,263,268,269,269,269,271,278,279,288,291,291,291,299,302,306,317,324,324,324,347,356,376,389,404,404,404
84006081,US,USA,840,6081.0,San Mateo,California,US,37.422880799999994,-122.32755459999998,"San Mateo, California, US",0,0,0,0,0,0,0,0,0,0,0,0,0,0,0,0,0,0,0,0,0,0,0,0,0,0,0,0,0,0,0,0,0,0,0,0,0,0,0,0,1,2,2,2,2,2,2,2,8,15,20,20,32,32,41,64,80,89,100,110,117,142,161,165,195,239,274,277,309,309,388,453,486,538,555,579,589,617,633,638,652,652,701,721,747,767,797,838,838,920,935,958,966,989,1019,1019,1080,1099,1136,1177,1197,1233,1233,1281,1315,1341,1377,1397,1425,1425,1464,1497,1515,1536,1575,1602,1602,1671,1687,1697,1738,1783,1833,1833,1833,1904,1963,2022,2061,2104,2104,2165,2188,2212,2244,2299,2330,2330,2394,2437,2475,2494,2533,2533,2553,2594,2625,2653,2678,2721,2721,2721
84006083,US,USA,840,6083.0,Santa Barbara,California,US,34.65329488,-120.0188492,"Santa Barbara, California, US",0,0,0,0,0,0,0,0,0,0,0,0,0,0,0,0,0,0,0,0,0,0,0,0,0,0,0,0,0,0,0,0,0,0,0,0,0,0,0,0,0,0,0,0,0,0,0,0,0,0,0,0,0,0,1,2,2,8,9,9,13,18,18,24,26,32,47,64,68,88,99,111,139,152,168,174,192,218,228,243,260,264,267,284,313,334,354,373,385,394,416,429,451,460,469,469,471,473,485,485,506,506,514,514,526,613,613,722,1250,1250,1362,1371,1371,1387,1387,1418,1474,1474,1517,1520,1520,1540,1551,1551,1551,1551,1604,1636,1636,1649,1649,1649,1669,1697,1714,1737,1787,1787,1817,1817,1864,1910,1910,1971,1971,2069,2115,2115,2253,2319,2319,2319
84006085,US,USA,840,6085.0,Santa Clara,California,US,37.23104908,-121.6970462,"Santa Clara, California, US",0,0,0,0,0,0,0,0,0,1,1,1,2,2,2,2,2,2,2,2,2,2,2,2,2,2,2,2,2,2,2,2,2,2,2,2,2,2,3,3,9,11,11,20,20,32,38,38,43,48,52,79,95,91,138,155,175,189,196,263,263,302,375,459,542,574,591,646,848,890,956,1019,1019,1148,1207,1207,1285,1380,1380,1442,1484,1566,1666,1666,1793,1833,1870,1870,1870,1922,1922,1962,1987,2018,2040,2084,2105,2122,2134,2163,2179,2205,2231,2244,2255,2268,2281,2290,2307,2339,2341,2362,2364,2391,2391,2418,2453,2453,2483,2492,2492,2492,2571,2617,2652,2675,2688,2701,2707,2731,2776,2776,2819,2832,2850,2892,2920,2942,2973,3017,3032,3063,3117,3157,3197,3230,3254,3288,3363,3398,3458,3547
84006087,US,USA,840,6087.0,Santa Cruz,California,US,37.05580291,-122.0066524,"Santa Cruz, California, US",0,0,0,0,0,0,0,0,0,0,0,0,0,0,0,0,0,0,0,0,0,0,0,0,0,0,0,0,0,0,0,0,0,0,0,0,0,0,0,0,0,0,0,0,0,0,0,0,2,2,4,7,7,7,9,13,13,14,15,15,15,22,22,24,25,32,34,41,44,45,49,54,57,59,69,69,76,76,76,80,80,88,91,91,96,96,98,101,104,106,108,111,114,115,115,120,124,125,127,131,132,134,137,137,138,138,139,140,141,141,141,146,146,149,149,157,159,163,165,168,174,186,192,192,200,200,205,206,206,212,213,217,217,219,219,221,226,231,234,235,239,249,254,255,257,257,260,269,273,283,286,296
84006089,US,USA,840,6089.0,Shasta,California,US,40.76391419,-122.0396884,"Shasta, California, US",0,0,0,0,0,0,0,0,0,0,0,0,0,0,0,0,0,0,0,0,0,0,0,0,0,0,0,0,0,0,0,0,0,0,0,0,0,0,0,0,0,0,0,0,0,0,0,1,1,1,1,1,1,1,1,1,1,1,1,1,1,2,2,3,3,3,3,4,4,6,7,7,11,12,17,20,21,23,24,24,24,24,24,25,25,25,26,26,26,26,26,26,28,30,30,30,30,30,31,31,31,31,31,31,31,31,31,31,31,31,32,32,32,33,33,33,34,34,34,34,34,34,36,36,36,36,37,37,37,37,39,39,39,40,40,42,42,42,46,46,47,48,48,49,50,51,51,51,62,76,80,81
84006091,US,USA,840,6091.0,Sierra,California,US,39.57713498,-120.52007009999998,"Sierra, California, US",0,0,0,0,0,0,0,0,0,0,0,0,0,0,0,0,0,0,0,0,0,0,0,0,0,0,0,0,0,0,0,0,0,0,0,0,0,0,0,0,0,0,0,0,0,0,0,0,0,0,0,0,0,0,0,0,0,0,0,0,0,0,0,0,0,0,0,0,0,0,0,0,0,0,0,0,0,0,0,0,0,0,0,0,0,0,0,0,0,0,0,0,0,0,0,0,0,0,0,0,0,0,0,0,0,0,0,0,0,0,0,0,0,0,0,0,0,0,0,0,0,1,1,1,1,1,1,1,1,1,1,1,1,1,1,1,1,1,1,1,1,1,1,1,1,1,1,1,1,1,1,1
84006093,US,USA,840,6093.0,Siskiyou,California,US,41.59198861,-122.54074340000001,"Siskiyou, California, US",0,0,0,0,0,0,0,0,0,0,0,0,0,0,0,0,0,0,0,0,0,0,0,0,0,0,0,0,0,0,0,0,0,0,0,0,0,0,0,0,0,0,0,0,0,0,0,0,0,0,0,0,0,0,0,0,0,0,0,0,2,2,2,3,3,3,3,3,4,3,3,3,3,3,3,4,4,4,4,5,5,5,5,5,5,5,5,5,5,5,5,5,5,5,5,5,5,5,5,5,5,5,5,5,5,5,5,5,5,5,5,5,5,5,5,5,5,6,6,6,6,6,6,6,6,6,6,6,7,7,7,7,8,9,9,9,9,12,12,13,14,14,14,15,16,18,20,20,21,21,22,23
84006095,US,USA,840,6095.0,Solano,California,US,38.26827353,-121.9357113,"Solano, California, US",0,0,0,0,0,0,0,0,0,0,0,0,0,0,0,0,0,0,0,0,0,0,0,0,0,0,0,0,0,0,0,0,0,0,0,0,0,0,0,0,0,0,0,0,0,0,0,0,3,6,6,6,6,6,7,7,8,8,13,13,13,14,21,24,31,34,34,34,34,43,49,54,61,73,73,73,88,99,112,115,121,121,121,135,140,141,169,169,169,180,180,181,191,199,199,199,199,249,254,263,266,266,266,267,320,337,337,342,351,351,379,388,388,408,408,410,410,410,430,435,435,449,455,455,455,455,499,509,509,517,517,517,546,547,559,565,566,566,590,590,617,643,643,657,657,685,687,687,811,860,860,860
84006097,US,USA,840,6097.0,Sonoma,California,US,38.52746429,-122.88625060000001,"Sonoma, California, US",0,0,0,0,0,0,0,0,0,0,0,0,0,0,0,0,0,0,0,0,0,0,0,0,0,0,0,0,0,0,0,0,0,0,0,0,0,0,0,0,1,1,1,1,1,1,1,3,3,3,3,3,1,2,5,4,8,6,9,22,22,29,29,34,37,44,50,58,58,73,78,91,95,105,107,111,111,120,136,142,145,145,147,152,160,163,172,180,180,181,182,192,194,217,217,218,220,222,228,232,244,248,252,257,261,272,286,292,300,309,309,312,333,337,351,364,373,387,391,411,433,444,467,482,500,515,524,530,531,548,553,564,566,579,593,610,624,642,653,664,671,680,701,722,752,758,765,774,803,822,835,853
84006099,US,USA,840,6099.0,Stanislaus,California,US,37.55862499,-120.9970722,"Stanislaus, California, US",0,0,0,0,0,0,0,0,0,0,0,0,0,0,0,0,0,0,0,0,0,0,0,0,0,0,0,0,0,0,0,0,0,0,0,0,0,0,0,0,0,0,0,0,0,0,0,0,0,2,2,2,2,2,3,3,5,5,5,5,5,8,11,12,13,17,23,29,31,33,39,44,51,58,65,71,81,90,95,103,116,121,131,146,163,177,187,206,221,226,232,236,251,264,264,286,294,312,339,339,380,380,411,411,428,461,461,476,488,496,508,517,517,537,537,559,571,571,593,598,598,611,621,629,646,659,670,683,683,699,744,744,750,767,792,816,840,865,937,937,1023,1072,1072,1110,1212,1242,1267,1267,1322,1473,1514,1599
84006101,US,USA,840,6101.0,Sutter,California,US,39.03417539,-121.6945899,"Sutter, California, US",0,0,0,0,0,0,0,0,0,0,0,0,0,0,0,0,0,0,0,0,0,0,0,0,0,0,0,0,0,0,0,0,0,0,0,0,0,0,0,0,0,0,0,0,0,0,0,0,0,0,0,0,0,0,0,0,0,0,0,0,0,0,0,0,2,2,3,6,6,9,10,14,14,16,16,16,16,19,20,37,37,37,37,23,24,24,24,25,25,26,26,26,44,44,44,45,45,29,30,30,31,31,31,31,31,31,31,31,32,33,34,34,35,37,37,37,38,40,40,40,40,40,40,40,40,42,42,42,42,43,46,46,46,46,48,51,55,55,65,65,67,69,69,83,86,88,89,89,97,99,101,101
84006103,US,USA,840,6103.0,Tehama,California,US,40.12570935,-122.23701709999999,"Tehama, California, US",0,0,0,0,0,0,0,0,0,0,0,0,0,0,0,0,0,0,0,0,0,0,0,0,0,0,0,0,0,0,0,0,0,0,0,0,0,0,0,0,0,0,0,0,0,0,0,0,0,0,0,0,0,0,0,0,0,0,0,0,0,0,0,0,0,0,0,0,0,0,0,0,0,1,1,1,1,1,1,1,1,1,1,1,1,1,1,1,1,1,1,1,1,1,1,1,1,1,1,1,1,1,1,1,1,1,1,1,1,1,1,1,1,1,1,2,2,2,2,2,2,3,3,3,3,3,4,4,4,4,4,4,5,6,6,7,8,8,9,11,12,12,20,21,21,27,28,28,32,34,34,34
84006105,US,USA,840,6105.0,Trinity,California,US,40.64917670000001,-123.114713,"Trinity, California, US",0,0,0,0,0,0,0,0,0,0,0,0,0,0,0,0,0,0,0,0,0,0,0,0,0,0,0,0,0,0,0,0,0,0,0,0,0,0,0,0,0,0,0,0,0,0,0,0,0,0,0,0,0,0,0,0,0,0,0,0,0,0,0,0,0,0,0,0,0,0,0,0,0,0,0,0,0,0,0,0,0,0,0,0,0,0,0,0,0,0,0,0,0,0,0,0,0,0,0,0,0,0,0,0,0,0,0,0,1,1,1,2,2,1,1,1,1,1,1,1,1,1,1,1,1,1,1,1,1,1,1,1,1,1,1,2,2,2,2,2,2,2,2,2,2,2,2,2,2,2,2,2
84006107,US,USA,840,6107.0,Tulare,California,US,36.22026558,-118.8020203,"Tulare, California, US",0,0,0,0,0,0,0,0,0,0,0,0,0,0,0,0,0,0,0,0,0,0,0,0,0,0,0,0,0,0,0,0,0,0,0,0,0,0,0,0,0,0,0,0,0,0,0,0,0,0,1,1,2,2,2,3,4,7,7,11,12,16,17,17,18,20,24,29,35,43,45,74,81,81,116,135,157,157,168,203,203,227,264,296,352,372,382,397,411,422,422,441,453,472,491,504,532,578,626,640,680,720,743,757,858,916,969,1013,1079,1140,1159,1241,1268,1295,1338,1426,1430,1436,1539,1552,1603,1641,1641,1641,1641,1771,1796,1835,1844,1844,1844,1897,2004,2026,2083,2116,2116,2116,2220,2381,2432,2475,2564,2564,2564,2664,2664,2881,3004,3046,3046,3046
84006109,US,USA,840,6109.0,Tuolumne,California,US,38.02644018,-119.95250929999999,"Tuolumne, California, US",0,0,0,0,0,0,0,0,0,0,0,0,0,0,0,0,0,0,0,0,0,0,0,0,0,0,0,0,0,0,0,0,0,0,0,0,0,0,0,0,0,0,0,0,0,0,0,0,0,0,0,0,0,0,0,0,0,0,0,0,0,0,0,0,0,0,0,0,0,2,2,2,2,2,2,2,2,1,1,1,1,1,1,1,2,2,2,2,2,2,2,2,2,2,3,3,3,4,4,4,4,4,4,4,4,2,2,2,2,2,2,2,2,2,2,2,2,2,2,2,2,2,2,3,3,3,4,4,4,4,4,4,4,4,5,5,7,7,7,7,7,8,8,8,9,9,9,9,9,9,10,12
84006111,US,USA,840,6111.0,Ventura,California,US,34.44465746,-119.09106129999999,"Ventura, California, US",0,0,0,0,0,0,0,0,0,0,0,0,0,0,0,0,0,0,0,0,0,0,0,0,0,0,0,0,0,0,0,0,0,0,0,0,0,0,0,0,0,0,0,0,0,0,0,0,1,1,2,2,5,5,4,10,10,13,19,19,25,30,35,39,50,61,83,98,109,126,149,160,177,203,221,221,243,263,274,298,298,309,314,317,365,384,396,396,422,428,428,443,465,476,476,496,497,508,517,535,544,559,566,577,595,608,631,631,652,666,678,698,725,748,764,764,764,764,825,837,858,883,912,912,912,912,1017,1062,1062,1078,1078,1152,1164,1164,1190,1216,1261,1261,1341,1341,1404,1404,1518,1518,1518,1633,1655,1706,1706,1835,1835,1835
84006113,US,USA,840,6113.0,Yolo,California,US,38.68278902,-121.90182879999999,"Yolo, California, US",0,0,0,0,0,0,0,0,0,0,0,0,0,0,0,0,0,0,0,0,0,0,0,0,0,0,0,0,0,0,0,0,0,0,0,0,0,0,0,0,0,0,0,0,1,1,1,1,1,1,1,1,2,2,2,4,4,5,5,6,6,6,8,10,11,13,16,16,16,24,25,28,33,37,37,37,50,56,67,71,75,88,93,101,102,116,125,126,137,137,142,146,151,157,157,161,161,162,163,164,169,169,171,171,171,172,172,172,172,172,174,177,177,182,182,183,184,184,185,185,185,186,190,190,194,198,200,207,207,210,211,211,213,213,216,216,221,221,225,226,227,240,240,252,253,255,265,265,302,310,321,330
84006115,US,USA,840,6115.0,Yuba,California,US,39.26255932,-121.35356440000001,"Yuba, California, US",0,0,0,0,0,0,0,0,0,0,0,0,0,0,0,0,0,0,0,0,0,0,0,0,0,0,0,0,0,0,0,0,0,0,0,0,0,0,0,0,0,0,0,0,0,0,0,0,0,0,0,0,0,0,0,0,0,0,0,0,2,3,3,0,3,3,3,3,4,6,7,8,8,9,9,11,11,13,15,15,15,15,15,15,15,15,15,15,16,16,16,16,16,16,16,16,16,16,17,18,19,19,19,19,19,19,19,20,20,20,21,23,23,25,25,25,25,26,28,28,28,28,28,28,28,28,28,28,29,30,30,30,30,31,31,31,32,32,32,32,33,34,34,35,35,36,37,37,39,41,42,42
84008001,US,USA,840,8001.0,Adams,Colorado,US,39.87432092,-104.3362578,"Adams, Colorado, US",0,0,0,0,0,0,0,0,0,0,0,0,0,0,0,0,0,0,0,0,0,0,0,0,0,0,0,0,0,0,0,0,0,0,0,0,0,0,0,0,0,0,0,0,0,0,0,0,0,0,2,3,6,6,8,10,10,10,12,14,18,25,27,38,50,71,95,110,152,181,212,260,294,320,354,367,388,417,475,543,593,647,693,726,758,805,860,894,915,968,996,1033,1082,1252,1302,1348,1391,1430,1490,1585,1665,1730,1780,1815,1883,1952,2046,2117,2205,2242,2278,2322,2374,2448,2520,2575,2613,2640,2675,2737,2759,2802,2856,2869,2908,2964,3006,3070,3142,3224,3258,3291,3338,3379,3458,3515,3552,3575,3605,3627,3643,3663,3698,3729,3743,3759,3771,3791,3819,3852,3872,3909
84008003,US,USA,840,8003.0,Alamosa,Colorado,US,37.57250606,-105.7885451,"Alamosa, Colorado, US",0,0,0,0,0,0,0,0,0,0,0,0,0,0,0,0,0,0,0,0,0,0,0,0,0,0,0,0,0,0,0,0,0,0,0,0,0,0,0,0,0,0,0,0,0,0,0,0,0,0,0,0,0,0,0,0,0,0,0,0,0,0,0,0,0,1,1,1,1,1,4,4,4,4,4,4,4,5,5,7,7,7,7,7,7,7,7,7,7,9,9,9,9,10,10,10,10,10,10,10,10,11,12,14,14,22,25,25,25,25,32,33,33,37,38,39,41,42,43,43,51,51,55,58,58,58,57,60,65,74,76,78,82,84,84,87,90,94,95,101,107,112,114,116,118,127,129,130,140,150,159,168
84008005,US,USA,840,8005.0,Arapahoe,Colorado,US,39.64977461,-104.3353617,"Arapahoe, Colorado, US",0,0,0,0,0,0,0,0,0,0,0,0,0,0,0,0,0,0,0,0,0,0,0,0,0,0,0,0,0,0,0,0,0,0,0,0,0,0,0,0,0,0,0,0,0,0,0,1,2,3,3,7,10,15,15,18,22,22,29,40,45,58,69,88,119,155,204,241,288,333,381,441,500,552,608,652,718,764,877,931,998,1083,1142,1183,1243,1342,1419,1498,1536,1602,1649,1717,1824,2030,2083,2160,2252,2312,2389,2472,2557,2625,2706,2758,2883,2977,3089,3148,3228,3272,3313,3370,3464,3526,3583,3652,3703,3767,3827,3889,3943,3974,4027,4039,4075,4121,4166,4201,4254,4353,4394,4416,4453,4496,4553,4591,4626,4637,4663,4687,4709,4723,4754,4788,4803,4818,4826,4861,4885,4905,4921,4941
84008007,US,USA,840,8007.0,Archuleta,Colorado,US,37.19474156,-107.04768670000001,"Archuleta, Colorado, US",0,0,0,0,0,0,0,0,0,0,0,0,0,0,0,0,0,0,0,0,0,0,0,0,0,0,0,0,0,0,0,0,0,0,0,0,0,0,0,0,0,0,0,0,0,0,0,0,0,0,0,0,0,0,0,0,0,0,0,0,0,0,0,0,0,0,0,0,1,1,1,1,1,1,1,6,6,6,6,6,6,6,6,6,6,6,6,7,7,7,7,9,8,8,8,8,8,8,8,8,8,8,8,8,8,8,8,8,8,8,8,8,8,8,8,8,8,8,8,8,8,8,8,8,8,8,8,8,8,8,8,8,8,8,8,8,8,8,8,8,8,8,8,8,8,8,8,8,8,8,8,8
84008009,US,USA,840,8009.0,Baca,Colorado,US,37.31940883,-102.5603223,"Baca, Colorado, US",0,0,0,0,0,0,0,0,0,0,0,0,0,0,0,0,0,0,0,0,0,0,0,0,0,0,0,0,0,0,0,0,0,0,0,0,0,0,0,0,0,0,0,0,0,0,0,0,0,0,0,0,0,0,0,0,0,0,0,0,0,0,0,0,0,1,1,1,1,3,3,9,9,9,9,9,9,9,9,9,10,10,10,10,10,10,10,10,10,10,10,10,10,10,10,10,10,10,10,10,10,10,12,12,12,12,12,12,12,12,12,12,12,12,12,12,12,12,12,12,12,12,12,12,12,12,12,12,12,12,12,12,12,12,12,12,12,12,12,12,12,12,12,12,12,12,12,12,12,12,12,12
84008011,US,USA,840,8011.0,Bent,Colorado,US,37.95474293,-103.0720195,"Bent, Colorado, US",0,0,0,0,0,0,0,0,0,0,0,0,0,0,0,0,0,0,0,0,0,0,0,0,0,0,0,0,0,0,0,0,0,0,0,0,0,0,0,0,0,0,0,0,0,0,0,0,0,0,0,0,0,0,0,0,0,0,0,0,0,0,0,0,0,0,0,0,0,0,0,0,0,0,0,0,0,0,0,0,0,0,0,0,0,0,0,0,0,0,0,0,0,0,0,0,0,0,0,0,0,0,0,0,0,0,0,0,0,1,1,1,1,1,1,1,1,1,1,1,1,2,2,2,2,2,2,2,2,2,2,2,2,2,2,2,2,3,3,3,3,3,3,3,3,3,3,3,3,3,3,3
84008013,US,USA,840,8013.0,Boulder,Colorado,US,40.09313619,-105.3546767,"Boulder, Colorado, US",0,0,0,0,0,0,0,0,0,0,0,0,0,0,0,0,0,0,0,0,0,0,0,0,0,0,0,0,0,0,0,0,0,0,0,0,0,0,0,0,0,0,0,0,0,0,0,0,0,0,0,0,1,7,7,8,8,11,24,30,37,39,49,51,66,76,84,90,100,107,114,132,143,154,177,189,206,207,217,234,246,264,284,293,300,312,327,342,352,360,390,417,426,470,497,500,515,543,565,580,618,646,661,679,685,700,720,743,757,767,777,788,797,805,825,835,844,857,871,878,890,898,923,928,932,941,947,956,964,974,980,984,986,995,1004,1008,1011,1016,1022,1027,1031,1040,1049,1065,1070,1088,1100,1137,1173,1211,1228,1243
84008014,US,USA,840,8014.0,Broomfield,Colorado,US,39.95998787,-105.0566324,"Broomfield, Colorado, US",0,0,0,0,0,0,0,0,0,0,0,0,0,0,0,0,0,0,0,0,0,0,0,0,0,0,0,0,0,0,0,0,0,0,0,0,0,0,0,0,0,0,0,0,0,0,0,0,0,0,0,0,0,0,0,0,0,0,1,1,1,2,5,8,10,13,16,17,18,20,21,30,36,44,50,50,50,52,61,68,74,81,81,88,92,95,98,101,101,103,106,110,113,126,135,139,141,145,147,150,157,163,165,167,178,180,186,191,195,198,200,201,203,204,207,209,211,213,214,215,218,220,220,220,221,224,226,227,232,236,240,242,244,245,251,252,253,255,256,258,258,259,261,264,264,265,268,270,271,274,277,278
84008015,US,USA,840,8015.0,Chaffee,Colorado,US,38.74745778,-106.19265729999998,"Chaffee, Colorado, US",0,0,0,0,0,0,0,0,0,0,0,0,0,0,0,0,0,0,0,0,0,0,0,0,0,0,0,0,0,0,0,0,0,0,0,0,0,0,0,0,0,0,0,0,0,0,0,0,0,0,0,0,0,0,0,0,0,0,0,2,3,3,3,3,5,5,11,15,15,17,17,18,19,21,22,22,22,23,26,27,28,28,28,28,31,35,35,37,38,38,38,55,55,66,66,66,66,66,66,66,67,67,67,67,68,68,68,68,68,68,68,68,69,69,69,69,69,69,69,69,69,69,70,70,71,72,71,72,72,72,72,76,77,76,76,77,78,78,78,78,78,78,78,78,78,78,78,78,78,78,78,78
84008017,US,USA,840,8017.0,Cheyenne,Colorado,US,38.82777431,-102.6032558,"Cheyenne, Colorado, US",0,0,0,0,0,0,0,0,0,0,0,0,0,0,0,0,0,0,0,0,0,0,0,0,0,0,0,0,0,0,0,0,0,0,0,0,0,0,0,0,0,0,0,0,0,0,0,0,0,0,0,0,0,0,0,0,0,0,0,0,0,0,0,0,0,0,0,0,0,0,0,0,0,0,0,0,0,0,0,0,0,0,0,0,0,0,0,0,0,0,0,0,0,0,0,0,0,0,0,0,0,0,0,0,0,0,0,2,4,4,5,5,4,5,5,5,5,5,5,5,5,5,5,5,5,5,5,5,5,5,5,5,5,5,5,5,5,5,5,5,5,5,5,5,5,5,5,5,5,5,5,5
84008019,US,USA,840,8019.0,Clear Creek,Colorado,US,39.68864463,-105.6463118,"Clear Creek, Colorado, US",0,0,0,0,0,0,0,0,0,0,0,0,0,0,0,0,0,0,0,0,0,0,0,0,0,0,0,0,0,0,0,0,0,0,0,0,0,0,0,0,0,0,0,0,0,0,0,0,0,0,0,1,1,1,1,2,2,2,2,3,3,3,3,3,3,3,3,3,3,4,6,6,6,6,6,6,7,7,10,11,11,11,11,11,11,11,11,11,11,11,11,11,12,13,13,13,13,13,13,13,13,13,13,13,13,13,13,14,14,14,14,15,15,15,15,16,16,16,16,16,16,16,16,16,16,16,16,16,16,16,16,17,17,17,17,17,17,17,17,17,17,17,17,17,17,17,17,18,18,18,18,18
84008021,US,USA,840,8021.0,Conejos,Colorado,US,37.201606,-106.19174879999998,"Conejos, Colorado, US",0,0,0,0,0,0,0,0,0,0,0,0,0,0,0,0,0,0,0,0,0,0,0,0,0,0,0,0,0,0,0,0,0,0,0,0,0,0,0,0,0,0,0,0,0,0,0,0,0,0,0,0,0,0,0,0,0,0,0,0,0,0,0,0,0,0,0,0,0,0,0,0,0,0,0,0,0,0,0,0,0,0,0,0,0,0,0,0,0,0,0,0,0,0,0,0,0,0,0,0,0,0,0,0,0,0,0,1,1,1,1,1,1,1,1,1,1,1,1,1,1,1,1,1,1,1,1,1,1,1,2,2,2,2,3,4,4,5,5,5,5,5,5,5,5,5,7,7,7,10,12,12
84008023,US,USA,840,8023.0,Costilla,Colorado,US,37.27732493,-105.4276548,"Costilla, Colorado, US",0,0,0,0,0,0,0,0,0,0,0,0,0,0,0,0,0,0,0,0,0,0,0,0,0,0,0,0,0,0,0,0,0,0,0,0,0,0,0,0,0,0,0,0,0,0,0,0,0,0,0,0,0,0,0,0,0,0,0,0,0,0,0,0,0,1,1,1,3,3,3,3,3,3,3,3,3,3,3,3,3,3,3,3,3,3,3,3,3,3,3,3,3,3,3,3,3,3,3,3,3,3,3,3,3,3,3,3,3,3,3,3,4,4,4,4,4,4,4,3,3,3,3,3,3,3,5,5,5,6,6,6,6,6,6,6,7,8,8,8,10,12,12,14,14,15,15,15,17,17,17,17
84008025,US,USA,840,8025.0,Crowley,Colorado,US,38.32608609,-103.7844965,"Crowley, Colorado, US",0,0,0,0,0,0,0,0,0,0,0,0,0,0,0,0,0,0,0,0,0,0,0,0,0,0,0,0,0,0,0,0,0,0,0,0,0,0,0,0,0,0,0,0,0,0,0,0,0,0,0,0,0,0,0,0,0,1,1,1,1,1,1,1,1,1,1,1,1,1,1,1,1,1,1,1,1,1,1,1,2,2,2,2,2,2,2,2,2,2,2,2,2,2,2,2,2,2,2,2,3,3,4,4,4,4,4,25,39,39,39,39,39,39,39,39,39,39,39,42,43,44,57,62,63,63,63,63,63,64,64,64,64,64,64,66,66,66,66,66,66,66,66,66,67,68,68,68,68,68,68,68
84008027,US,USA,840,8027.0,Custer,Colorado,US,38.10883162,-105.3683478,"Custer, Colorado, US",0,0,0,0,0,0,0,0,0,0,0,0,0,0,0,0,0,0,0,0,0,0,0,0,0,0,0,0,0,0,0,0,0,0,0,0,0,0,0,0,0,0,0,0,0,0,0,0,0,0,0,0,0,0,0,0,0,0,0,0,0,0,0,0,0,0,0,0,0,0,0,1,2,2,2,2,2,2,2,2,2,2,2,2,2,2,2,2,2,2,2,2,2,2,2,2,2,2,2,2,2,2,2,2,2,2,2,2,2,2,2,2,2,2,2,2,2,2,2,2,2,2,2,2,2,2,2,2,2,2,2,2,2,2,2,2,2,2,2,2,2,2,2,2,2,2,2,2,2,2,2,2
84008029,US,USA,840,8029.0,Delta,Colorado,US,38.86246243,-107.86313419999999,"Delta, Colorado, US",0,0,0,0,0,0,0,0,0,0,0,0,0,0,0,0,0,0,0,0,0,0,0,0,0,0,0,0,0,0,0,0,0,0,0,0,0,0,0,0,0,0,0,0,0,0,0,0,0,0,0,0,0,0,0,0,0,0,0,0,0,0,1,1,1,2,1,1,1,1,1,1,4,4,4,5,5,5,6,6,6,6,7,12,12,13,16,19,22,25,25,25,25,26,26,27,33,34,43,44,46,48,50,51,52,52,53,54,54,55,55,55,54,54,54,55,55,55,55,55,57,61,65,67,67,67,67,67,68,69,69,69,71,72,72,72,74,76,76,76,76,76,76,76,77,78,78,79,80,80,80,80
84008031,US,USA,840,8031.0,Denver,Colorado,US,39.76018276,-104.87256950000001,"Denver, Colorado, US",0,0,0,0,0,0,0,0,0,0,0,0,0,0,0,0,0,0,0,0,0,0,0,0,0,0,0,0,0,0,0,0,0,0,0,0,0,0,0,0,0,0,0,0,2,2,2,3,4,6,9,17,23,28,28,41,45,61,79,97,125,148,176,214,262,312,367,408,465,539,586,643,716,769,825,847,884,927,1031,1113,1182,1247,1346,1402,1468,1549,1636,1723,1784,1880,2004,2071,2172,2385,2487,2583,2682,2791,2890,3001,3092,3222,3345,3428,3546,3674,3799,3892,4001,4070,4118,4187,4254,4359,4452,4548,4656,4720,4790,4858,4948,5056,5151,5173,5216,5269,5316,5434,5569,5690,5775,5802,5854,5917,5977,6041,6079,6106,6138,6176,6204,6232,6257,6301,6330,6376,6401,6445,6493,6565,6603,6630
84008033,US,USA,840,8033.0,Dolores,Colorado,US,37.75208676,-108.5211585,"Dolores, Colorado, US",0,0,0,0,0,0,0,0,0,0,0,0,0,0,0,0,0,0,0,0,0,0,0,0,0,0,0,0,0,0,0,0,0,0,0,0,0,0,0,0,0,0,0,0,0,0,0,0,0,0,0,0,0,0,0,0,0,0,0,0,0,0,0,0,0,0,0,0,0,0,0,0,0,0,0,0,0,0,0,0,0,0,0,0,0,0,0,0,0,0,0,0,0,0,0,0,0,0,0,0,0,0,0,0,0,0,0,0,0,0,0,0,0,0,0,0,0,0,0,0,0,0,0,0,0,0,0,0,0,0,0,0,0,0,0,0,0,0,0,0,0,0,0,0,0,0,0,0,0,0,0,0
84008035,US,USA,840,8035.0,Douglas,Colorado,US,39.33133796,-104.930001,"Douglas, Colorado, US",0,0,0,0,0,0,0,0,0,0,0,0,0,0,0,0,0,0,0,0,0,0,0,0,0,0,0,0,0,0,0,0,0,0,0,0,0,0,0,0,0,0,0,1,3,3,3,3,3,3,3,4,4,8,8,9,11,14,17,27,33,48,53,58,67,79,92,102,119,141,158,171,194,209,223,227,232,244,270,282,292,298,304,311,312,329,353,360,368,381,384,392,399,414,425,439,449,453,468,478,502,518,526,531,543,556,573,584,591,601,604,607,612,621,632,637,640,649,654,659,663,669,675,675,678,683,695,699,705,715,720,724,726,733,746,751,753,756,757,764,771,779,790,794,801,807,815,820,825,831,839,852
84008037,US,USA,840,8037.0,Eagle,Colorado,US,39.62754308,-106.6933637,"Eagle, Colorado, US",0,0,0,0,0,0,0,0,0,0,0,0,0,0,0,0,0,0,0,0,0,0,0,0,0,0,0,0,0,0,0,0,0,0,0,0,0,0,0,0,0,0,0,0,1,1,1,2,3,4,11,16,20,24,34,34,39,51,61,74,80,92,96,120,147,170,182,187,213,227,295,314,333,333,339,355,372,374,394,426,433,452,457,468,480,479,482,483,485,486,487,488,489,506,512,533,535,540,546,550,550,546,551,552,547,552,554,555,558,558,559,561,562,564,566,570,570,570,571,572,577,577,580,581,577,580,580,584,586,587,587,587,590,599,599,603,607,608,610,612,615,617,621,623,625,626,628,632,633,639,641,649
84008039,US,USA,840,8039.0,Elbert,Colorado,US,39.28656773,-104.13587209999999,"Elbert, Colorado, US",0,0,0,0,0,0,0,0,0,0,0,0,0,0,0,0,0,0,0,0,0,0,0,0,0,0,0,0,0,0,0,0,0,0,0,0,0,0,0,0,0,0,0,0,0,0,0,0,0,0,0,0,0,0,0,0,0,0,0,3,3,3,3,3,3,3,3,3,4,5,5,5,6,9,9,9,9,10,10,13,14,16,16,17,16,17,20,23,23,24,24,24,26,27,27,27,27,27,28,29,30,31,31,32,36,37,37,39,39,39,39,40,41,41,42,44,45,47,47,48,48,48,48,48,49,49,51,51,52,52,53,53,53,53,53,53,54,54,56,57,54,54,54,54,54,54,54,54,54,54,54,54
84008041,US,USA,840,8041.0,El Paso,Colorado,US,38.83240149,-104.5251411,"El Paso, Colorado, US",0,0,0,0,0,0,0,0,0,0,0,0,0,0,0,0,0,0,0,0,0,0,0,0,0,0,0,0,0,0,0,0,0,0,0,0,0,0,0,0,0,0,0,0,1,1,1,1,1,1,1,2,3,4,6,6,8,15,27,37,51,69,106,122,137,160,184,214,245,286,314,340,374,406,435,441,457,472,534,550,578,613,641,652,668,689,708,721,731,734,744,774,798,853,862,867,879,884,907,932,964,988,994,1005,1028,1055,1079,1097,1109,1124,1137,1157,1175,1204,1251,1291,1314,1348,1357,1386,1428,1460,1493,1505,1535,1581,1600,1636,1674,1717,1732,1748,1761,1778,1788,1802,1817,1834,1862,1880,1888,1907,1920,1925,1932,1941,1960,2001,2024,2063,2079,2101
84008043,US,USA,840,8043.0,Fremont,Colorado,US,38.47362326,-105.43996670000001,"Fremont, Colorado, US",0,0,0,0,0,0,0,0,0,0,0,0,0,0,0,0,0,0,0,0,0,0,0,0,0,0,0,0,0,0,0,0,0,0,0,0,0,0,0,0,0,0,0,0,0,0,0,0,0,0,0,0,0,0,0,0,0,0,0,0,0,0,1,1,1,1,1,1,2,2,2,2,2,3,3,3,4,4,5,5,6,7,8,8,9,9,9,9,10,11,11,19,19,19,20,22,22,22,22,22,22,22,22,22,22,22,23,23,23,23,23,23,23,25,25,25,25,25,25,25,26,26,26,26,26,26,26,26,26,26,26,26,27,26,26,26,26,26,26,26,26,26,26,29,29,29,29,30,30,30,30,31
84008045,US,USA,840,8045.0,Garfield,Colorado,US,39.59921777,-107.902708,"Garfield, Colorado, US",0,0,0,0,0,0,0,0,0,0,0,0,0,0,0,0,0,0,0,0,0,0,0,0,0,0,0,0,0,0,0,0,0,0,0,0,0,0,0,0,0,0,0,0,0,0,0,0,0,0,0,0,0,1,2,2,2,3,4,7,8,8,10,13,16,16,23,25,31,33,34,43,45,45,46,47,48,49,50,52,54,55,58,59,62,64,65,70,70,71,71,71,74,81,83,87,88,89,91,93,93,95,97,97,99,99,100,102,103,104,103,111,112,112,113,113,115,114,115,114,114,120,120,121,123,134,135,135,137,138,139,143,148,150,157,158,161,162,164,166,171,176,177,181,184,193,195,199,205,214,217,222
84008047,US,USA,840,8047.0,Gilpin,Colorado,US,39.85646523,-105.5252597,"Gilpin, Colorado, US",0,0,0,0,0,0,0,0,0,0,0,0,0,0,0,0,0,0,0,0,0,0,0,0,0,0,0,0,0,0,0,0,0,0,0,0,0,0,0,0,0,0,0,0,0,0,0,0,0,0,0,0,0,0,0,0,0,0,0,0,0,0,0,0,0,0,0,0,0,0,0,0,0,0,0,0,0,0,1,1,1,1,1,1,1,1,1,1,1,1,1,1,1,1,1,1,1,1,1,1,1,1,1,1,1,1,1,1,3,3,1,1,1,2,3,4,4,4,4,3,3,3,3,3,3,3,3,3,3,3,3,3,3,4,4,4,5,5,5,5,5,5,6,6,6,6,6,6,6,6,6,6
84008049,US,USA,840,8049.0,Grand,Colorado,US,40.10603347,-106.11780420000001,"Grand, Colorado, US",0,0,0,0,0,0,0,0,0,0,0,0,0,0,0,0,0,0,0,0,0,0,0,0,0,0,0,0,0,0,0,0,0,0,0,0,0,0,0,0,0,0,0,0,0,0,0,0,0,0,0,0,0,0,0,0,0,1,2,2,2,2,2,2,2,2,2,2,4,4,4,4,4,4,4,4,4,4,4,4,4,4,4,4,4,4,4,4,4,4,5,5,5,5,5,5,5,5,5,5,5,5,5,5,5,5,5,5,5,5,5,5,5,5,5,5,5,5,5,5,5,5,6,6,7,7,8,10,12,14,14,14,15,15,15,15,15,15,15,15,15,15,15,15,16,17,17,17,17,18,18,19
84008051,US,USA,840,8051.0,Gunnison,Colorado,US,38.66611652,-107.0320729,"Gunnison, Colorado, US",0,0,0,0,0,0,0,0,0,0,0,0,0,0,0,0,0,0,0,0,0,0,0,0,0,0,0,0,0,0,0,0,0,0,0,0,0,0,0,0,0,0,0,0,0,0,0,0,1,3,4,5,7,9,11,11,11,13,13,18,22,28,40,52,57,66,78,79,80,82,84,86,88,90,93,95,95,98,99,101,102,101,99,99,104,111,112,114,114,117,121,121,121,123,151,158,158,161,161,166,166,165,165,168,168,172,173,173,173,173,173,174,180,182,182,182,183,179,179,176,177,177,178,180,179,178,177,177,177,177,177,177,178,178,178,178,178,179,180,181,181,181,181,181,181,181,182,182,181,182,182,182
84008053,US,USA,840,8053.0,Hinsdale,Colorado,US,37.82247444,-107.3004345,"Hinsdale, Colorado, US",0,0,0,0,0,0,0,0,0,0,0,0,0,0,0,0,0,0,0,0,0,0,0,0,0,0,0,0,0,0,0,0,0,0,0,0,0,0,0,0,0,0,0,0,0,0,0,0,0,0,0,0,0,0,0,0,0,0,0,1,1,1,1,1,1,1,1,1,1,1,1,1,1,1,1,1,1,1,1,1,1,2,2,3,3,3,3,3,3,3,3,3,3,3,3,3,3,3,3,3,3,3,3,3,3,3,3,3,3,3,3,3,3,3,3,3,3,3,3,3,3,3,3,3,3,3,3,3,3,3,3,3,3,3,3,3,3,3,3,3,3,3,3,3,3,3,3,3,3,3,3,3
84008055,US,USA,840,8055.0,Huerfano,Colorado,US,37.68473101,-104.9612585,"Huerfano, Colorado, US",0,0,0,0,0,0,0,0,0,0,0,0,0,0,0,0,0,0,0,0,0,0,0,0,0,0,0,0,0,0,0,0,0,0,0,0,0,0,0,0,0,0,0,0,0,0,0,0,0,0,0,0,0,0,0,0,0,0,0,0,0,0,1,1,1,1,1,1,1,1,1,1,1,1,1,1,1,1,1,1,1,1,1,1,1,1,1,1,1,1,1,1,1,1,2,2,2,2,2,2,2,2,2,2,2,2,2,3,3,3,3,3,3,3,3,3,3,3,3,3,3,3,3,3,3,3,3,3,3,3,3,3,3,3,3,3,3,3,3,3,3,3,3,3,3,3,3,3,3,3,4,4
84008057,US,USA,840,8057.0,Jackson,Colorado,US,40.66593870000001,-106.3408905,"Jackson, Colorado, US",0,0,0,0,0,0,0,0,0,0,0,0,0,0,0,0,0,0,0,0,0,0,0,0,0,0,0,0,0,0,0,0,0,0,0,0,0,0,0,0,0,0,0,0,0,0,0,0,0,0,0,0,0,0,0,0,0,0,0,0,0,0,0,0,0,0,0,0,0,0,0,0,0,0,0,0,0,0,0,0,0,0,0,0,0,0,0,0,0,0,0,0,0,0,0,0,0,0,0,0,0,0,0,0,0,0,0,0,0,0,0,0,0,0,0,0,0,0,0,0,0,0,0,0,0,0,0,0,0,0,0,0,0,0,0,0,0,0,0,0,0,0,0,0,0,0,0,0,0,0,0,0
84008059,US,USA,840,8059.0,Jefferson,Colorado,US,39.58635604,-105.2517692,"Jefferson, Colorado, US",0,0,0,0,0,0,0,0,0,0,0,0,0,0,0,0,0,0,0,0,0,0,0,0,0,0,0,0,0,0,0,0,0,0,0,0,0,0,0,0,0,0,0,1,1,1,1,1,2,4,5,7,9,12,17,17,25,36,37,43,51,55,73,93,131,158,182,213,253,304,356,385,440,483,519,540,579,610,660,683,713,763,787,809,837,860,888,930,957,987,1011,1064,1075,1157,1236,1265,1276,1298,1314,1338,1373,1384,1405,1431,1466,1507,1542,1574,1627,1649,1658,1678,1716,1748,1775,1800,1831,1849,1882,1932,1974,1999,2030,2040,2061,2090,2098,2123,2171,2196,2221,2244,2266,2294,2310,2343,2370,2373,2384,2398,2424,2436,2445,2458,2458,2466,2477,2488,2508,2522,2526,2532
84008061,US,USA,840,8061.0,Kiowa,Colorado,US,38.43260896,-102.7392145,"Kiowa, Colorado, US",0,0,0,0,0,0,0,0,0,0,0,0,0,0,0,0,0,0,0,0,0,0,0,0,0,0,0,0,0,0,0,0,0,0,0,0,0,0,0,0,0,0,0,0,0,0,0,0,0,0,0,0,0,0,0,0,0,0,0,0,0,0,0,0,0,0,0,0,0,0,0,0,0,0,0,0,0,0,0,0,0,0,0,0,0,0,0,0,0,0,0,0,0,0,0,0,0,0,0,0,0,0,0,0,0,0,0,0,0,0,0,0,0,0,0,0,0,0,0,0,0,0,0,0,0,0,0,0,0,0,0,0,0,0,0,0,0,0,0,0,0,0,0,0,0,0,0,0,0,0,0,0
84008063,US,USA,840,8063.0,Kit Carson,Colorado,US,39.30497777,-102.60221990000001,"Kit Carson, Colorado, US",0,0,0,0,0,0,0,0,0,0,0,0,0,0,0,0,0,0,0,0,0,0,0,0,0,0,0,0,0,0,0,0,0,0,0,0,0,0,0,0,0,0,0,0,0,0,0,0,0,0,0,0,0,0,0,0,0,0,0,0,0,0,0,0,1,2,2,1,1,2,4,4,4,5,5,5,5,5,6,6,7,8,8,8,8,13,13,14,18,18,18,18,18,19,19,20,20,20,20,21,21,21,21,21,22,24,24,24,26,26,25,25,25,25,26,26,26,26,26,26,26,26,26,26,26,26,26,26,26,26,26,26,26,26,30,30,30,30,30,30,30,30,30,30,31,31,31,31,31,31,31,31
84008065,US,USA,840,8065.0,Lake,Colorado,US,39.20278823,-106.35556969999999,"Lake, Colorado, US",0,0,0,0,0,0,0,0,0,0,0,0,0,0,0,0,0,0,0,0,0,0,0,0,0,0,0,0,0,0,0,0,0,0,0,0,0,0,0,0,0,0,0,0,0,0,0,0,0,0,0,0,0,0,0,0,0,0,0,0,0,0,0,0,0,0,0,0,0,1,2,2,3,3,3,3,3,3,4,4,4,4,4,5,5,8,8,8,8,8,8,9,10,12,16,17,17,17,17,18,19,20,20,21,21,21,23,23,23,23,23,23,23,23,24,26,26,26,26,27,27,27,27,27,27,27,27,27,29,29,31,31,31,32,34,35,36,37,38,38,38,38,38,38,39,39,39,40,42,46,46,48
84008067,US,USA,840,8067.0,La Plata,Colorado,US,37.28632032,-107.8429014,"La Plata, Colorado, US",0,0,0,0,0,0,0,0,0,0,0,0,0,0,0,0,0,0,0,0,0,0,0,0,0,0,0,0,0,0,0,0,0,0,0,0,0,0,0,0,0,0,0,0,0,0,0,0,0,0,0,0,0,0,0,0,0,0,0,0,0,0,1,1,5,13,17,21,21,23,23,24,25,25,29,32,34,34,37,44,43,44,44,44,46,47,51,52,52,52,51,53,55,56,59,59,59,59,62,62,63,63,63,63,63,63,63,64,65,65,65,66,66,66,66,68,68,68,72,72,83,73,76,77,77,79,77,77,80,80,81,82,82,82,82,82,82,82,82,84,84,84,84,84,84,85,86,85,86,85,86,86
84008069,US,USA,840,8069.0,Larimer,Colorado,US,40.66671597,-105.4625784,"Larimer, Colorado, US",0,0,0,0,0,0,0,0,0,0,0,0,0,0,0,0,0,0,0,0,0,0,0,0,0,0,0,0,0,0,0,0,0,0,0,0,0,0,0,0,0,0,0,0,0,0,0,1,1,1,1,1,1,1,2,2,4,5,7,19,32,34,43,45,61,67,79,84,92,99,107,124,134,144,153,158,161,167,174,177,180,187,193,198,202,217,224,231,239,245,250,266,274,291,303,312,321,334,348,363,377,384,395,395,409,415,423,437,444,448,452,455,456,463,472,485,489,495,508,512,517,520,530,537,540,544,552,567,570,576,583,589,589,606,610,613,616,619,628,632,636,635,637,641,647,652,659,658,661,668,673,680
84008071,US,USA,840,8071.0,Las Animas,Colorado,US,37.3153406,-104.03764579999999,"Las Animas, Colorado, US",0,0,0,0,0,0,0,0,0,0,0,0,0,0,0,0,0,0,0,0,0,0,0,0,0,0,0,0,0,0,0,0,0,0,0,0,0,0,0,0,0,0,0,0,0,0,0,0,0,0,0,0,0,0,0,0,0,0,0,0,0,0,0,0,0,0,0,0,0,0,0,0,1,1,1,1,1,1,2,2,2,2,2,2,2,3,3,3,3,3,3,3,3,3,3,3,3,3,3,3,3,3,3,3,4,4,4,4,4,4,4,4,4,4,4,4,4,4,4,4,4,5,5,5,5,5,5,5,5,5,5,5,5,5,5,5,5,5,5,6,6,6,6,6,6,7,7,7,7,7,7,8
84008073,US,USA,840,8073.0,Lincoln,Colorado,US,38.98749519,-103.51366490000001,"Lincoln, Colorado, US",0,0,0,0,0,0,0,0,0,0,0,0,0,0,0,0,0,0,0,0,0,0,0,0,0,0,0,0,0,0,0,0,0,0,0,0,0,0,0,0,0,0,0,0,0,0,0,0,0,0,0,0,0,0,0,0,0,0,0,0,0,0,0,0,0,1,1,1,1,1,1,1,1,1,1,1,1,1,1,1,1,1,2,2,2,2,3,3,3,3,3,3,3,3,4,4,3,3,3,3,3,3,3,3,3,3,3,3,3,3,3,3,3,3,3,3,3,3,3,3,3,3,3,3,3,3,3,3,3,3,3,3,3,3,3,3,3,3,3,3,3,3,3,3,3,3,3,3,3,3,3,4
84008075,US,USA,840,8075.0,Logan,Colorado,US,40.7249637,-103.110817,"Logan, Colorado, US",0,0,0,0,0,0,0,0,0,0,0,0,0,0,0,0,0,0,0,0,0,0,0,0,0,0,0,0,0,0,0,0,0,0,0,0,0,0,0,0,0,0,0,0,0,0,0,0,0,0,0,0,0,0,0,0,0,0,0,0,2,2,2,2,2,3,5,5,5,6,6,7,7,8,9,11,13,13,13,13,13,13,13,13,13,17,17,17,17,22,23,24,24,31,213,248,259,266,270,282,282,288,291,291,292,295,318,350,389,401,432,473,480,483,483,485,487,488,488,489,490,491,493,582,582,582,582,585,601,602,614,619,620,621,624,627,630,631,631,631,631,632,632,632,633,633,633,634,634,635,635,635
84008077,US,USA,840,8077.0,Mesa,Colorado,US,39.01787888,-108.469799,"Mesa, Colorado, US",0,0,0,0,0,0,0,0,0,0,0,0,0,0,0,0,0,0,0,0,0,0,0,0,0,0,0,0,0,0,0,0,0,0,0,0,0,0,0,0,0,0,0,0,0,0,0,0,0,0,0,0,1,1,1,1,1,1,1,1,4,5,5,6,6,7,9,12,12,14,14,17,20,20,20,25,27,32,32,34,34,35,35,35,34,34,34,34,35,35,35,37,37,37,38,38,40,42,44,46,47,47,47,47,49,50,50,50,51,51,51,51,51,51,50,50,50,50,50,50,50,50,54,55,55,55,51,53,54,54,54,55,55,56,59,60,62,62,62,64,65,65,66,66,69,72,81,73,77,78,79,79
84008079,US,USA,840,8079.0,Mineral,Colorado,US,37.66954283,-106.92816979999999,"Mineral, Colorado, US",0,0,0,0,0,0,0,0,0,0,0,0,0,0,0,0,0,0,0,0,0,0,0,0,0,0,0,0,0,0,0,0,0,0,0,0,0,0,0,0,0,0,0,0,0,0,0,0,0,0,0,0,0,0,0,0,0,0,0,0,0,0,0,0,0,0,0,1,1,2,2,2,2,2,2,2,2,2,2,2,2,2,2,2,2,2,2,2,2,2,2,2,2,2,2,2,2,2,2,2,2,2,2,2,2,2,2,2,2,2,2,2,2,2,2,2,2,2,2,2,2,2,2,2,2,2,2,2,2,2,2,2,2,2,2,2,2,2,2,2,2,2,2,2,2,2,2,2,2,2,2,2
84008081,US,USA,840,8081.0,Moffat,Colorado,US,40.61810999,-108.2070876,"Moffat, Colorado, US",0,0,0,0,0,0,0,0,0,0,0,0,0,0,0,0,0,0,0,0,0,0,0,0,0,0,0,0,0,0,0,0,0,0,0,0,0,0,0,0,0,0,0,0,0,0,0,0,0,0,0,0,0,0,0,0,0,0,0,0,0,0,0,0,0,0,2,2,4,4,4,4,3,3,3,3,3,3,3,3,3,3,3,3,3,3,3,4,4,5,6,6,6,6,6,6,6,6,6,6,6,6,6,6,6,6,6,6,6,6,6,6,6,6,6,6,6,6,6,6,6,6,6,6,6,7,7,7,7,7,7,7,8,8,8,8,8,8,8,8,8,8,8,8,8,8,8,8,9,9,9,9
84008083,US,USA,840,8083.0,Montezuma,Colorado,US,37.33859579,-108.59588570000001,"Montezuma, Colorado, US",0,0,0,0,0,0,0,0,0,0,0,0,0,0,0,0,0,0,0,0,0,0,0,0,0,0,0,0,0,0,0,0,0,0,0,0,0,0,0,0,0,0,0,0,0,0,0,0,0,0,0,0,0,0,0,0,0,0,0,0,0,0,0,0,0,0,0,1,1,1,1,3,3,6,8,8,8,8,8,12,11,12,12,12,12,13,13,13,13,13,13,13,15,15,15,15,15,15,16,16,16,16,17,18,18,19,21,23,23,23,24,25,25,25,26,27,27,27,29,30,30,35,35,35,36,36,36,37,39,43,45,46,46,46,46,46,50,57,57,58,58,58,59,59,60,62,65,65,66,67,67,67
84008085,US,USA,840,8085.0,Montrose,Colorado,US,38.40214114,-108.26390220000002,"Montrose, Colorado, US",0,0,0,0,0,0,0,0,0,0,0,0,0,0,0,0,0,0,0,0,0,0,0,0,0,0,0,0,0,0,0,0,0,0,0,0,0,0,0,0,0,0,0,0,0,0,0,0,0,0,0,0,0,0,0,0,0,0,0,1,1,1,3,4,4,6,8,8,10,13,13,14,26,31,32,34,35,35,38,38,50,57,59,63,65,69,70,72,77,80,80,82,82,83,87,90,92,94,96,96,98,102,105,106,107,110,114,121,122,124,127,127,128,129,131,135,136,136,136,136,147,152,159,159,159,163,163,163,168,169,172,177,181,181,182,183,185,188,190,190,190,191,191,194,195,195,197,198,198,198,199,200
84008087,US,USA,840,8087.0,Morgan,Colorado,US,40.26279810000001,-103.8093302,"Morgan, Colorado, US",0,0,0,0,0,0,0,0,0,0,0,0,0,0,0,0,0,0,0,0,0,0,0,0,0,0,0,0,0,0,0,0,0,0,0,0,0,0,0,0,0,0,0,0,0,0,0,0,0,0,0,0,0,0,0,0,0,1,2,2,2,3,3,3,3,4,4,5,4,4,5,7,7,16,17,19,23,23,44,51,56,59,75,89,103,122,135,147,157,167,180,202,214,232,249,259,298,344,358,372,384,395,399,413,422,439,448,463,485,508,517,521,527,534,542,557,561,565,574,579,586,591,603,604,609,613,616,620,623,628,629,630,631,635,638,641,641,644,645,644,644,645,645,646,646,646,646,646,647,649,649,649
84008089,US,USA,840,8089.0,Otero,Colorado,US,37.9014485,-103.7173385,"Otero, Colorado, US",0,0,0,0,0,0,0,0,0,0,0,0,0,0,0,0,0,0,0,0,0,0,0,0,0,0,0,0,0,0,0,0,0,0,0,0,0,0,0,0,0,0,0,0,0,0,0,0,0,0,0,0,0,0,0,0,0,0,0,0,0,0,0,1,1,2,3,3,3,3,3,3,3,3,3,4,4,4,5,5,5,5,5,5,5,5,6,6,6,7,7,7,7,8,8,8,8,8,8,10,10,10,10,10,10,10,10,10,10,10,10,10,11,11,11,11,11,11,11,13,14,14,14,14,15,15,15,18,18,18,19,19,19,20,21,21,21,21,22,22,22,22,22,22,22,22,22,22,22,22,22,22
84008091,US,USA,840,8091.0,Ouray,Colorado,US,38.14717457,-107.7675136,"Ouray, Colorado, US",0,0,0,0,0,0,0,0,0,0,0,0,0,0,0,0,0,0,0,0,0,0,0,0,0,0,0,0,0,0,0,0,0,0,0,0,0,0,0,0,0,0,0,0,0,0,0,0,0,0,0,0,0,0,0,0,0,0,0,0,0,0,0,0,0,0,0,0,0,0,0,0,0,2,2,2,3,3,4,4,4,4,4,4,4,4,5,5,5,5,5,5,5,5,5,5,5,5,5,5,5,5,5,5,5,5,5,6,6,6,6,6,6,6,7,7,7,7,7,7,7,7,8,8,8,8,8,8,8,8,8,8,8,8,8,8,8,8,8,8,8,8,8,8,8,8,8,8,9,9,10,10
84008093,US,USA,840,8093.0,Park,Colorado,US,39.120926000000004,-105.7182065,"Park, Colorado, US",0,0,0,0,0,0,0,0,0,0,0,0,0,0,0,0,0,0,0,0,0,0,0,0,0,0,0,0,0,0,0,0,0,0,0,0,0,0,0,0,0,0,0,0,0,0,0,0,0,0,0,0,0,0,0,0,0,0,1,1,1,1,1,1,1,1,1,3,4,3,3,3,5,5,5,5,5,5,5,6,6,6,6,6,6,6,6,6,6,6,6,6,6,7,7,7,7,11,11,11,13,14,14,14,14,15,15,15,15,15,16,16,16,16,16,16,16,16,20,20,21,21,23,23,23,23,23,23,23,23,23,23,23,23,23,23,23,23,23,23,24,23,23,23,23,23,23,23,23,23,23,24
84008095,US,USA,840,8095.0,Phillips,Colorado,US,40.59414277,-102.3577703,"Phillips, Colorado, US",0,0,0,0,0,0,0,0,0,0,0,0,0,0,0,0,0,0,0,0,0,0,0,0,0,0,0,0,0,0,0,0,0,0,0,0,0,0,0,0,0,0,0,0,0,0,0,0,0,0,0,0,0,0,0,0,0,0,0,0,0,0,0,0,0,0,0,0,0,1,1,2,2,3,3,3,3,4,4,4,4,4,4,4,4,4,5,5,5,5,5,5,5,5,5,5,6,6,6,6,6,5,5,5,5,6,7,7,8,8,9,9,9,9,10,10,10,10,10,10,10,10,12,12,12,12,12,12,13,13,13,14,14,14,14,14,14,14,15,15,15,15,15,15,15,15,15,15,15,15,15,15
84008097,US,USA,840,8097.0,Pitkin,Colorado,US,39.21720112,-106.9310027,"Pitkin, Colorado, US",0,0,0,0,0,0,0,0,0,0,0,0,0,0,0,0,0,0,0,0,0,0,0,0,0,0,0,0,0,0,0,0,0,0,0,0,0,0,0,0,0,0,0,0,0,0,0,0,0,9,10,10,11,11,11,11,11,12,15,15,16,18,18,21,23,25,26,27,29,30,33,36,38,38,38,39,39,39,39,47,49,49,49,49,51,51,51,57,57,57,58,57,57,59,59,61,61,61,62,65,65,51,51,51,52,53,54,54,54,54,54,54,54,54,56,56,56,57,57,57,57,57,57,57,57,57,57,57,57,58,58,58,58,59,59,59,60,59,61,62,63,64,63,65,65,67,72,75,78,80,80,80
84008099,US,USA,840,8099.0,Prowers,Colorado,US,37.95544985,-102.3926052,"Prowers, Colorado, US",0,0,0,0,0,0,0,0,0,0,0,0,0,0,0,0,0,0,0,0,0,0,0,0,0,0,0,0,0,0,0,0,0,0,0,0,0,0,0,0,0,0,0,0,0,0,0,0,0,0,0,0,0,0,0,0,0,0,0,0,0,0,0,0,0,0,0,0,0,0,0,0,0,0,0,0,0,0,1,1,1,1,1,1,1,1,1,1,1,1,1,1,1,1,1,1,1,1,1,1,1,1,1,1,3,8,8,8,8,9,9,9,9,9,10,10,10,10,11,11,11,11,12,12,12,12,13,13,13,13,14,14,15,15,15,15,15,15,16,16,16,17,17,16,16,16,16,16,16,16,16,16
84008101,US,USA,840,8101.0,Pueblo,Colorado,US,38.17359144,-104.5127437,"Pueblo, Colorado, US",0,0,0,0,0,0,0,0,0,0,0,0,0,0,0,0,0,0,0,0,0,0,0,0,0,0,0,0,0,0,0,0,0,0,0,0,0,0,0,0,0,0,0,0,0,0,0,0,0,0,0,1,1,1,1,1,1,2,3,3,3,3,3,3,3,6,7,10,16,21,22,26,31,36,40,42,44,45,48,50,53,58,64,64,68,72,78,84,87,88,92,107,108,117,121,131,134,136,136,139,146,150,158,158,158,161,163,170,176,182,185,188,188,186,195,202,204,217,219,220,230,233,260,263,263,264,278,278,281,289,295,297,297,300,302,306,313,320,320,323,324,326,332,346,352,352,351,351,351,351,355,357
84008103,US,USA,840,8103.0,Rio Blanco,Colorado,US,39.97913541,-108.2179009,"Rio Blanco, Colorado, US",0,0,0,0,0,0,0,0,0,0,0,0,0,0,0,0,0,0,0,0,0,0,0,0,0,0,0,0,0,0,0,0,0,0,0,0,0,0,0,0,0,0,0,0,0,0,0,0,0,0,0,0,0,0,0,0,0,0,0,0,0,0,0,0,0,0,0,0,0,0,0,0,1,1,1,1,1,1,1,1,1,1,1,1,1,1,1,1,1,1,1,1,1,1,1,1,1,1,1,1,1,1,1,1,1,1,1,1,1,1,1,1,1,1,1,1,1,1,1,1,1,1,1,1,1,1,1,1,1,1,1,1,1,1,1,1,1,1,1,1,1,1,1,1,1,1,2,2,2,2,2,2
84008105,US,USA,840,8105.0,Rio Grande,Colorado,US,37.5836865,-106.3847838,"Rio Grande, Colorado, US",0,0,0,0,0,0,0,0,0,0,0,0,0,0,0,0,0,0,0,0,0,0,0,0,0,0,0,0,0,0,0,0,0,0,0,0,0,0,0,0,0,0,0,0,0,0,0,0,0,0,0,0,0,0,0,0,0,0,0,0,0,0,0,0,2,2,2,3,4,5,5,5,5,5,5,5,5,5,5,5,5,5,5,5,7,7,7,7,7,7,7,7,7,7,7,7,7,7,7,7,7,7,7,7,7,7,7,7,7,7,8,7,7,7,7,8,8,8,9,8,14,15,16,16,16,16,13,14,16,23,33,35,37,36,38,40,43,45,46,47,48,51,53,53,53,54,55,55,57,62,62,64
84008107,US,USA,840,8107.0,Routt,Colorado,US,40.48596505,-106.9905548,"Routt, Colorado, US",0,0,0,0,0,0,0,0,0,0,0,0,0,0,0,0,0,0,0,0,0,0,0,0,0,0,0,0,0,0,0,0,0,0,0,0,0,0,0,0,0,0,0,0,0,0,0,0,0,0,0,1,1,1,2,2,2,2,2,2,3,3,4,6,9,12,14,16,16,17,19,23,28,29,29,29,32,32,32,35,35,36,41,41,41,43,46,49,49,49,51,52,52,52,52,54,54,55,54,56,56,56,56,56,58,58,58,58,58,58,58,59,59,59,59,59,59,60,59,59,59,59,59,59,59,59,61,61,61,61,62,62,62,62,62,62,62,62,62,62,63,64,64,64,64,63,63,63,63,63,63,64
84008109,US,USA,840,8109.0,Saguache,Colorado,US,38.08054629,-106.28246599999999,"Saguache, Colorado, US",0,0,0,0,0,0,0,0,0,0,0,0,0,0,0,0,0,0,0,0,0,0,0,0,0,0,0,0,0,0,0,0,0,0,0,0,0,0,0,0,0,0,0,0,0,0,0,0,0,0,0,0,0,0,0,0,0,0,0,0,0,0,0,0,0,0,0,0,0,1,1,3,3,3,3,3,3,3,3,3,3,3,3,3,3,3,3,3,3,3,3,3,3,3,3,3,3,3,4,4,4,3,3,3,3,3,3,4,5,5,5,8,8,15,16,16,16,17,18,18,20,23,24,25,36,36,25,33,48,79,81,89,89,90,89,92,93,93,94,94,95,95,97,97,98,99,99,99,98,100,100,100
84008111,US,USA,840,8111.0,San Juan,Colorado,US,37.76248981,-107.67632890000002,"San Juan, Colorado, US",0,0,0,0,0,0,0,0,0,0,0,0,0,0,0,0,0,0,0,0,0,0,0,0,0,0,0,0,0,0,0,0,0,0,0,0,0,0,0,0,0,0,0,0,0,0,0,0,0,0,0,0,0,0,0,0,0,0,0,0,0,0,0,0,0,0,0,0,0,0,0,0,0,0,0,0,0,0,0,0,0,0,0,0,0,0,0,0,0,0,0,0,0,0,0,1,0,0,0,0,0,0,0,0,0,1,1,1,1,1,1,1,1,1,1,1,1,1,1,2,2,1,1,1,1,1,1,1,1,1,1,1,1,1,1,1,1,1,1,1,1,1,1,1,1,1,1,1,1,1,1,1
84008113,US,USA,840,8113.0,San Miguel,Colorado,US,38.00450883,-108.4020725,"San Miguel, Colorado, US",0,0,0,0,0,0,0,0,0,0,0,0,0,0,0,0,0,0,0,0,0,0,0,0,0,0,0,0,0,0,0,0,0,0,0,0,0,0,0,0,0,0,0,0,0,0,0,0,0,0,0,0,0,0,0,0,0,0,1,1,1,1,1,1,1,1,1,1,1,4,4,7,9,9,10,10,10,10,11,11,12,12,12,12,12,12,13,13,15,17,17,17,17,17,17,19,19,19,19,19,19,19,19,20,20,20,20,20,20,20,20,22,22,22,22,22,22,22,22,22,23,23,23,23,23,23,23,23,23,23,23,23,23,24,24,23,23,23,23,23,23,23,23,24,24,24,25,25,28,28,28,28
84008115,US,USA,840,8115.0,Sedgwick,Colorado,US,40.87595412,-102.3519227,"Sedgwick, Colorado, US",0,0,0,0,0,0,0,0,0,0,0,0,0,0,0,0,0,0,0,0,0,0,0,0,0,0,0,0,0,0,0,0,0,0,0,0,0,0,0,0,0,0,0,0,0,0,0,0,0,0,0,0,0,0,0,0,0,0,0,0,0,0,0,0,0,0,0,0,0,0,0,0,0,0,0,0,0,0,0,0,0,0,0,0,0,0,0,0,0,0,0,0,0,0,0,0,0,0,0,0,0,0,0,0,0,0,0,0,0,0,0,0,0,0,0,0,0,0,0,0,0,0,0,0,0,0,0,0,0,0,0,0,0,0,0,0,0,0,0,0,0,0,0,0,0,0,0,0,0,0,0,0
84008117,US,USA,840,8117.0,Summit,Colorado,US,39.63803232,-106.1150762,"Summit, Colorado, US",0,0,0,0,0,0,0,0,0,0,0,0,0,0,0,0,0,0,0,0,0,0,0,0,0,0,0,0,0,0,0,0,0,0,0,0,0,0,0,0,0,0,0,0,0,0,0,0,0,0,0,2,2,2,3,3,4,5,7,7,7,8,10,9,9,13,13,11,14,20,34,26,35,50,54,58,53,56,57,64,68,72,77,74,76,87,93,93,93,93,93,101,105,97,97,105,106,119,121,128,130,136,144,144,151,155,155,156,162,165,169,171,174,175,178,182,183,186,192,194,195,197,203,207,205,212,214,213,219,224,226,231,233,237,239,239,243,248,247,248,252,253,254,256,256,257,258,262,262,262,262,262
84008119,US,USA,840,8119.0,Teller,Colorado,US,38.88133511,-105.16148929999999,"Teller, Colorado, US",0,0,0,0,0,0,0,0,0,0,0,0,0,0,0,0,0,0,0,0,0,0,0,0,0,0,0,0,0,0,0,0,0,0,0,0,0,0,0,0,0,0,0,0,0,0,0,0,0,0,0,0,0,0,0,0,0,0,0,0,0,3,3,5,7,7,7,7,8,7,7,7,11,11,11,11,12,12,12,12,12,16,15,16,16,17,18,18,24,24,25,25,25,26,27,27,27,28,28,28,28,28,28,28,29,30,30,30,30,31,31,31,31,31,31,31,31,31,31,32,33,32,32,32,32,32,32,32,32,32,32,33,33,33,33,33,34,34,36,37,37,37,38,38,38,38,39,39,39,39,39,39
84008121,US,USA,840,8121.0,Washington,Colorado,US,39.97015535,-103.202587,"Washington, Colorado, US",0,0,0,0,0,0,0,0,0,0,0,0,0,0,0,0,0,0,0,0,0,0,0,0,0,0,0,0,0,0,0,0,0,0,0,0,0,0,0,0,0,0,0,0,0,0,0,0,0,0,0,0,0,0,0,0,0,0,0,0,0,0,0,0,1,1,1,1,1,1,1,1,1,1,1,1,1,1,2,2,2,2,2,5,5,5,5,6,6,6,6,6,6,6,6,6,6,7,7,7,7,8,8,8,9,9,9,9,9,9,9,9,9,9,9,10,10,11,11,11,15,15,30,31,32,32,33,33,40,40,41,41,41,41,42,42,42,43,43,43,43,44,44,44,44,44,44,44,44,44,44,44
84008123,US,USA,840,8123.0,Weld,Colorado,US,40.55499405,-104.39296209999999,"Weld, Colorado, US",0,0,0,0,0,0,0,0,0,0,0,0,0,0,0,0,0,0,0,0,0,0,0,0,0,0,0,0,0,0,0,0,0,0,0,0,0,0,0,0,0,0,0,0,0,0,0,0,0,0,0,1,2,4,4,5,9,9,15,21,37,50,76,87,107,129,161,180,215,255,293,329,379,424,470,504,537,573,614,649,683,738,808,858,928,960,986,1029,1063,1121,1180,1237,1263,1353,1430,1469,1544,1618,1704,1776,1802,1836,1872,1897,1955,1988,2042,2087,2120,2139,2159,2190,2211,2232,2260,2281,2295,2305,2326,2338,2358,2367,2391,2406,2412,2423,2430,2444,2472,2480,2488,2501,2505,2521,2534,2540,2566,2583,2598,2604,2616,2629,2646,2652,2656,2666,2671,2693,2698,2705,2714,2721
84008125,US,USA,840,8125.0,Yuma,Colorado,US,40.00346839,-102.4258673,"Yuma, Colorado, US",0,0,0,0,0,0,0,0,0,0,0,0,0,0,0,0,0,0,0,0,0,0,0,0,0,0,0,0,0,0,0,0,0,0,0,0,0,0,0,0,0,0,0,0,0,0,0,0,0,0,0,0,0,0,0,0,1,1,1,1,1,1,1,1,2,2,2,2,2,2,2,2,2,2,2,2,2,2,2,2,2,2,2,2,2,2,2,2,3,3,3,4,5,6,6,6,6,7,8,8,9,8,9,9,9,9,10,10,10,11,11,11,11,11,12,12,12,11,11,11,12,12,15,15,18,19,19,20,36,35,35,40,40,40,42,43,44,45,48,48,48,47,47,47,48,49,49,49,49,49,49,50
84009001,US,USA,840,9001.0,Fairfield,Connecticut,US,41.26809896,-73.3881171,"Fairfield, Connecticut, US",0,0,0,0,0,0,0,0,0,0,0,0,0,0,0,0,0,0,0,0,0,0,0,0,0,0,0,0,0,0,0,0,0,0,0,0,0,0,0,0,0,0,0,0,0,0,0,0,1,2,4,8,15,15,29,48,69,102,122,122,208,270,384,546,607,752,908,1245,1445,1870,1986,2132,2716,2824,3050,3719,4136,4136,4882,5180,5407,5534,6004,6213,6480,6816,7146,7363,7434,8320,8472,9883,10008,10227,10373,10529,10763,10874,10985,11294,11612,11801,11801,12245,12360,12455,12679,12879,13030,13236,13312,13488,13636,13836,14009,14140,14248,14439,14522,14719,14751,14889,14989,15114,15213,15355,15314,15353,15409,15502,15549,15709,15776,15789,15843,15914,16020,16056,16092,16108,16134,16155,16178,16277,16306,16338,16359,16381,16398,16425,16469,16475
84009003,US,USA,840,9003.0,Hartford,Connecticut,US,41.80283011,-72.73103891,"Hartford, Connecticut, US",0,0,0,0,0,0,0,0,0,0,0,0,0,0,0,0,0,0,0,0,0,0,0,0,0,0,0,0,0,0,0,0,0,0,0,0,0,0,0,0,0,0,0,0,0,0,0,0,0,0,0,0,1,2,4,7,11,18,29,29,54,61,88,116,138,189,228,276,330,393,469,539,679,726,751,882,1045,1045,1471,1615,1832,1914,2243,2370,2570,2859,3015,3196,3351,3823,3951,4128,4303,4570,4761,4989,5157,5224,5388,5601,5931,6112,6112,6173,6351,6530,6750,6904,7105,7263,7358,7528,7732,7935,8126,8299,8723,8957,9050,9234,9299,9463,9545,9686,9841,9917,9962,10078,10146,10207,10296,10448,10536,10593,10636,10677,10747,10809,10844,10859,10924,10967,11103,11189,11218,11231,11261,11284,11322,11358,11392,11405
84009005,US,USA,840,9005.0,Litchfield,Connecticut,US,41.7937534,-73.2451475,"Litchfield, Connecticut, US",0,0,0,0,0,0,0,0,0,0,0,0,0,0,0,0,0,0,0,0,0,0,0,0,0,0,0,0,0,0,0,0,0,0,0,0,0,0,0,0,0,0,0,0,0,0,0,0,0,1,1,3,3,3,4,5,5,7,8,8,12,13,22,33,44,52,65,87,113,121,131,141,173,182,197,230,255,255,315,346,388,403,446,460,490,535,569,593,600,639,643,722,751,808,834,864,892,900,919,963,1014,1036,1036,1047,1065,1085,1114,1130,1142,1153,1161,1171,1179,1203,1218,1234,1269,1280,1290,1299,1303,1298,1304,1331,1346,1360,1360,1366,1375,1381,1397,1400,1402,1404,1406,1409,1413,1419,1426,1432,1430,1435,1435,1439,1442,1441,1443,1444,1447,1448,1467,1467
84009007,US,USA,840,9007.0,Middlesex,Connecticut,US,41.45949668,-72.53714864,"Middlesex, Connecticut, US",0,0,0,0,0,0,0,0,0,0,0,0,0,0,0,0,0,0,0,0,0,0,0,0,0,0,0,0,0,0,0,0,0,0,0,0,0,0,0,0,0,0,0,0,0,0,0,0,0,0,0,0,0,0,0,0,1,3,5,5,6,8,8,15,18,25,28,38,50,56,66,74,91,100,110,135,150,150,205,240,290,299,339,355,379,394,422,448,462,484,512,525,545,561,576,588,609,618,631,657,687,707,707,713,734,742,764,775,789,798,801,823,837,863,885,898,909,936,947,965,972,992,999,1010,1012,1026,1061,1082,1090,1104,1104,1143,1154,1161,1171,1170,1174,1185,1187,1194,1199,1210,1216,1223,1229,1233,1235,1241,1246,1254,1258,1259
84009009,US,USA,840,9009.0,New Haven,Connecticut,US,41.408032500000004,-72.93620426,"New Haven, Connecticut, US",0,0,0,0,0,0,0,0,0,0,0,0,0,0,0,0,0,0,0,0,0,0,0,0,0,0,0,0,0,0,0,0,0,0,0,0,0,0,0,0,0,0,0,0,0,0,0,0,0,0,0,0,4,4,4,8,10,23,23,23,29,41,89,127,156,222,236,280,373,517,611,647,891,1024,1162,1468,1664,1664,2183,2383,2715,2946,3358,3543,3758,4163,4520,4743,4871,5272,5493,5811,6064,6286,6509,6715,6993,7089,7205,7536,7900,8024,8024,8110,8337,8419,8678,8887,9091,9209,9260,9430,9570,9712,9881,10075,10159,10338,10427,10587,10663,10756,10847,10905,11017,11121,11124,11198,11241,11309,11323,11479,11525,11548,11582,11673,11817,11828,11860,11875,11911,11930,11979,12021,12034,12055,12078,12089,12105,12136,12174,12185
84009011,US,USA,840,9011.0,New London,Connecticut,US,41.48896435,-72.10430976,"New London, Connecticut, US",0,0,0,0,0,0,0,0,0,0,0,0,0,0,0,0,0,0,0,0,0,0,0,0,0,0,0,0,0,0,0,0,0,0,0,0,0,0,0,0,0,0,0,0,0,0,0,0,0,0,0,0,0,0,0,0,0,0,1,1,3,4,6,9,13,15,19,20,24,27,29,29,40,57,57,65,85,85,139,156,185,190,222,227,236,255,292,315,339,356,369,397,419,448,473,498,516,530,540,564,603,623,623,641,681,704,742,755,775,782,784,793,804,821,844,860,873,876,880,896,903,910,970,1046,1043,1075,1053,1067,1068,1076,1078,1091,1094,1100,1104,1108,1112,1119,1120,1122,1130,1147,1150,1198,1236,1240,1276,1285,1288,1203,1209,1217
84009013,US,USA,840,9013.0,Tolland,Connecticut,US,41.85853803,-72.3308481,"Tolland, Connecticut, US",0,0,0,0,0,0,0,0,0,0,0,0,0,0,0,0,0,0,0,0,0,0,0,0,0,0,0,0,0,0,0,0,0,0,0,0,0,0,0,0,0,0,0,0,0,0,0,0,0,0,0,0,0,0,0,0,0,4,4,4,14,16,19,27,33,33,37,40,50,56,61,67,79,91,94,103,111,111,145,152,171,182,195,201,216,241,258,270,276,299,305,331,359,375,384,407,419,422,427,437,446,461,461,464,502,513,522,530,540,543,545,556,560,568,583,636,715,735,770,786,787,796,799,807,812,821,815,822,827,833,836,845,848,856,859,859,864,864,863,873,878,883,886,885,888,888,888,889,892,893,895,895
84009015,US,USA,840,9015.0,Windham,Connecticut,US,41.82972709,-71.98182316,"Windham, Connecticut, US",0,0,0,0,0,0,0,0,0,0,0,0,0,0,0,0,0,0,0,0,0,0,0,0,0,0,0,0,0,0,0,0,0,0,0,0,0,0,0,0,0,0,0,0,0,0,0,0,0,0,0,0,0,0,0,0,0,0,2,2,1,2,2,2,3,3,3,7,10,11,19,21,27,31,32,40,43,43,52,59,66,66,83,87,89,87,92,97,100,108,112,122,129,139,151,157,164,164,165,186,200,211,211,217,223,242,250,249,266,270,271,281,287,291,301,304,313,322,326,329,336,348,354,359,365,371,371,375,380,381,384,388,393,392,397,405,416,420,428,430,437,441,453,463,465,467,469,471,472,567,575,579
84010001,US,USA,840,10001.0,Kent,Delaware,US,39.08646628,-75.56884914,"Kent, Delaware, US",0,0,0,0,0,0,0,0,0,0,0,0,0,0,0,0,0,0,0,0,0,0,0,0,0,0,0,0,0,0,0,0,0,0,0,0,0,0,0,0,0,0,0,0,0,0,0,0,0,0,0,0,0,0,0,0,1,4,5,5,5,6,10,14,17,21,25,25,27,34,41,43,54,68,86,128,147,201,214,230,255,281,288,329,345,352,384,417,417,430,459,503,539,558,579,625,652,728,743,759,773,793,821,833,847,891,945,963,985,985,1044,1060,1084,1115,1146,1176,1197,1219,1238,1253,1281,1296,1296,1340,1356,1368,1374,1392,1401,1432,1436,1440,1450,1451,1454,1465,1496,1511,1513,1522,1530,1543,1544,1554,1557,1565,1573,1579,1584,1602,1606,1613
84010003,US,USA,840,10003.0,New Castle,Delaware,US,39.57992638,-75.64054974,"New Castle, Delaware, US",0,0,0,0,0,0,0,0,0,0,0,0,0,0,0,0,0,0,0,0,0,0,0,0,0,0,0,0,0,0,0,0,0,0,0,0,0,0,0,0,0,0,0,0,0,0,0,0,0,1,1,4,6,6,8,15,17,23,27,32,39,44,71,79,86,105,130,141,156,197,226,245,279,400,436,496,571,636,701,751,807,880,919,947,974,1003,1100,1205,1205,1229,1303,1352,1389,1486,1504,1599,1629,1701,1717,1734,1829,1864,1903,1934,1979,2087,2130,2184,2275,2275,2390,2440,2496,2560,2619,2667,2682,2738,2845,2933,3053,3132,3132,3309,3436,3508,3528,3575,3629,3723,3758,3838,3883,3903,3925,3937,3995,4070,4095,4125,4139,4171,4224,4259,4287,4345,4386,4422,4470,4522,4569,4647
84010005,US,USA,840,10005.0,Sussex,Delaware,US,38.66143781,-75.39031349,"Sussex, Delaware, US",0,0,0,0,0,0,0,0,0,0,0,0,0,0,0,0,0,0,0,0,0,0,0,0,0,0,0,0,0,0,0,0,0,0,0,0,0,0,0,0,0,0,0,0,0,0,0,0,0,0,0,0,0,0,0,1,1,3,7,8,12,18,23,26,27,37,59,66,81,88,101,105,117,125,151,159,210,279,294,336,404,464,551,639,678,698,811,886,886,1055,1139,1317,1377,1394,1490,1801,1870,2114,2169,2216,2292,2359,2461,2497,2520,2764,2834,2936,2990,2990,3091,3205,3336,3503,3565,3658,3739,3861,3904,3960,4006,4048,4048,4103,4118,4132,4140,4151,4155,4215,4253,4272,4299,4305,4314,4322,4342,4346,4353,4361,4373,4379,4389,4401,4406,4416,4428,4429,4431,4470,4487,4495
84011001,US,USA,840,11001.0,District of Columbia,District of Columbia,US,38.90417773,-77.01655992,"District of Columbia,District of Columbia,US",0,0,0,0,0,0,0,0,0,0,0,0,0,0,0,0,0,0,0,0,0,0,0,0,0,0,0,0,0,0,0,0,0,0,0,0,0,0,0,0,0,0,0,0,0,0,0,0,0,0,0,0,0,0,22,22,31,40,71,98,102,120,141,187,231,271,304,342,401,495,586,653,757,902,1002,1097,1211,1440,1523,1660,1778,1875,1955,2058,2197,2350,2476,2666,2793,2927,3098,3206,3361,3528,3699,3841,3892,3994,4106,4323,4658,4797,5016,5170,5322,5461,5654,5899,6102,6272,6389,6485,6584,6736,6871,7042,7123,7270,7434,7551,7788,7893,7966,8110,8225,8334,8406,8492,8538,8717,8801,8857,8886,9016,9120,9199,9269,9332,9389,9474,9537,9589,9654,9709,9767,9799,9818,9847,9903,9952,9984,10020
84012001,US,USA,840,12001.0,Alachua,Florida,US,29.67866525,-82.35928158,"Alachua, Florida, US",0,0,0,0,0,0,0,0,0,0,0,0,0,0,0,0,0,0,0,0,0,0,0,0,0,0,0,0,0,0,0,0,0,0,0,0,0,0,0,0,0,0,0,0,0,0,0,0,0,1,1,2,1,1,1,4,7,11,15,25,35,36,37,45,49,57,67,71,79,87,90,95,110,116,123,131,139,144,150,167,174,215,187,195,194,200,202,205,210,218,224,227,231,244,245,251,254,255,262,267,273,275,286,289,289,295,300,306,308,312,320,324,326,330,330,329,332,337,339,344,346,354,355,361,365,370,370,372,378,379,380,382,382,383,387,392,396,399,399,404,412,443,506,531,541,551,564,580,600,633,673,716
84012003,US,USA,840,12003.0,Baker,Florida,US,30.33060121,-82.28467476,"Baker, Florida, US",0,0,0,0,0,0,0,0,0,0,0,0,0,0,0,0,0,0,0,0,0,0,0,0,0,0,0,0,0,0,0,0,0,0,0,0,0,0,0,0,0,0,0,0,0,0,0,0,0,0,0,0,0,0,0,0,0,0,0,1,2,3,4,5,5,7,7,7,8,9,9,11,11,11,12,13,15,15,16,16,17,17,17,17,17,17,17,17,17,17,17,17,19,20,20,20,20,20,20,20,22,22,22,22,22,22,22,24,24,25,25,25,26,26,26,26,26,26,26,26,26,26,27,27,27,27,29,28,28,29,29,29,29,29,29,29,29,29,29,29,29,29,30,30,30,30,34,35,35,39,39,41
84012005,US,USA,840,12005.0,Bay,Florida,US,30.26548745,-85.62122584,"Bay, Florida, US",0,0,0,0,0,0,0,0,0,0,0,0,0,0,0,0,0,0,0,0,0,0,0,0,0,0,0,0,0,0,0,0,0,0,0,0,0,0,0,0,0,0,0,0,0,0,0,0,0,0,0,0,0,0,0,0,0,0,0,1,1,1,1,1,3,3,5,6,6,8,10,15,18,23,24,24,25,28,30,36,36,37,38,38,39,42,44,48,55,57,58,59,60,63,63,65,68,70,70,72,72,75,76,76,76,76,76,76,76,76,76,77,77,78,80,83,84,85,86,86,87,92,94,95,97,97,97,97,98,97,98,100,99,105,111,115,123,130,132,133,135,135,139,141,145,153,157,161,167,175,188,190
84012007,US,USA,840,12007.0,Bradford,Florida,US,29.95079741,-82.16611613,"Bradford, Florida, US",0,0,0,0,0,0,0,0,0,0,0,0,0,0,0,0,0,0,0,0,0,0,0,0,0,0,0,0,0,0,0,0,0,0,0,0,0,0,0,0,0,0,0,0,0,0,0,0,0,0,0,0,0,0,0,0,0,0,0,0,1,1,1,1,1,1,1,1,2,2,3,5,5,6,7,8,11,15,20,22,24,29,30,31,35,39,40,42,42,42,42,42,42,42,42,43,44,44,46,46,47,48,48,48,48,48,48,48,48,48,48,48,48,49,49,49,49,49,49,49,50,50,50,51,51,51,51,51,51,51,51,51,51,51,51,52,52,52,52,52,52,52,52,52,52,52,53,56,56,58,61,61
84012009,US,USA,840,12009.0,Brevard,Florida,US,28.29409504,-80.73091022,"Brevard, Florida, US",0,0,0,0,0,0,0,0,0,0,0,0,0,0,0,0,0,0,0,0,0,0,0,0,0,0,0,0,0,0,0,0,0,0,0,0,0,0,0,0,0,0,0,0,0,0,0,0,0,0,0,0,0,0,0,1,2,3,4,5,7,7,9,11,13,16,26,28,31,37,38,49,62,72,79,88,98,102,106,115,120,133,148,163,173,192,205,210,215,218,224,225,235,247,250,252,266,268,270,285,289,297,308,310,319,320,325,326,328,328,330,346,344,348,356,359,365,367,371,372,376,380,389,394,398,399,399,401,409,420,422,424,427,428,431,439,453,457,464,471,484,506,519,541,545,565,608,650,688,748,817,850
84012011,US,USA,840,12011.0,Broward,Florida,US,26.15184651,-80.48725556,"Broward, Florida, US",0,0,0,0,0,0,0,0,0,0,0,0,0,0,0,0,0,0,0,0,0,0,0,0,0,0,0,0,0,0,0,0,0,0,0,0,0,0,0,0,0,0,0,0,0,2,2,3,4,4,7,11,20,36,36,48,72,96,128,164,217,263,311,355,504,614,814,838,1152,1219,1232,1481,1598,1765,1886,2067,2230,2358,2454,2645,2806,2945,3177,3261,3363,3466,3688,3838,3971,4078,4168,4228,4431,4591,4659,4729,4794,4847,4898,4953,5144,5257,5312,5383,5492,5553,5677,5688,5780,5858,5882,5973,5998,6057,6133,6201,6243,6322,6369,6407,6514,6580,6649,6697,6760,6799,6825,6870,6975,7067,7123,7196,7248,7339,7462,7572,7690,7804,7924,8035,8193,8337,8589,8864,8928,9086,9498,9812,10111,10448,10837,11155
84012013,US,USA,840,12013.0,Calhoun,Florida,US,30.40666734,-85.19394153,"Calhoun, Florida, US",0,0,0,0,0,0,0,0,0,0,0,0,0,0,0,0,0,0,0,0,0,0,0,0,0,0,0,0,0,0,0,0,0,0,0,0,0,0,0,0,0,0,0,0,0,0,0,0,0,0,0,0,0,0,0,0,0,0,0,0,0,0,0,0,0,0,0,0,0,1,1,1,2,3,3,3,3,4,4,5,5,5,5,5,5,5,6,6,6,6,6,6,6,6,6,6,6,6,8,8,8,14,15,15,15,19,24,24,27,27,27,27,31,33,38,38,40,41,40,40,41,52,52,52,52,52,52,52,53,56,63,61,62,62,62,64,64,66,66,64,64,64,65,66,66,66,66,66,65,65,68,69
84012015,US,USA,840,12015.0,Charlotte,Florida,US,26.90131002,-81.92949121,"Charlotte, Florida, US",0,0,0,0,0,0,0,0,0,0,0,0,0,0,0,0,0,0,0,0,0,0,0,0,0,0,0,0,0,0,0,0,0,0,0,0,0,0,0,0,0,0,0,0,0,0,0,1,1,1,1,1,1,1,1,1,1,1,2,2,2,3,3,3,3,5,12,16,18,24,24,38,43,46,47,55,67,76,79,85,107,113,119,123,124,127,131,138,138,139,143,148,178,199,202,203,211,219,223,236,245,244,249,257,269,294,304,312,317,329,337,347,350,357,367,370,380,389,392,398,410,412,417,423,427,430,433,438,446,450,458,461,463,470,476,481,488,493,500,501,505,515,522,529,532,537,543,551,553,570,581,587
84012017,US,USA,840,12017.0,Citrus,Florida,US,28.84804315,-82.47614748,"Citrus, Florida, US",0,0,0,0,0,0,0,0,0,0,0,0,0,0,0,0,0,0,0,0,0,0,0,0,0,0,0,0,0,0,0,0,0,0,0,0,0,0,0,0,0,0,0,0,0,0,0,0,0,0,0,0,0,1,1,2,3,3,3,8,8,9,9,9,11,11,14,15,17,19,19,27,28,34,43,45,51,54,57,60,66,71,72,75,74,80,82,82,84,86,92,92,94,95,95,97,97,97,97,99,99,99,99,99,100,101,102,102,104,106,106,107,109,109,110,110,112,112,114,115,115,118,119,119,119,119,119,119,120,121,121,122,122,122,122,125,125,128,128,128,130,132,135,140,143,150,152,157,162,168,183,189
84012019,US,USA,840,12019.0,Clay,Florida,US,29.98319144,-81.85609986,"Clay, Florida, US",0,0,0,0,0,0,0,0,0,0,0,0,0,0,0,0,0,0,0,0,0,0,0,0,0,0,0,0,0,0,0,0,0,0,0,0,0,0,0,0,0,0,0,0,0,0,0,0,0,0,0,1,1,3,3,4,4,4,4,6,7,8,10,13,19,22,24,30,35,41,46,58,69,74,79,81,88,97,103,114,158,163,165,168,170,184,216,223,247,249,256,257,264,266,267,267,271,272,272,273,276,278,279,285,287,288,292,293,299,300,302,303,303,306,308,313,317,320,321,333,351,354,354,357,362,365,366,369,374,380,382,383,387,390,394,393,396,400,405,411,420,427,429,429,435,440,443,450,456,468,481,494
84012021,US,USA,840,12021.0,Collier,Florida,US,26.11091986,-81.34687065,"Collier, Florida, US",0,0,0,0,0,0,0,0,0,0,0,0,0,0,0,0,0,0,0,0,0,0,0,0,0,0,0,0,0,0,0,0,0,0,0,0,0,0,0,0,0,0,0,0,0,0,0,0,0,3,3,3,3,5,5,6,13,18,25,28,33,39,41,47,65,81,92,95,119,146,150,178,203,221,231,246,271,277,292,318,344,361,376,380,395,416,445,457,463,470,477,483,507,526,535,552,562,568,581,596,610,628,640,653,656,677,705,712,734,752,766,843,864,882,915,923,948,1006,1030,1058,1112,1160,1195,1251,1282,1305,1334,1401,1454,1514,1539,1580,1605,1679,1814,1874,1968,2039,2070,2128,2230,2291,2364,2435,2526,2592,2729,2817,2883,2992,3097,3159
84012023,US,USA,840,12023.0,Columbia,Florida,US,30.22509788,-82.62160164,"Columbia, Florida, US",0,0,0,0,0,0,0,0,0,0,0,0,0,0,0,0,0,0,0,0,0,0,0,0,0,0,0,0,0,0,0,0,0,0,0,0,0,0,0,0,0,0,0,0,0,0,0,0,0,0,0,0,0,0,0,0,0,0,0,0,2,2,3,3,3,3,3,3,3,3,3,4,4,10,13,13,16,17,17,23,24,26,27,28,34,35,35,36,39,40,43,42,46,46,47,49,53,55,57,58,64,68,92,96,96,96,101,102,102,103,103,105,107,107,108,108,111,113,113,115,119,121,125,130,131,132,135,136,140,144,144,148,147,153,160,167,171,171,171,174,175,177,177,177,182,183,187,202,205,205,219,227
84012027,US,USA,840,12027.0,DeSoto,Florida,US,27.18677893,-81.80941373,"DeSoto,Florida,US",0,0,0,0,0,0,0,0,0,0,0,0,0,0,0,0,0,0,0,0,0,0,0,0,0,0,0,0,0,0,0,0,0,0,0,0,0,0,0,0,0,0,0,0,0,0,0,0,0,0,0,0,0,0,0,0,0,0,0,0,1,1,1,1,5,6,7,7,7,7,7,8,9,11,12,14,16,18,19,20,20,20,22,22,22,22,23,23,24,24,24,24,24,24,24,24,25,26,28,29,30,31,32,39,40,42,42,42,47,47,51,52,52,58,61,61,66,68,69,80,94,97,112,115,117,121,124,132,171,173,182,182,197,205,218,245,258,268,284,296,299,304,329,348,361,387,402,406,412,431,439,450
84012029,US,USA,840,12029.0,Dixie,Florida,US,29.60631086,-83.15724673,"Dixie, Florida, US",0,0,0,0,0,0,0,0,0,0,0,0,0,0,0,0,0,0,0,0,0,0,0,0,0,0,0,0,0,0,0,0,0,0,0,0,0,0,0,0,0,0,0,0,0,0,0,0,0,0,0,0,0,0,0,0,0,0,0,0,0,0,0,0,0,0,0,0,0,0,0,0,0,1,1,1,1,2,1,1,2,2,2,2,3,3,3,3,3,4,4,4,4,5,6,6,5,6,6,7,7,7,9,10,10,10,11,12,13,13,13,14,15,18,22,22,22,25,26,26,31,33,38,41,43,44,46,46,49,49,51,54,54,55,56,58,58,58,60,60,60,60,60,60,60,60,60,60,60,61,61,61
84012031,US,USA,840,12031.0,Duval,Florida,US,30.33225875,-81.66976468,"Duval, Florida, US",0,0,0,0,0,0,0,0,0,0,0,0,0,0,0,0,0,0,0,0,0,0,0,0,0,0,0,0,0,0,0,0,0,0,0,0,0,0,0,0,0,0,0,0,0,0,0,0,0,0,0,1,1,4,4,10,13,15,17,25,39,50,50,56,74,90,115,125,158,207,218,286,323,387,413,475,521,549,589,609,635,668,691,718,745,776,817,835,854,896,909,925,956,955,965,984,990,1001,1007,1012,1025,1038,1045,1072,1084,1077,1083,1088,1134,1164,1171,1186,1199,1215,1252,1259,1284,1300,1318,1336,1355,1376,1406,1439,1467,1484,1507,1523,1561,1608,1644,1654,1660,1669,1702,1736,1764,1792,1806,1824,1848,1893,1923,1961,1990,2032,2112,2194,2309,2484,2695,2902
84012033,US,USA,840,12033.0,Escambia,Florida,US,30.67652764,-87.37284571,"Escambia, Florida, US",0,0,0,0,0,0,0,0,0,0,0,0,0,0,0,0,0,0,0,0,0,0,0,0,0,0,0,0,0,0,0,0,0,0,0,0,0,0,0,0,0,0,0,0,0,0,0,0,0,0,0,0,0,0,1,1,1,1,1,1,4,9,10,14,19,22,28,30,42,94,94,101,113,118,125,136,168,180,184,197,206,224,241,247,260,277,290,304,309,315,340,418,420,434,442,457,470,485,496,506,532,538,593,595,598,604,616,618,634,638,641,659,665,671,682,682,689,707,719,723,734,740,749,756,768,769,776,784,791,810,815,828,844,853,866,871,879,888,891,907,915,944,956,961,985,999,1020,1052,1089,1127,1170,1198
84012035,US,USA,840,12035.0,Flagler,Florida,US,29.45933576,-81.31508595,"Flagler, Florida, US",0,0,0,0,0,0,0,0,0,0,0,0,0,0,0,0,0,0,0,0,0,0,0,0,0,0,0,0,0,0,0,0,0,0,0,0,0,0,0,0,0,0,0,0,0,0,0,0,0,0,0,0,0,0,0,0,0,0,0,0,1,3,4,5,7,11,13,13,13,18,20,25,28,29,31,32,35,35,37,44,44,45,45,45,46,50,55,66,75,76,78,78,106,106,116,121,127,131,133,133,134,138,140,140,141,142,145,147,147,147,147,147,148,148,153,156,156,160,167,169,172,173,173,177,177,177,178,179,182,185,189,189,190,191,193,195,195,195,195,195,200,201,202,204,207,207,208,214,216,216,224,226
84012037,US,USA,840,12037.0,Franklin,Florida,US,29.83791238,-84.82731662,"Franklin, Florida, US",0,0,0,0,0,0,0,0,0,0,0,0,0,0,0,0,0,0,0,0,0,0,0,0,0,0,0,0,0,0,0,0,0,0,0,0,0,0,0,0,0,0,0,0,0,0,0,0,0,0,0,0,0,0,0,0,0,0,0,0,0,0,0,0,0,0,0,0,0,0,0,0,1,1,2,2,2,2,2,2,2,2,2,2,2,2,2,2,2,2,2,2,2,2,2,2,2,2,2,2,2,2,2,2,2,2,2,2,2,2,2,2,2,2,2,2,2,2,2,2,2,2,2,2,2,2,2,2,2,2,2,2,2,2,2,2,2,2,2,2,2,2,2,3,2,2,2,2,2,2,2,2
84012039,US,USA,840,12039.0,Gadsden,Florida,US,30.57796289,-84.61915825,"Gadsden, Florida, US",0,0,0,0,0,0,0,0,0,0,0,0,0,0,0,0,0,0,0,0,0,0,0,0,0,0,0,0,0,0,0,0,0,0,0,0,0,0,0,0,0,0,0,0,0,0,0,0,0,0,0,0,0,0,0,0,0,1,1,1,1,1,1,1,1,1,1,1,1,1,1,2,3,4,4,5,6,8,10,14,14,17,36,38,40,44,47,48,51,57,57,58,69,79,80,81,87,94,94,95,103,105,107,113,115,120,121,123,128,128,130,137,139,140,180,212,223,240,242,245,249,252,255,255,264,266,268,268,269,269,273,276,278,285,288,289,293,294,294,296,298,300,302,301,304,305,309,312,316,319,322,322
84012041,US,USA,840,12041.0,Gilchrist,Florida,US,29.72856978,-82.79880657,"Gilchrist, Florida, US",0,0,0,0,0,0,0,0,0,0,0,0,0,0,0,0,0,0,0,0,0,0,0,0,0,0,0,0,0,0,0,0,0,0,0,0,0,0,0,0,0,0,0,0,0,0,0,0,0,0,0,0,0,0,0,0,0,0,0,0,0,0,0,0,0,0,0,0,0,0,0,0,0,0,0,0,1,1,3,4,4,4,4,6,6,4,4,4,4,4,4,4,4,4,4,4,4,4,4,5,5,5,6,6,6,6,6,6,6,6,6,6,7,7,7,7,7,7,8,8,8,10,10,11,12,12,12,12,12,13,12,15,15,15,17,19,19,20,19,19,19,20,22,26,26,26,73,73,74,75,75,75
84012043,US,USA,840,12043.0,Glades,Florida,US,26.95635849,-81.18996211,"Glades, Florida, US",0,0,0,0,0,0,0,0,0,0,0,0,0,0,0,0,0,0,0,0,0,0,0,0,0,0,0,0,0,0,0,0,0,0,0,0,0,0,0,0,0,0,0,0,0,0,0,0,0,0,0,0,0,0,0,0,0,0,0,0,0,0,0,0,0,0,0,0,3,3,3,3,3,4,4,4,4,4,4,4,4,4,5,5,5,5,5,5,5,5,5,5,5,5,5,6,6,6,6,6,6,6,6,6,6,6,6,6,7,7,7,8,8,9,10,9,9,10,13,16,19,19,20,20,20,24,24,24,27,29,30,32,61,64,70,81,83,84,85,86,104,107,109,110,114,116,118,119,121,121,121,142
84012045,US,USA,840,12045.0,Gulf,Florida,US,29.93543004,-85.24270990000002,"Gulf, Florida, US",0,0,0,0,0,0,0,0,0,0,0,0,0,0,0,0,0,0,0,0,0,0,0,0,0,0,0,0,0,0,0,0,0,0,0,0,0,0,0,0,0,0,0,0,0,0,0,0,0,0,0,0,0,0,0,0,0,0,0,0,0,0,0,0,0,0,0,0,0,0,1,1,1,1,1,1,1,1,1,1,1,1,1,1,1,1,1,1,1,1,1,1,1,1,1,1,1,1,1,1,1,1,1,1,1,1,1,1,1,1,1,1,1,1,1,1,1,1,1,1,1,1,1,1,1,1,1,1,1,1,1,1,2,2,3,3,3,6,7,7,8,8,8,8,8,9,11,11,11,11,11,11
84012047,US,USA,840,12047.0,Hamilton,Florida,US,30.49673973,-82.94998918,"Hamilton, Florida, US",0,0,0,0,0,0,0,0,0,0,0,0,0,0,0,0,0,0,0,0,0,0,0,0,0,0,0,0,0,0,0,0,0,0,0,0,0,0,0,0,0,0,0,0,0,0,0,0,0,0,0,0,0,0,0,0,0,0,0,0,0,0,0,0,0,0,0,0,0,0,0,0,0,0,0,1,1,1,1,2,2,2,2,2,2,2,3,3,3,3,4,5,6,6,6,6,6,6,6,6,7,7,7,7,7,7,7,8,8,18,19,19,86,134,144,144,147,147,147,153,156,159,161,194,206,206,208,209,221,230,233,239,239,250,255,261,261,263,262,263,267,268,268,271,271,272,277,279,281,285,287,289
84012049,US,USA,840,12049.0,Hardee,Florida,US,27.49293939,-81.80956574,"Hardee, Florida, US",0,0,0,0,0,0,0,0,0,0,0,0,0,0,0,0,0,0,0,0,0,0,0,0,0,0,0,0,0,0,0,0,0,0,0,0,0,0,0,0,0,0,0,0,0,0,0,0,0,0,0,0,0,0,0,0,0,0,0,0,0,0,0,0,0,0,0,0,0,0,0,1,1,1,2,2,2,2,3,3,3,3,3,3,3,4,4,4,4,4,4,4,5,9,10,10,13,14,16,18,22,29,32,33,34,34,35,35,36,36,36,36,37,39,39,39,40,42,44,47,54,60,63,77,85,87,88,88,91,93,99,101,105,111,118,131,140,145,151,153,160,164,177,189,196,205,213,221,228,244,272,289
84012051,US,USA,840,12051.0,Hendry,Florida,US,26.55386945,-81.16469006,"Hendry, Florida, US",0,0,0,0,0,0,0,0,0,0,0,0,0,0,0,0,0,0,0,0,0,0,0,0,0,0,0,0,0,0,0,0,0,0,0,0,0,0,0,0,0,0,0,0,0,0,0,0,0,0,0,0,0,0,0,0,0,0,0,0,0,0,0,0,0,0,0,1,3,4,4,4,5,6,7,9,9,10,11,14,16,20,22,23,26,27,31,39,41,44,46,52,59,64,64,65,68,72,80,83,92,96,101,111,115,120,129,133,136,145,151,159,165,176,180,205,211,222,224,228,240,250,249,281,321,337,339,354,387,405,415,431,446,476,501,521,552,558,565,572,580,590,597,617,638,650,659,675,700,724,747,759
84012053,US,USA,840,12053.0,Hernando,Florida,US,28.55364461,-82.42700204,"Hernando, Florida, US",0,0,0,0,0,0,0,0,0,0,0,0,0,0,0,0,0,0,0,0,0,0,0,0,0,0,0,0,0,0,0,0,0,0,0,0,0,0,0,0,0,0,0,0,0,0,0,0,0,0,0,0,0,0,0,0,0,4,4,6,5,5,5,8,9,10,13,14,21,24,24,34,38,40,43,48,51,56,58,62,65,71,71,71,76,76,83,84,84,84,84,84,83,86,89,89,89,89,89,90,92,92,94,96,96,97,97,98,98,100,101,101,101,104,105,108,109,110,109,107,108,110,109,109,112,112,113,113,113,113,115,115,118,120,122,122,122,125,126,127,129,130,132,135,140,141,146,147,151,158,171,185
84012055,US,USA,840,12055.0,Highlands,Florida,US,27.34254618,-81.34071957,"Highlands, Florida, US",0,0,0,0,0,0,0,0,0,0,0,0,0,0,0,0,0,0,0,0,0,0,0,0,0,0,0,0,0,0,0,0,0,0,0,0,0,0,0,0,0,0,0,0,0,0,0,0,0,0,0,0,0,0,0,0,0,0,0,0,1,2,4,4,5,5,10,10,13,17,17,24,26,30,35,35,37,41,45,47,51,56,61,62,64,66,66,66,70,71,71,71,74,76,76,76,80,81,81,81,84,86,85,87,88,87,90,93,96,98,99,99,100,103,103,104,104,104,107,107,110,111,112,113,114,114,114,119,120,127,129,130,132,134,138,141,143,146,150,150,153,160,169,170,171,172,192,197,200,206,215,226
84012057,US,USA,840,12057.0,Hillsborough,Florida,US,27.9276559,-82.32013172,"Hillsborough, Florida, US",0,0,0,0,0,0,0,0,0,0,0,0,0,0,0,0,0,0,0,0,0,0,0,0,0,0,0,0,0,0,0,0,0,0,0,0,0,0,0,0,1,2,2,2,2,2,2,2,2,3,2,3,2,4,4,7,14,20,32,47,58,75,91,106,142,167,195,218,253,305,309,404,463,497,536,571,608,626,644,671,690,759,813,819,869,878,924,943,960,973,979,982,1008,1022,1041,1048,1062,1080,1105,1124,1163,1240,1281,1300,1324,1331,1364,1371,1400,1432,1448,1473,1494,1530,1568,1585,1614,1653,1670,1703,1767,1790,1823,1883,1939,1969,1995,2019,2069,2129,2201,2251,2285,2384,2479,2554,2643,2748,2861,2923,3027,3174,3295,3504,3613,3826,4029,4273,4610,4982,5319,5580
84012059,US,USA,840,12059.0,Holmes,Florida,US,30.86747479,-85.81319222,"Holmes, Florida, US",0,0,0,0,0,0,0,0,0,0,0,0,0,0,0,0,0,0,0,0,0,0,0,0,0,0,0,0,0,0,0,0,0,0,0,0,0,0,0,0,0,0,0,0,0,0,0,0,0,0,0,0,0,0,0,0,0,0,0,0,0,0,0,0,0,0,0,0,0,1,1,1,1,1,1,1,2,3,2,2,2,2,2,4,4,4,5,5,6,6,8,8,9,9,9,9,9,9,9,10,10,10,10,10,10,10,10,10,10,10,10,10,10,10,11,10,10,12,10,11,14,16,14,14,14,18,18,18,19,19,19,19,23,24,26,30,30,30,30,30,31,31,31,31,31,31,31,32,33,45,47,47
84012061,US,USA,840,12061.0,Indian River,Florida,US,27.69308961,-80.60556721,"Indian River, Florida, US",0,0,0,0,0,0,0,0,0,0,0,0,0,0,0,0,0,0,0,0,0,0,0,0,0,0,0,0,0,0,0,0,0,0,0,0,0,0,0,0,0,0,0,0,0,0,0,0,0,0,0,0,0,0,0,0,0,1,3,5,8,10,11,12,13,14,16,17,24,33,33,41,47,50,55,61,62,63,68,68,70,74,77,77,78,83,85,83,84,85,85,85,88,89,89,89,90,90,90,90,91,92,97,98,99,99,99,100,100,100,100,102,102,103,104,104,106,106,108,108,110,112,113,116,117,119,119,120,122,126,130,133,138,139,144,154,160,164,167,167,172,177,190,197,205,216,234,256,284,317,369,389
84012063,US,USA,840,12063.0,Jackson,Florida,US,30.795459700000002,-85.21500423,"Jackson, Florida, US",0,0,0,0,0,0,0,0,0,0,0,0,0,0,0,0,0,0,0,0,0,0,0,0,0,0,0,0,0,0,0,0,0,0,0,0,0,0,0,0,0,0,0,0,0,0,0,0,0,0,0,0,0,0,0,0,0,1,1,1,1,1,1,1,1,1,1,1,2,2,2,4,4,4,4,4,4,4,5,5,5,6,6,6,6,8,8,8,8,9,11,11,13,13,13,13,13,13,14,14,14,14,15,15,15,23,31,74,72,91,97,131,106,105,125,126,129,131,148,171,173,219,225,230,238,239,240,241,248,249,251,256,266,269,290,298,298,308,309,310,311,315,316,318,319,320,326,329,327,329,330,333
84012065,US,USA,840,12065.0,Jefferson,Florida,US,30.43669112,-83.89442308,"Jefferson, Florida, US",0,0,0,0,0,0,0,0,0,0,0,0,0,0,0,0,0,0,0,0,0,0,0,0,0,0,0,0,0,0,0,0,0,0,0,0,0,0,0,0,0,0,0,0,0,0,0,0,0,0,0,0,0,0,0,0,0,0,0,0,0,0,0,0,0,0,0,0,0,0,0,0,0,1,1,3,4,8,8,9,9,12,12,13,22,23,23,24,26,26,26,26,26,27,27,27,28,28,28,28,28,28,28,28,28,28,28,28,28,28,28,28,28,28,28,28,28,28,28,28,30,29,29,29,29,29,29,29,29,29,29,29,29,29,29,30,31,31,31,31,31,31,31,32,32,32,33,36,36,36,36,36
84012067,US,USA,840,12067.0,Lafayette,Florida,US,29.98484137,-83.18166636,"Lafayette, Florida, US",0,0,0,0,0,0,0,0,0,0,0,0,0,0,0,0,0,0,0,0,0,0,0,0,0,0,0,0,0,0,0,0,0,0,0,0,0,0,0,0,0,0,0,0,0,0,0,0,0,0,0,0,0,0,0,0,0,0,0,0,0,0,0,0,0,0,0,0,0,0,0,0,0,0,0,0,0,0,1,1,1,1,1,1,1,1,1,1,1,1,1,1,1,1,1,1,1,1,1,1,2,2,2,2,3,3,3,3,3,3,3,5,5,5,5,6,6,6,6,6,6,7,8,8,8,8,8,8,8,8,8,8,8,8,9,10,10,10,10,13,12,12,12,12,13,13,15,15,16,18,18,19
84012069,US,USA,840,12069.0,Lake,Florida,US,28.76202069,-81.7125123,"Lake, Florida, US",0,0,0,0,0,0,0,0,0,0,0,0,0,0,0,0,0,0,0,0,0,0,0,0,0,0,0,0,0,0,0,0,0,0,0,0,0,0,0,0,0,0,0,0,0,0,0,0,0,0,0,0,0,0,0,1,2,3,3,4,6,9,14,18,25,29,35,38,47,66,67,82,88,95,101,104,116,136,139,147,149,150,162,169,179,186,197,203,207,211,213,213,217,219,221,222,223,226,227,227,233,234,234,235,235,236,237,237,240,242,243,246,247,248,249,250,252,254,257,260,264,266,271,273,275,277,279,280,291,298,301,304,306,309,313,317,321,329,337,339,342,355,383,452,464,482,498,552,583,646,671,733
84012071,US,USA,840,12071.0,Lee,Florida,US,26.58410348,-81.88399313,"Lee, Florida, US",0,0,0,0,0,0,0,0,0,0,0,0,0,0,0,0,0,0,0,0,0,0,0,0,0,0,0,0,0,0,0,0,0,0,0,0,0,0,0,0,0,0,0,0,0,2,2,2,2,2,3,4,4,5,5,5,10,11,14,17,26,30,32,42,56,76,101,124,164,206,212,275,304,348,379,397,434,462,496,547,584,617,642,657,677,687,721,739,769,785,795,794,887,940,944,961,971,990,1003,1021,1067,1085,1118,1138,1160,1176,1212,1219,1249,1268,1285,1317,1332,1350,1385,1401,1456,1481,1520,1542,1585,1666,1677,1699,1736,1759,1767,1802,1847,1894,1908,1943,1967,2087,2147,2200,2253,2289,2315,2388,2422,2500,2563,2634,2836,2877,3015,3187,3354,3475,3556,3627
84012073,US,USA,840,12073.0,Leon,Florida,US,30.45955727,-84.27491114,"Leon, Florida, US",0,0,0,0,0,0,0,0,0,0,0,0,0,0,0,0,0,0,0,0,0,0,0,0,0,0,0,0,0,0,0,0,0,0,0,0,0,0,0,0,0,0,0,0,0,0,0,0,0,0,0,0,0,0,0,0,0,4,4,4,5,6,8,8,9,14,16,18,21,26,28,35,39,42,42,59,68,71,74,82,112,120,150,150,154,165,174,169,176,184,186,186,191,207,208,210,212,213,214,219,226,233,234,243,243,243,249,249,252,254,254,266,271,275,276,276,280,290,304,306,320,329,330,332,372,375,377,379,401,406,404,405,411,428,432,434,438,442,443,448,451,456,464,464,469,474,483,485,495,508,557,573
84012075,US,USA,840,12075.0,Levy,Florida,US,29.31829741,-82.74007147,"Levy, Florida, US",0,0,0,0,0,0,0,0,0,0,0,0,0,0,0,0,0,0,0,0,0,0,0,0,0,0,0,0,0,0,0,0,0,0,0,0,0,0,0,0,0,0,0,0,0,0,0,0,0,0,0,0,0,0,0,0,0,0,0,0,0,0,0,0,0,0,1,2,2,2,2,2,2,2,4,4,5,5,6,6,6,8,7,7,7,9,9,11,12,13,12,13,13,13,13,13,13,18,18,19,19,19,19,20,20,20,20,20,20,20,20,22,22,22,24,24,25,25,25,27,27,27,27,27,29,30,30,30,31,31,32,34,35,35,38,55,58,60,73,90,90,95,98,100,100,101,127,131,132,137,137,139
84012077,US,USA,840,12077.0,Liberty,Florida,US,30.23766008,-84.8829258,"Liberty, Florida, US",0,0,0,0,0,0,0,0,0,0,0,0,0,0,0,0,0,0,0,0,0,0,0,0,0,0,0,0,0,0,0,0,0,0,0,0,0,0,0,0,0,0,0,0,0,0,0,0,0,0,0,0,0,0,0,0,0,0,0,0,0,0,0,0,0,0,0,0,0,0,0,0,0,0,0,0,0,0,0,0,1,1,2,2,2,2,2,2,2,2,2,2,2,2,2,2,2,2,3,3,6,8,60,60,60,70,114,196,196,198,198,198,198,199,199,199,199,199,199,199,199,204,204,206,209,209,209,209,213,213,213,213,213,218,218,218,218,218,218,218,218,218,218,218,219,220,220,220,220,220,220,221
84012079,US,USA,840,12079.0,Madison,Florida,US,30.44396917,-83.47398594,"Madison, Florida, US",0,0,0,0,0,0,0,0,0,0,0,0,0,0,0,0,0,0,0,0,0,0,0,0,0,0,0,0,0,0,0,0,0,0,0,0,0,0,0,0,0,0,0,0,0,0,0,0,0,0,0,0,0,0,0,0,0,0,0,0,0,0,0,0,0,0,0,0,0,0,0,2,4,6,10,11,11,12,12,14,14,14,14,14,15,16,19,20,21,23,26,35,40,41,41,43,44,49,49,55,58,58,60,61,61,61,61,61,61,61,61,61,61,62,62,62,63,64,64,66,67,66,67,68,69,69,69,69,69,69,69,69,69,69,69,72,71,71,71,71,71,75,75,76,79,82,84,86,93,98,109,123
84012081,US,USA,840,12081.0,Manatee,Florida,US,27.47196942,-82.31831044,"Manatee, Florida, US",0,0,0,0,0,0,0,0,0,0,0,0,0,0,0,0,0,0,0,0,0,0,0,0,0,0,0,0,0,0,0,0,0,0,0,0,0,0,0,0,0,0,0,0,0,0,1,2,2,2,2,2,4,4,4,7,8,9,10,13,13,15,16,22,26,28,30,33,39,53,58,89,104,129,136,144,162,171,175,198,203,236,252,261,276,309,326,362,417,433,443,445,473,491,497,508,533,563,567,580,591,607,619,636,684,722,737,742,756,776,783,795,806,813,826,834,849,867,888,893,933,946,958,975,988,990,996,1007,1022,1037,1045,1057,1074,1110,1134,1162,1177,1189,1219,1229,1245,1253,1309,1353,1377,1421,1483,1523,1548,1649,1786,1890
84012083,US,USA,840,12083.0,Marion,Florida,US,29.21227113,-82.05803627,"Marion, Florida, US",0,0,0,0,0,0,0,0,0,0,0,0,0,0,0,0,0,0,0,0,0,0,0,0,0,0,0,0,0,0,0,0,0,0,0,0,0,0,0,0,0,0,0,0,0,0,0,0,0,0,0,0,0,0,0,0,0,0,0,2,3,4,4,5,5,8,17,20,23,25,28,33,38,42,50,53,63,65,72,82,83,93,101,104,107,112,116,118,121,129,130,130,145,148,150,151,151,160,165,175,178,182,184,184,193,196,202,202,210,208,211,213,217,217,218,220,222,223,224,228,233,233,233,237,237,240,240,241,243,244,248,250,255,257,261,272,274,279,281,284,286,292,299,310,311,315,325,331,345,365,389,395
84012085,US,USA,840,12085.0,Martin,Florida,US,27.0772071,-80.43109784,"Martin, Florida, US",0,0,0,0,0,0,0,0,0,0,0,0,0,0,0,0,0,0,0,0,0,0,0,0,0,0,0,0,0,0,0,0,0,0,0,0,0,0,0,0,0,0,0,0,0,0,0,0,0,0,0,0,0,0,0,0,0,1,1,1,2,4,4,4,8,16,25,26,27,28,29,34,42,53,60,83,98,101,109,111,115,122,129,135,138,142,147,148,151,155,160,161,166,169,169,174,183,185,186,191,197,199,202,215,218,224,233,243,245,255,261,274,275,281,294,296,321,371,396,419,472,476,483,494,510,535,550,557,601,626,651,652,680,729,764,810,849,907,917,934,958,1020,1056,1134,1170,1218,1296,1311,1324,1421,1460,1525
84012086,US,USA,840,12086.0,Miami-Dade,Florida,US,25.6112362,-80.55170587,"Miami-Dade, Florida, US",0,0,0,0,0,0,0,0,0,0,0,0,0,0,0,0,0,0,0,0,0,0,0,0,0,0,0,0,0,0,0,0,0,0,0,0,0,0,0,0,0,0,0,0,0,0,0,0,0,0,1,2,8,13,13,40,76,101,124,169,227,278,338,400,616,763,1003,1192,1632,2123,2202,2886,3364,3890,4146,4481,4997,5354,5745,6119,6487,7058,7459,7712,8066,8326,8824,9045,9354,9657,10056,10153,10588,10926,11005,11351,11570,11831,11927,12063,12389,12632,12775,13092,13224,13371,13585,13664,13841,14007,14167,14385,14468,14742,15011,15366,15658,15864,15942,16034,16367,16522,16694,16845,17041,17168,17225,17396,17641,17826,18000,18139,18224,18456,18779,19056,19299,19547,19756,19980,20277,20548,20872,21633,21917,22197,22741,23273,23854,24376,25080,25790
84012087,US,USA,840,12087.0,Monroe,Florida,US,25.20904673,-81.07812416,"Monroe, Florida, US",0,0,0,0,0,0,0,0,0,0,0,0,0,0,0,0,0,0,0,0,0,0,0,0,0,0,0,0,0,0,0,0,0,0,0,0,0,0,0,0,0,0,0,0,0,0,0,0,0,0,0,0,0,0,0,0,0,0,1,1,1,2,3,8,12,16,20,22,24,27,27,38,40,42,44,45,49,51,52,55,58,59,64,64,66,66,68,73,73,73,73,73,74,77,77,78,79,79,78,79,79,80,80,80,80,80,80,80,89,88,92,95,96,95,95,95,100,99,99,100,100,101,107,108,107,107,107,107,108,108,108,109,109,109,110,110,110,111,114,114,116,120,121,128,129,130,131,137,146,150,158,162
84012089,US,USA,840,12089.0,Nassau,Florida,US,30.61037141,-81.80297522,"Nassau, Florida, US",0,0,0,0,0,0,0,0,0,0,0,0,0,0,0,0,0,0,0,0,0,0,0,0,0,0,0,0,0,0,0,0,0,0,0,0,0,0,0,0,0,0,0,0,0,0,0,0,0,1,1,1,1,1,1,1,1,1,1,1,1,1,1,1,5,6,6,7,8,10,11,16,19,21,21,25,26,29,30,33,33,34,34,35,37,40,42,42,44,46,46,46,48,49,50,53,53,53,56,56,57,58,59,59,59,60,60,60,60,60,61,61,62,63,65,65,66,66,66,69,69,69,69,70,70,70,72,74,74,75,76,76,80,81,82,82,82,82,82,83,84,86,87,90,92,93,94,96,97,101,111,115
84012091,US,USA,840,12091.0,Okaloosa,Florida,US,30.69143028,-86.59267105,"Okaloosa, Florida, US",0,0,0,0,0,0,0,0,0,0,0,0,0,0,0,0,0,0,0,0,0,0,0,0,0,0,0,0,0,0,0,0,0,0,0,0,0,0,0,0,0,0,0,0,0,0,1,1,1,1,1,1,1,1,1,2,3,5,7,12,14,14,14,16,21,23,27,31,35,39,39,51,54,59,62,65,69,78,80,83,91,101,103,104,107,117,124,127,131,131,134,135,141,145,149,149,149,152,153,154,156,158,160,160,161,162,163,165,168,169,169,169,170,172,174,177,177,178,180,184,184,185,192,193,193,194,198,199,207,212,223,232,235,236,241,250,253,262,271,274,287,294,312,315,332,337,344,351,366,391,398,400
84012093,US,USA,840,12093.0,Okeechobee,Florida,US,27.386336199999995,-80.88944347,"Okeechobee, Florida, US",0,0,0,0,0,0,0,0,0,0,0,0,0,0,0,0,0,0,0,0,0,0,0,0,0,0,0,0,0,0,0,0,0,0,0,0,0,0,0,0,0,0,0,0,0,0,0,0,0,0,0,0,0,0,0,0,0,0,0,0,0,0,0,0,0,0,0,0,0,0,0,1,2,3,3,3,4,4,5,5,5,5,5,5,5,5,5,6,7,7,8,8,9,9,9,9,10,10,10,11,12,13,14,18,17,18,22,23,23,28,28,28,25,32,33,34,35,43,45,49,51,55,57,60,64,67,67,68,70,76,83,84,85,97,104,122,125,138,138,143,149,154,158,166,183,189,195,200,207,230,240,245
84012095,US,USA,840,12095.0,Orange,Florida,US,28.51367621,-81.31799498,"Orange, Florida, US",0,0,0,0,0,0,0,0,0,0,0,0,0,0,0,0,0,0,0,0,0,0,0,0,0,0,0,0,0,0,0,0,0,0,0,0,0,0,0,0,0,0,0,0,0,0,0,0,0,0,0,0,1,2,2,6,9,19,23,29,33,48,50,77,110,156,206,246,293,373,392,541,602,657,713,744,763,803,857,895,914,949,1024,1038,1073,1114,1158,1180,1198,1216,1235,1251,1274,1290,1304,1322,1339,1363,1371,1385,1413,1422,1434,1438,1446,1460,1474,1478,1505,1505,1512,1537,1553,1577,1615,1629,1655,1679,1699,1708,1726,1744,1768,1808,1831,1849,1877,1902,1945,1976,2002,2031,2048,2121,2169,2210,2256,2316,2378,2449,2542,2678,2773,2937,3130,3282,3437,3584,3900,4274,4569,4914
84012097,US,USA,840,12097.0,Osceola,Florida,US,28.06312234,-81.14882926,"Osceola, Florida, US",0,0,0,0,0,0,0,0,0,0,0,0,0,0,0,0,0,0,0,0,0,0,0,0,0,0,0,0,0,0,0,0,0,0,0,0,0,0,0,0,0,0,0,0,0,0,0,0,0,0,0,0,1,1,1,6,8,13,13,21,24,25,26,35,42,53,66,83,94,110,115,170,201,216,229,239,254,272,295,300,317,323,333,349,361,384,392,403,409,410,417,423,449,461,463,463,470,474,479,478,486,504,509,516,514,529,544,554,564,572,573,580,586,594,608,616,622,627,629,636,640,644,648,658,658,662,673,674,688,698,701,703,709,715,726,732,741,745,749,762,770,785,796,810,838,848,866,892,926,960,1007,1052
84012099,US,USA,840,12099.0,Palm Beach,Florida,US,26.64676272,-80.46536002,"Palm Beach, Florida, US",0,0,0,0,0,0,0,0,0,0,0,0,0,0,0,0,0,0,0,0,0,0,0,0,0,0,0,0,0,0,0,0,0,0,0,0,0,0,0,0,0,0,0,0,0,0,0,0,0,0,0,2,5,5,5,13,19,29,42,56,72,89,101,118,169,194,292,333,423,551,567,737,858,954,1000,1069,1136,1206,1260,1388,1441,1646,1704,1740,1814,1867,2088,2138,2170,2260,2320,2403,2554,2600,2614,2697,2763,2877,2911,2963,3041,3080,3130,3311,3390,3480,3587,3615,3798,3870,3889,4093,4176,4278,4391,4440,4524,4658,4699,4776,4968,5072,5140,5201,5355,5429,5455,5541,5765,5898,5996,6135,6219,6477,6688,6859,7074,7230,7329,7518,7678,7887,8209,8442,8833,9015,9262,9472,9854,10116,10506,10754
84012101,US,USA,840,12101.0,Pasco,Florida,US,28.30810945,-82.40227529,"Pasco, Florida, US",0,0,0,0,0,0,0,0,0,0,0,0,0,0,0,0,0,0,0,0,0,0,0,0,0,0,0,0,0,0,0,0,0,0,0,0,0,0,0,0,0,0,0,0,0,0,0,0,0,1,1,1,1,2,2,2,3,5,7,8,11,14,15,17,19,23,28,34,38,40,43,66,77,90,102,110,120,125,128,141,148,160,169,177,186,190,193,198,205,209,213,218,221,230,233,233,237,239,241,249,252,275,278,282,284,285,289,291,293,297,300,302,306,308,313,314,316,319,327,328,335,338,341,349,360,369,373,375,377,381,386,388,394,398,405,416,419,424,434,442,457,473,484,500,521,543,560,583,627,686,750,809
84012103,US,USA,840,12103.0,Pinellas,Florida,US,27.93130349,-82.72239666,"Pinellas, Florida, US",0,0,0,0,0,0,0,0,0,0,0,0,0,0,0,0,0,0,0,0,0,0,0,0,0,0,0,0,0,0,0,0,0,0,0,0,0,0,0,0,0,0,0,0,0,0,0,0,0,2,2,2,2,2,2,4,10,16,22,29,38,41,45,50,64,77,94,113,126,167,170,273,318,342,359,362,380,394,413,428,444,455,479,494,513,530,565,587,592,607,632,638,656,673,677,687,698,709,718,729,748,757,766,784,788,801,820,828,848,861,876,909,923,962,997,1008,1022,1051,1062,1075,1109,1116,1153,1173,1187,1196,1205,1218,1238,1262,1297,1313,1335,1361,1397,1478,1532,1584,1638,1679,1746,1862,1941,2103,2235,2389,2523,2684,2887,3153,3438,3667
84012105,US,USA,840,12105.0,Polk,Florida,US,27.95027105,-81.69732947,"Polk, Florida, US",0,0,0,0,0,0,0,0,0,0,0,0,0,0,0,0,0,0,0,0,0,0,0,0,0,0,0,0,0,0,0,0,0,0,0,0,0,0,0,0,0,0,0,0,0,0,0,0,0,0,0,0,0,0,0,1,1,4,9,10,11,13,13,14,17,26,34,39,55,73,76,103,126,142,157,176,197,206,212,237,242,254,270,279,286,304,316,320,326,335,356,361,379,393,400,410,441,457,468,483,500,514,523,536,547,564,594,601,623,636,655,675,687,698,716,722,736,746,766,786,822,840,853,869,878,891,907,939,977,1005,1027,1038,1053,1074,1100,1127,1145,1178,1206,1243,1287,1325,1373,1414,1466,1509,1566,1634,1702,1856,1970,2042
84012107,US,USA,840,12107.0,Putnam,Florida,US,29.60779729,-81.74230285,"Putnam, Florida, US",0,0,0,0,0,0,0,0,0,0,0,0,0,0,0,0,0,0,0,0,0,0,0,0,0,0,0,0,0,0,0,0,0,0,0,0,0,0,0,0,0,0,0,0,0,0,0,0,0,0,0,0,0,0,0,0,0,0,0,1,2,2,2,4,12,12,12,12,13,13,13,14,15,18,19,19,19,21,25,28,29,43,42,43,46,49,52,55,56,58,59,65,75,81,83,87,87,103,103,106,108,117,120,121,120,120,120,120,125,126,127,127,127,127,127,128,131,134,134,135,136,138,139,140,143,144,144,149,149,150,152,153,154,154,165,172,173,173,174,175,176,181,183,185,190,191,198,205,209,213,221,237
84012109,US,USA,840,12109.0,St. Johns,Florida,US,29.90096506,-81.43589967,"St. Johns, Florida, US",0,0,0,0,0,0,0,0,0,0,0,0,0,0,0,0,0,0,0,0,0,0,0,0,0,0,0,0,0,0,0,0,0,0,0,0,0,0,0,0,0,0,0,0,0,0,0,0,0,0,1,1,0,1,1,2,4,4,7,9,16,18,22,26,33,36,48,50,60,79,83,102,119,132,141,146,151,154,162,163,167,173,176,177,179,182,186,188,190,192,194,195,200,203,203,204,204,207,207,208,210,212,211,211,214,216,222,223,222,222,222,223,229,231,231,231,231,232,233,233,235,236,238,239,240,241,245,247,252,256,260,260,262,269,267,270,272,279,282,287,288,287,292,298,307,315,333,347,365,398,433,461
84012111,US,USA,840,12111.0,St. Lucie,Florida,US,27.37763908,-80.47106649,"St. Lucie, Florida, US",0,0,0,0,0,0,0,0,0,0,0,0,0,0,0,0,0,0,0,0,0,0,0,0,0,0,0,0,0,0,0,0,0,0,0,0,0,0,0,0,0,0,0,0,0,0,0,0,0,0,0,0,0,0,0,0,0,0,0,1,3,5,6,8,10,14,21,23,29,38,40,48,60,76,82,100,118,130,132,144,148,152,161,165,172,186,192,196,202,204,206,207,220,223,225,228,236,239,239,247,249,254,257,260,259,265,271,275,280,282,284,290,299,301,313,316,323,334,337,336,349,363,386,391,404,413,420,424,449,463,471,473,492,508,535,561,607,627,654,669,696,760,793,830,883,926,981,1037,1057,1131,1169,1214
84012113,US,USA,840,12113.0,Santa Rosa,Florida,US,30.69341450000001,-87.02458128,"Santa Rosa, Florida, US",0,0,0,0,0,0,0,0,0,0,0,0,0,0,0,0,0,0,0,0,0,0,0,0,0,0,0,0,0,0,0,0,0,0,0,0,0,0,0,0,0,0,0,1,1,1,1,1,1,1,1,1,1,1,1,1,0,2,3,3,4,4,4,7,9,11,14,20,30,44,44,47,48,50,55,58,65,69,71,103,105,109,113,114,115,118,130,133,138,140,139,144,141,143,147,149,150,151,153,154,158,157,157,158,158,158,160,162,172,173,176,179,179,180,182,182,183,185,186,197,198,202,207,207,208,209,237,237,240,242,245,247,248,250,255,256,257,258,258,261,262,273,275,285,291,293,297,305,319,330,342,344
84012115,US,USA,840,12115.0,Sarasota,Florida,US,27.18546175,-82.33174248,"Sarasota, Florida, US",0,0,0,0,0,0,0,0,0,0,0,0,0,0,0,0,0,0,0,0,0,0,0,0,0,0,0,0,0,0,0,0,0,0,0,0,0,0,0,0,0,0,0,0,0,0,0,0,0,0,0,2,1,1,1,2,5,6,8,14,15,21,26,27,34,40,48,50,61,76,82,110,124,129,140,151,172,180,190,208,219,226,230,241,252,260,274,279,284,291,297,299,310,314,318,321,323,334,338,352,365,372,377,385,395,405,412,416,418,426,430,435,440,487,496,498,508,518,533,538,550,565,576,586,590,594,598,611,622,629,635,639,647,649,652,658,669,680,686,694,705,716,724,741,767,780,789,803,833,868,926,962
84012117,US,USA,840,12117.0,Seminole,Florida,US,28.7158582,-81.24060348,"Seminole, Florida, US",0,0,0,0,0,0,0,0,0,0,0,0,0,0,0,0,0,0,0,0,0,0,0,0,0,0,0,0,0,0,0,0,0,0,0,0,0,0,0,0,0,0,0,0,0,0,0,0,0,0,1,1,1,1,1,4,7,8,10,12,19,22,23,29,37,49,61,76,87,103,109,145,163,178,191,194,202,216,228,235,242,255,268,275,283,306,313,315,320,325,328,332,340,348,351,357,367,374,373,379,385,395,394,396,403,408,410,410,411,415,415,418,422,426,429,431,432,435,442,444,445,449,454,459,461,465,471,474,481,484,490,491,493,505,512,515,521,532,542,556,585,621,663,709,759,790,836,876,976,1101,1189,1265
84012119,US,USA,840,12119.0,Sumter,Florida,US,28.70181754,-82.0794267,"Sumter, Florida, US",0,0,0,0,0,0,0,0,0,0,0,0,0,0,0,0,0,0,0,0,0,0,0,0,0,0,0,0,0,0,0,0,0,0,0,0,0,0,0,0,0,0,0,0,0,0,0,0,0,0,0,0,0,0,0,0,1,2,2,4,5,8,10,13,24,29,33,43,46,51,52,66,68,73,75,80,84,90,98,106,107,110,112,113,114,117,120,144,147,153,163,164,166,167,169,171,173,177,176,181,217,221,226,233,236,234,238,239,240,244,244,244,245,246,250,251,251,252,253,253,254,252,253,253,253,254,253,253,253,253,253,253,255,258,260,261,261,261,261,264,265,265,266,266,266,267,268,269,270,277,282,284
84012121,US,USA,840,12121.0,Suwannee,Florida,US,30.19746066,-82.99099670000003,"Suwannee, Florida, US",0,0,0,0,0,0,0,0,0,0,0,0,0,0,0,0,0,0,0,0,0,0,0,0,0,0,0,0,0,0,0,0,0,0,0,0,0,0,0,0,0,0,0,0,0,0,0,0,0,0,0,0,0,0,0,0,0,0,0,0,0,0,0,0,0,1,1,1,3,3,4,7,11,17,18,32,32,46,54,58,66,67,68,75,80,83,87,90,98,98,102,104,106,107,109,116,118,128,129,130,139,141,141,141,142,143,144,145,145,146,146,148,149,151,151,153,158,160,160,160,161,164,164,165,166,165,166,166,166,167,167,168,168,170,172,174,174,175,175,176,178,182,185,186,196,200,208,217,224,229,252,310
84012123,US,USA,840,12123.0,Taylor,Florida,US,30.04848048,-83.60445406,"Taylor, Florida, US",0,0,0,0,0,0,0,0,0,0,0,0,0,0,0,0,0,0,0,0,0,0,0,0,0,0,0,0,0,0,0,0,0,0,0,0,0,0,0,0,0,0,0,0,0,0,0,0,0,0,0,0,0,0,0,0,0,0,0,0,0,0,0,0,0,0,0,0,0,0,0,0,0,0,0,0,1,1,1,1,1,1,1,1,1,1,1,1,1,2,2,2,3,3,3,3,3,3,3,3,3,3,3,3,3,3,3,3,3,3,3,3,3,3,3,3,3,5,5,5,8,10,11,12,14,14,14,16,19,20,22,22,22,24,26,27,45,46,48,48,47,51,52,53,54,59,60,62,62,62,63,65
84012125,US,USA,840,12125.0,Union,Florida,US,30.04412971,-82.37497443,"Union, Florida, US",0,0,0,0,0,0,0,0,0,0,0,0,0,0,0,0,0,0,0,0,0,0,0,0,0,0,0,0,0,0,0,0,0,0,0,0,0,0,0,0,0,0,0,0,0,0,0,0,0,0,0,0,0,0,0,0,0,0,0,0,0,0,0,0,0,0,0,0,0,1,1,1,1,2,2,2,2,2,2,2,2,2,2,2,2,2,2,2,3,2,3,3,3,4,4,4,4,4,4,4,5,5,5,5,5,5,5,5,6,6,7,7,10,14,14,20,25,25,26,26,28,28,29,30,30,31,31,31,31,31,32,32,33,33,34,34,36,38,38,38,38,38,38,39,38,38,38,38,38,39,40,41
84012127,US,USA,840,12127.0,Volusia,Florida,US,29.05858895,-81.18263252,"Volusia, Florida, US",0,0,0,0,0,0,0,0,0,0,0,0,0,0,0,0,0,0,0,0,0,0,0,0,0,0,0,0,0,0,0,0,0,0,0,0,0,0,0,0,0,0,0,0,0,0,1,1,2,2,2,3,4,5,5,9,9,9,10,11,14,16,18,20,29,39,44,47,65,80,80,102,125,134,151,151,162,163,179,187,195,201,216,226,242,255,270,291,333,342,366,375,420,428,432,434,440,445,448,452,500,509,513,514,521,526,534,537,540,548,551,557,566,576,590,591,594,605,612,618,630,640,655,663,673,680,683,709,725,730,736,741,752,771,784,791,804,819,829,837,849,860,884,914,928,946,969,995,1057,1117,1168,1218
84012129,US,USA,840,12129.0,Wakulla,Florida,US,30.16548905,-84.39895211,"Wakulla, Florida, US",0,0,0,0,0,0,0,0,0,0,0,0,0,0,0,0,0,0,0,0,0,0,0,0,0,0,0,0,0,0,0,0,0,0,0,0,0,0,0,0,0,0,0,0,0,0,0,0,0,0,0,0,0,0,0,0,0,0,0,0,0,0,0,0,0,0,0,0,1,1,1,2,3,5,6,6,6,7,7,7,7,8,12,12,13,14,14,14,14,15,15,15,17,20,20,21,22,22,22,23,24,23,24,24,29,29,29,29,29,29,29,31,31,31,31,31,32,32,32,32,32,32,32,32,32,32,32,32,33,34,34,35,35,35,35,35,35,35,35,35,35,35,35,35,35,35,35,36,37,37,38,40
84012131,US,USA,840,12131.0,Walton,Florida,US,30.64204028,-86.16935664,"Walton, Florida, US",0,0,0,0,0,0,0,0,0,0,0,0,0,0,0,0,0,0,0,0,0,0,0,0,0,0,0,0,0,0,0,0,0,0,0,0,0,0,0,0,0,0,0,0,0,0,0,0,0,0,0,0,0,0,0,0,0,1,3,4,4,9,10,12,13,13,15,15,15,18,18,19,19,21,23,24,26,26,26,27,27,29,29,29,29,29,31,32,32,32,32,32,34,35,35,35,35,35,35,38,38,43,49,50,50,51,50,51,55,61,65,66,68,73,76,77,77,81,91,97,97,100,103,106,108,108,109,109,114,114,117,117,118,118,120,124,130,130,131,133,135,142,145,146,148,150,152,157,157,165,174,181
84012133,US,USA,840,12133.0,Washington,Florida,US,30.61359259,-85.66002461,"Washington, Florida, US",0,0,0,0,0,0,0,0,0,0,0,0,0,0,0,0,0,0,0,0,0,0,0,0,0,0,0,0,0,0,0,0,0,0,0,0,0,0,0,0,0,0,0,0,0,0,0,0,0,0,0,0,0,0,0,0,0,0,0,0,0,0,0,0,0,1,1,1,1,1,1,1,1,1,1,1,2,2,3,3,3,4,4,5,5,5,6,5,6,6,9,10,10,12,12,12,12,12,12,12,12,12,12,12,12,12,12,12,12,12,12,12,12,12,14,13,13,13,14,14,19,24,26,26,45,50,51,51,54,57,57,58,66,68,74,79,83,84,84,85,85,87,87,91,92,91,94,95,95,96,96,96
84013001,US,USA,840,13001.0,Appling,Georgia,US,31.74847232,-82.28909114,"Appling, Georgia, US",0,0,0,0,0,0,0,0,0,0,0,0,0,0,0,0,0,0,0,0,0,0,0,0,0,0,0,0,0,0,0,0,0,0,0,0,0,0,0,0,0,0,0,0,0,0,0,0,0,0,0,0,0,0,0,0,0,0,0,0,0,0,0,1,0,0,0,0,0,2,1,3,3,5,5,6,6,6,7,7,9,9,11,13,14,17,18,18,20,21,21,47,49,53,54,56,60,65,65,70,72,72,72,74,77,78,88,89,92,93,93,96,99,108,108,108,108,111,113,115,118,121,124,132,134,138,143,148,156,156,159,161,161,170,172,180,185,185,189,197,199,200,199,204,205,204,207,208,208,214,216,217
84013003,US,USA,840,13003.0,Atkinson,Georgia,US,31.29633502,-82.87545866,"Atkinson, Georgia, US",0,0,0,0,0,0,0,0,0,0,0,0,0,0,0,0,0,0,0,0,0,0,0,0,0,0,0,0,0,0,0,0,0,0,0,0,0,0,0,0,0,0,0,0,0,0,0,0,0,0,0,0,0,0,0,0,0,0,0,0,0,0,0,0,0,0,0,0,0,0,0,0,0,0,0,0,4,4,4,4,2,2,2,2,2,3,5,5,5,5,5,5,7,7,7,7,7,7,7,8,9,11,11,12,14,17,20,20,20,20,20,20,20,20,20,20,20,22,22,24,26,26,26,29,31,35,38,41,46,47,48,51,51,53,54,55,60,60,60,62,62,71,70,70,75,76,77,80,83,89,90,91
84013005,US,USA,840,13005.0,Bacon,Georgia,US,31.55456473,-82.45936528,"Bacon, Georgia, US",0,0,0,0,0,0,0,0,0,0,0,0,0,0,0,0,0,0,0,0,0,0,0,0,0,0,0,0,0,0,0,0,0,0,0,0,0,0,0,0,0,0,0,0,0,0,0,0,0,0,0,0,0,0,0,0,0,0,0,0,0,0,0,0,0,0,0,1,1,2,6,6,6,6,6,7,10,13,13,14,14,14,14,14,14,14,17,17,18,19,19,20,20,20,21,21,22,22,22,24,25,26,27,28,28,29,32,35,41,43,43,51,48,51,59,59,60,61,71,68,73,73,76,75,77,80,83,91,92,108,122,129,131,136,137,141,144,144,146,152,152,164,165,174,176,177,181,179,186,194,194,196
84013007,US,USA,840,13007.0,Baker,Georgia,US,31.32669878,-84.44218806,"Baker, Georgia, US",0,0,0,0,0,0,0,0,0,0,0,0,0,0,0,0,0,0,0,0,0,0,0,0,0,0,0,0,0,0,0,0,0,0,0,0,0,0,0,0,0,0,0,0,0,0,0,0,0,0,0,0,0,0,0,0,0,0,0,0,0,0,2,3,1,1,1,1,1,4,4,4,4,4,5,5,9,9,11,11,12,14,16,16,16,17,19,16,17,20,20,20,19,19,19,19,21,21,22,23,23,23,23,26,26,28,29,31,31,31,33,34,34,33,33,33,33,33,32,32,32,32,33,33,33,36,34,34,34,34,34,35,34,34,35,35,36,36,37,37,37,37,37,37,37,37,36,37,36,36,36,36
84013009,US,USA,840,13009.0,Baldwin,Georgia,US,33.06882326,-83.24701748,"Baldwin, Georgia, US",0,0,0,0,0,0,0,0,0,0,0,0,0,0,0,0,0,0,0,0,0,0,0,0,0,0,0,0,0,0,0,0,0,0,0,0,0,0,0,0,0,0,0,0,0,0,0,0,0,0,0,0,0,0,0,0,0,0,0,2,2,2,2,2,2,2,2,2,3,4,6,7,10,11,14,15,26,27,30,32,44,52,53,69,90,97,109,108,110,130,132,155,161,169,180,181,193,202,210,215,226,229,233,239,260,263,270,271,270,271,275,276,277,280,282,284,287,290,292,296,299,329,329,331,330,335,337,342,348,343,345,349,350,352,380,387,387,388,388,393,407,414,421,423,426,429,430,431,433,435,441,444
84013011,US,USA,840,13011.0,Banks,Georgia,US,34.35607081,-83.49644388,"Banks, Georgia, US",0,0,0,0,0,0,0,0,0,0,0,0,0,0,0,0,0,0,0,0,0,0,0,0,0,0,0,0,0,0,0,0,0,0,0,0,0,0,0,0,0,0,0,0,0,0,0,0,0,0,0,0,0,0,0,0,0,0,0,0,0,0,0,0,0,0,0,0,1,3,3,3,3,3,3,3,3,4,4,7,7,7,7,8,8,10,13,13,14,15,15,16,17,18,18,18,17,18,20,24,25,31,31,29,29,32,35,35,36,36,36,38,39,41,43,43,43,43,46,46,68,73,73,73,73,80,88,92,92,88,88,92,93,86,87,88,88,90,92,99,100,103,107,108,108,109,110,108,111,113,114,114
84013013,US,USA,840,13013.0,Barrow,Georgia,US,33.99148694,-83.71436292,"Barrow, Georgia, US",0,0,0,0,0,0,0,0,0,0,0,0,0,0,0,0,0,0,0,0,0,0,0,0,0,0,0,0,0,0,0,0,0,0,0,0,0,0,0,0,0,0,0,0,0,0,0,0,0,0,0,0,0,0,0,0,1,1,1,1,1,1,1,2,4,6,7,7,7,18,20,20,21,22,25,27,40,42,46,48,51,55,55,65,66,70,84,87,90,93,99,103,106,111,111,108,113,123,131,133,141,155,159,167,177,197,191,192,194,193,195,232,254,255,258,258,257,263,267,272,276,281,283,283,292,307,316,321,325,326,326,333,328,333,333,341,341,342,353,356,366,377,378,382,382,388,395,401,409,414,415,416
84013015,US,USA,840,13015.0,Bartow,Georgia,US,34.23732119,-84.83887523,"Bartow, Georgia, US",0,0,0,0,0,0,0,0,0,0,0,0,0,0,0,0,0,0,0,0,0,0,0,0,0,0,0,0,0,0,0,0,0,0,0,0,0,0,0,0,0,0,0,0,0,0,0,0,0,0,3,4,7,9,9,10,19,26,54,56,56,61,74,78,86,98,116,119,121,131,144,147,154,160,160,179,187,192,196,207,209,212,216,230,235,237,242,246,248,255,256,259,264,273,283,286,289,298,308,313,323,324,325,341,350,359,360,361,361,363,364,368,377,382,385,385,385,396,410,419,424,427,444,443,443,452,458,469,477,478,478,481,485,496,504,514,521,522,523,527,530,532,539,542,543,548,562,570,573,583,587,596
84013017,US,USA,840,13017.0,Ben Hill,Georgia,US,31.76095874,-83.22145359,"Ben Hill, Georgia, US",0,0,0,0,0,0,0,0,0,0,0,0,0,0,0,0,0,0,0,0,0,0,0,0,0,0,0,0,0,0,0,0,0,0,0,0,0,0,0,0,0,0,0,0,0,0,0,0,0,0,0,0,0,0,0,0,0,0,0,0,0,0,1,1,1,2,2,2,2,3,3,3,3,4,4,5,6,6,6,8,8,8,8,10,10,10,13,13,15,15,19,20,21,21,23,23,24,25,25,25,26,28,29,29,29,36,38,39,39,39,40,43,43,44,45,45,45,47,48,48,53,55,56,58,61,65,69,71,72,74,74,76,77,81,84,87,90,90,93,93,96,96,98,102,104,105,104,109,113,117,119,122
84013019,US,USA,840,13019.0,Berrien,Georgia,US,31.27590016,-83.22529920000002,"Berrien, Georgia, US",0,0,0,0,0,0,0,0,0,0,0,0,0,0,0,0,0,0,0,0,0,0,0,0,0,0,0,0,0,0,0,0,0,0,0,0,0,0,0,0,0,0,0,0,0,0,0,0,0,0,0,0,0,0,0,0,0,0,0,0,0,0,0,0,0,0,0,0,1,1,2,3,3,3,3,3,4,4,4,6,6,6,6,8,8,9,10,10,10,10,10,10,12,14,16,16,15,18,18,17,17,17,17,17,17,19,19,19,19,19,19,19,19,20,20,20,20,22,23,25,30,34,34,34,37,38,39,42,46,46,46,49,49,48,51,54,55,58,59,59,59,59,62,66,68,73,77,80,83,86,89,91
84013021,US,USA,840,13021.0,Bibb,Georgia,US,32.80904227,-83.70489165,"Bibb, Georgia, US",0,0,0,0,0,0,0,0,0,0,0,0,0,0,0,0,0,0,0,0,0,0,0,0,0,0,0,0,0,0,0,0,0,0,0,0,0,0,0,0,0,0,0,0,0,0,0,0,0,0,0,0,0,0,0,0,0,1,1,1,1,2,4,6,8,10,11,13,15,20,22,24,32,36,40,40,42,50,53,56,63,67,72,91,95,118,188,192,199,203,203,224,234,244,247,248,256,269,302,305,312,319,323,347,351,367,379,384,365,367,370,376,378,384,391,394,396,397,411,408,416,423,432,433,435,436,441,444,451,454,453,467,472,481,494,502,504,503,509,511,516,525,530,533,532,542,560,570,583,590,597,601
84013023,US,USA,840,13023.0,Bleckley,Georgia,US,32.43829035,-83.33035166,"Bleckley, Georgia, US",0,0,0,0,0,0,0,0,0,0,0,0,0,0,0,0,0,0,0,0,0,0,0,0,0,0,0,0,0,0,0,0,0,0,0,0,0,0,0,0,0,0,0,0,0,0,0,0,0,0,0,0,0,0,0,0,0,0,0,0,0,0,0,0,0,0,0,0,0,1,1,1,1,1,1,1,1,1,1,1,1,1,3,3,3,3,4,6,6,5,5,5,7,9,9,9,9,12,12,16,19,20,20,21,21,21,22,26,28,29,29,29,32,32,33,34,34,33,34,33,34,37,38,39,38,40,43,45,45,45,45,45,48,48,48,50,50,50,51,53,53,54,53,54,54,54,52,52,53,54,54,54
84013025,US,USA,840,13025.0,Brantley,Georgia,US,31.19576557,-81.97743999,"Brantley, Georgia, US",0,0,0,0,0,0,0,0,0,0,0,0,0,0,0,0,0,0,0,0,0,0,0,0,0,0,0,0,0,0,0,0,0,0,0,0,0,0,0,0,0,0,0,0,0,0,0,0,0,0,0,0,0,0,0,0,0,0,0,0,0,0,0,0,0,0,0,0,0,0,0,0,0,0,0,2,3,5,6,6,7,8,11,12,13,15,16,18,18,20,20,20,20,20,21,21,21,22,22,23,23,23,22,22,22,22,23,23,24,25,26,27,28,28,35,38,38,39,44,46,46,48,50,51,51,50,50,51,54,56,56,57,58,59,61,62,62,62,63,63,63,64,68,68,68,69,70,71,72,73,73,73
84013027,US,USA,840,13027.0,Brooks,Georgia,US,30.83922642,-83.58303423,"Brooks, Georgia, US",0,0,0,0,0,0,0,0,0,0,0,0,0,0,0,0,0,0,0,0,0,0,0,0,0,0,0,0,0,0,0,0,0,0,0,0,0,0,0,0,0,0,0,0,0,0,0,0,0,0,0,0,0,0,0,0,0,0,0,0,0,0,0,0,0,0,0,1,1,2,2,3,5,5,6,6,6,16,16,17,18,18,19,20,21,21,23,23,23,23,30,36,37,39,39,39,52,52,55,58,59,59,60,61,63,64,64,64,64,64,64,64,64,64,64,63,63,64,66,66,66,66,66,66,67,68,68,69,69,68,68,69,70,72,76,78,79,79,83,84,87,91,93,93,96,98,99,100,106,109,112,115
84013029,US,USA,840,13029.0,Bryan,Georgia,US,32.00979311,-81.44002948,"Bryan, Georgia, US",0,0,0,0,0,0,0,0,0,0,0,0,0,0,0,0,0,0,0,0,0,0,0,0,0,0,0,0,0,0,0,0,0,0,0,0,0,0,0,0,0,0,0,0,0,0,0,0,0,0,0,0,0,0,0,0,0,0,0,0,0,0,2,2,3,4,6,7,7,7,8,10,12,15,16,21,26,26,25,29,28,29,31,30,30,30,31,31,33,35,34,38,43,47,47,47,48,49,51,52,54,54,54,55,56,57,57,59,59,60,60,61,61,61,61,61,61,65,66,67,67,68,69,70,70,72,73,74,74,74,74,75,75,77,78,77,77,77,78,80,80,83,83,85,86,86,87,89,90,94,94,95
84013031,US,USA,840,13031.0,Bulloch,Georgia,US,32.39577406,-81.74811421,"Bulloch, Georgia, US",0,0,0,0,0,0,0,0,0,0,0,0,0,0,0,0,0,0,0,0,0,0,0,0,0,0,0,0,0,0,0,0,0,0,0,0,0,0,0,0,0,0,0,0,0,0,0,0,0,0,0,0,0,0,0,0,0,0,0,0,0,0,0,0,0,0,0,1,1,2,2,3,5,5,5,8,10,12,14,16,16,16,19,20,22,23,26,26,27,30,31,33,33,34,34,34,34,34,36,37,40,42,42,43,43,42,41,42,42,43,44,45,45,45,45,45,45,45,45,46,48,49,52,52,52,53,54,60,60,60,60,65,67,77,77,81,82,82,83,84,87,87,92,95,96,108,110,115,119,139,147,151
84013033,US,USA,840,13033.0,Burke,Georgia,US,33.05917989,-81.99928721,"Burke, Georgia, US",0,0,0,0,0,0,0,0,0,0,0,0,0,0,0,0,0,0,0,0,0,0,0,0,0,0,0,0,0,0,0,0,0,0,0,0,0,0,0,0,0,0,0,0,0,0,0,0,0,0,0,0,0,0,0,0,0,0,0,0,0,0,1,1,1,3,3,4,4,8,8,8,8,8,9,10,14,17,20,21,28,28,28,28,28,32,37,41,47,48,51,53,60,71,71,77,77,74,84,85,86,86,86,87,88,89,90,101,103,107,109,110,113,112,112,112,112,116,118,122,120,120,120,121,123,123,123,121,121,121,121,122,122,123,123,121,124,125,125,125,125,125,125,125,125,126,126,127,128,132,132,133
84013035,US,USA,840,13035.0,Butts,Georgia,US,33.283094500000004,-83.95435040000002,"Butts, Georgia, US",0,0,0,0,0,0,0,0,0,0,0,0,0,0,0,0,0,0,0,0,0,0,0,0,0,0,0,0,0,0,0,0,0,0,0,0,0,0,0,0,0,0,0,0,0,0,0,0,0,0,0,0,0,0,0,0,0,0,0,0,1,2,2,2,3,3,5,5,5,6,8,9,9,10,11,17,17,20,23,27,27,28,30,35,36,38,40,41,43,80,82,125,126,125,125,126,126,129,134,141,153,151,150,152,158,163,167,171,172,180,189,191,192,196,196,197,197,199,199,205,205,206,208,209,211,214,219,223,229,229,228,228,234,237,240,242,243,244,244,253,254,255,242,243,245,245,246,247,248,250,246,246
84013037,US,USA,840,13037.0,Calhoun,Georgia,US,31.53169785,-84.62725131,"Calhoun, Georgia, US",0,0,0,0,0,0,0,0,0,0,0,0,0,0,0,0,0,0,0,0,0,0,0,0,0,0,0,0,0,0,0,0,0,0,0,0,0,0,0,0,0,0,0,0,0,0,0,0,0,0,0,0,0,0,0,0,0,0,0,0,0,0,0,0,0,2,2,3,5,9,10,10,10,11,15,19,28,30,35,37,41,43,48,54,58,59,60,57,57,61,61,76,82,84,86,86,87,87,90,99,103,103,107,107,107,109,110,113,116,117,117,117,117,117,124,123,123,122,122,122,121,123,126,126,128,129,130,130,131,132,132,132,134,135,136,139,138,138,138,140,139,145,146,146,146,148,149,152,154,155,157,158
84013039,US,USA,840,13039.0,Camden,Georgia,US,30.92951916,-81.66601818,"Camden, Georgia, US",0,0,0,0,0,0,0,0,0,0,0,0,0,0,0,0,0,0,0,0,0,0,0,0,0,0,0,0,0,0,0,0,0,0,0,0,0,0,0,0,0,0,0,0,0,0,0,0,0,0,0,1,0,0,0,0,0,0,0,0,0,0,1,1,2,2,2,2,3,4,4,6,6,6,9,9,16,17,19,19,20,20,22,22,23,26,27,27,28,27,27,27,28,28,28,28,30,31,32,33,33,34,35,33,34,34,35,35,36,37,37,37,43,46,46,47,47,50,51,52,53,53,53,56,55,55,56,62,62,61,62,63,64,66,68,69,69,69,69,70,70,70,71,73,73,75,75,75,76,81,92,96
84013043,US,USA,840,13043.0,Candler,Georgia,US,32.40209349,-82.07702563,"Candler, Georgia, US",0,0,0,0,0,0,0,0,0,0,0,0,0,0,0,0,0,0,0,0,0,0,0,0,0,0,0,0,0,0,0,0,0,0,0,0,0,0,0,0,0,0,0,0,0,0,0,0,0,0,0,0,0,0,0,0,0,0,0,0,0,0,0,0,0,0,0,1,1,1,1,1,1,1,2,2,4,4,4,4,4,4,4,4,4,4,4,5,5,7,7,7,7,7,7,8,8,7,7,7,7,7,7,7,7,7,7,7,8,9,9,10,10,10,10,10,10,10,10,12,12,12,13,13,13,13,13,13,13,13,13,13,14,14,14,13,13,13,15,15,17,17,17,17,17,17,17,18,19,20,21,21
84013045,US,USA,840,13045.0,Carroll,Georgia,US,33.58138199,-85.07976677,"Carroll, Georgia, US",0,0,0,0,0,0,0,0,0,0,0,0,0,0,0,0,0,0,0,0,0,0,0,0,0,0,0,0,0,0,0,0,0,0,0,0,0,0,0,0,0,0,0,0,0,0,0,0,0,0,0,0,0,0,0,0,0,0,7,14,16,21,26,27,50,55,64,64,81,123,131,133,143,149,158,163,177,183,183,197,201,204,214,235,237,243,260,270,281,305,307,311,314,320,325,326,329,334,346,358,375,383,386,382,387,391,389,390,393,395,395,398,397,400,408,409,408,408,418,425,437,439,440,445,472,490,512,516,519,518,525,526,524,535,568,578,580,580,585,587,591,593,602,611,614,614,619,619,621,627,622,625
84013047,US,USA,840,13047.0,Catoosa,Georgia,US,34.89872298,-85.13757014,"Catoosa, Georgia, US",0,0,0,0,0,0,0,0,0,0,0,0,0,0,0,0,0,0,0,0,0,0,0,0,0,0,0,0,0,0,0,0,0,0,0,0,0,0,0,0,0,0,0,0,0,0,0,0,0,0,0,0,0,0,0,0,0,0,0,0,0,1,1,1,1,1,1,3,3,3,4,4,6,6,6,6,7,7,9,11,12,12,13,15,17,18,18,19,19,23,26,45,45,46,46,46,46,46,47,47,48,51,46,51,52,52,52,52,53,53,55,61,66,70,71,72,71,71,73,77,79,97,97,101,105,111,115,119,129,133,133,140,142,145,146,147,157,159,164,164,175,184,217,226,228,234,249,254,256,272,275,275
84013049,US,USA,840,13049.0,Charlton,Georgia,US,30.78371028,-82.13951596,"Charlton, Georgia, US",0,0,0,0,0,0,0,0,0,0,0,0,0,0,0,0,0,0,0,0,0,0,0,0,0,0,0,0,0,0,0,0,0,0,0,0,0,0,0,0,0,0,0,0,0,0,0,0,0,1,1,1,1,1,1,1,1,1,1,1,1,1,1,1,1,1,1,1,1,1,1,1,1,1,2,2,3,3,2,2,2,3,3,4,4,5,5,5,6,6,7,7,7,7,7,7,8,9,9,8,11,11,12,12,13,13,14,17,17,17,17,17,19,20,26,26,26,26,29,28,28,28,29,29,29,30,33,33,33,32,32,33,33,33,33,32,32,32,34,36,36,37,38,38,38,39,37,36,36,38,38,38
84013051,US,USA,840,13051.0,Chatham,Georgia,US,32.00043026,-81.12489526,"Chatham, Georgia, US",0,0,0,0,0,0,0,0,0,0,0,0,0,0,0,0,0,0,0,0,0,0,0,0,0,0,0,0,0,0,0,0,0,0,0,0,0,0,0,0,0,0,0,0,0,0,0,0,0,0,0,0,0,0,0,0,0,0,2,4,4,4,7,7,9,10,15,15,16,26,36,44,58,64,83,104,117,125,131,136,142,147,152,157,160,161,173,177,179,185,185,193,199,205,206,206,208,217,221,226,230,230,234,246,267,282,285,291,299,303,311,327,337,344,353,356,355,363,379,388,406,428,435,445,448,472,476,477,491,501,501,516,518,522,525,542,545,545,552,556,562,584,597,614,616,636,651,684,685,743,760,779
84013053,US,USA,840,13053.0,Chattahoochee,Georgia,US,32.34341231,-84.78809239,"Chattahoochee, Georgia, US",0,0,0,0,0,0,0,0,0,0,0,0,0,0,0,0,0,0,0,0,0,0,0,0,0,0,0,0,0,0,0,0,0,0,0,0,0,0,0,0,0,0,0,0,0,0,0,0,0,0,0,0,0,0,0,0,0,0,0,0,0,0,0,0,0,0,1,1,1,1,2,2,2,2,2,2,2,2,2,3,3,3,3,5,5,5,6,6,6,7,7,8,8,8,8,8,9,11,11,12,12,12,13,13,13,12,13,12,12,12,14,15,16,17,19,19,19,19,20,19,19,20,22,24,25,30,33,33,39,43,54,114,154,160,166,172,172,173,173,180,191,232,246,251,251,252,272,304,305,305,312,315
84013055,US,USA,840,13055.0,Chattooga,Georgia,US,34.47197698,-85.34535662,"Chattooga, Georgia, US",0,0,0,0,0,0,0,0,0,0,0,0,0,0,0,0,0,0,0,0,0,0,0,0,0,0,0,0,0,0,0,0,0,0,0,0,0,0,0,0,0,0,0,0,0,0,0,0,0,0,0,0,0,0,0,0,0,0,0,0,1,1,1,1,1,1,1,1,1,3,3,3,3,3,3,3,4,4,5,4,5,6,7,8,8,8,9,9,9,9,10,11,11,13,13,13,14,14,16,16,16,16,15,15,15,15,16,16,16,16,16,16,16,16,15,15,15,15,17,19,20,24,24,24,24,24,24,24,24,24,24,24,25,25,25,25,25,25,25,27,27,30,32,34,34,36,41,43,46,49,49,49
84013057,US,USA,840,13057.0,Cherokee,Georgia,US,34.24393976,-84.47431861,"Cherokee, Georgia, US",0,0,0,0,0,0,0,0,0,0,0,0,0,0,0,0,0,0,0,0,0,0,0,0,0,0,0,0,0,0,0,0,0,0,0,0,0,0,0,0,0,0,0,0,0,0,0,1,1,1,1,1,5,6,7,7,9,16,16,17,18,20,28,31,38,46,52,56,61,76,83,92,104,114,122,133,144,151,159,170,182,186,198,219,225,242,266,276,293,317,322,340,365,367,371,374,393,432,456,467,474,482,490,509,517,544,569,578,593,607,621,635,655,676,695,700,714,723,745,758,769,790,807,810,831,850,861,869,885,890,909,910,911,923,934,944,958,959,975,978,990,1000,1014,1017,1029,1040,1052,1058,1064,1079,1093,1099
84013059,US,USA,840,13059.0,Clarke,Georgia,US,33.95436462,-83.37124007,"Clarke, Georgia, US",0,0,0,0,0,0,0,0,0,0,0,0,0,0,0,0,0,0,0,0,0,0,0,0,0,0,0,0,0,0,0,0,0,0,0,0,0,0,0,0,0,0,0,0,0,0,0,0,0,0,0,0,0,2,3,3,5,8,10,9,9,14,16,19,24,32,35,35,41,50,51,54,57,60,62,69,77,81,81,81,82,83,85,95,98,102,106,106,108,114,114,118,122,127,127,123,140,142,144,150,155,156,156,161,168,174,176,180,182,186,188,189,190,192,197,195,195,200,200,200,208,219,222,224,232,249,259,270,279,283,283,293,295,296,299,315,318,321,325,328,331,332,338,341,342,348,353,361,363,374,376,381
84013061,US,USA,840,13061.0,Clay,Georgia,US,31.62221166,-84.97713865,"Clay, Georgia, US",0,0,0,0,0,0,0,0,0,0,0,0,0,0,0,0,0,0,0,0,0,0,0,0,0,0,0,0,0,0,0,0,0,0,0,0,0,0,0,0,0,0,0,0,0,0,0,0,0,0,0,0,0,0,0,0,0,0,0,0,0,0,0,0,0,0,0,0,0,4,5,5,7,7,7,7,10,13,14,15,15,15,16,16,16,18,19,20,20,20,20,20,20,20,20,20,20,20,21,22,23,25,25,25,25,27,27,27,27,27,27,27,26,28,28,29,30,30,30,30,32,34,35,35,35,35,37,37,39,39,39,39,39,41,42,44,43,47,49,49,50,51,51,52,52,52,53,53,55,56,56,56
84013063,US,USA,840,13063.0,Clayton,Georgia,US,33.54187245,-84.35594188,"Clayton, Georgia, US",0,0,0,0,0,0,0,0,0,0,0,0,0,0,0,0,0,0,0,0,0,0,0,0,0,0,0,0,0,0,0,0,0,0,0,0,0,0,0,0,0,0,0,0,0,0,0,0,0,0,0,0,0,2,5,5,6,6,10,13,13,18,21,22,32,46,57,59,61,104,122,148,195,224,238,244,266,293,297,310,331,362,391,435,456,468,491,505,519,540,546,549,616,629,642,641,649,669,691,713,727,777,793,804,813,849,878,888,901,925,944,951,955,983,999,1002,1008,1009,1010,1034,1047,1071,1089,1119,1132,1173,1189,1204,1217,1216,1221,1234,1238,1260,1282,1310,1323,1328,1343,1362,1378,1399,1413,1427,1431,1440,1461,1495,1518,1550,1567,1598
84013065,US,USA,840,13065.0,Clinch,Georgia,US,30.91395822,-82.70432472,"Clinch, Georgia, US",0,0,0,0,0,0,0,0,0,0,0,0,0,0,0,0,0,0,0,0,0,0,0,0,0,0,0,0,0,0,0,0,0,0,0,0,0,0,0,0,0,0,0,0,0,0,0,0,0,0,0,0,0,0,0,0,0,0,0,0,1,1,1,1,1,1,1,1,1,1,1,2,2,2,2,2,3,3,3,3,3,3,6,6,7,7,7,7,7,7,7,7,7,7,7,7,7,8,8,8,8,9,9,9,15,16,16,16,17,17,29,36,36,36,40,41,41,42,45,46,46,46,47,49,56,57,57,58,58,59,59,59,59,59,65,67,69,69,70,72,72,73,75,80,80,80,80,80,83,85,85,85
84013067,US,USA,840,13067.0,Cobb,Georgia,US,33.94243204,-84.5761255,"Cobb, Georgia, US",0,0,0,0,0,0,0,0,0,0,0,0,0,0,0,0,0,0,0,0,0,0,0,0,0,0,0,0,0,0,0,0,0,0,0,0,0,0,0,0,0,0,0,0,0,1,1,3,4,7,8,8,15,19,22,25,28,37,47,50,67,79,86,101,115,144,181,222,245,279,293,329,381,428,456,515,550,588,629,662,696,714,782,895,924,990,1072,1100,1125,1196,1215,1272,1326,1368,1395,1428,1483,1515,1571,1614,1677,1749,1768,1840,1886,1999,2024,2072,2128,2175,2186,2253,2280,2363,2395,2407,2406,2429,2503,2584,2625,2655,2661,2702,2795,2854,2907,2948,2987,3009,3027,3052,3056,3097,3165,3223,3242,3249,3298,3337,3370,3471,3522,3557,3581,3618,3679,3712,3751,3807,3841,3893
84013069,US,USA,840,13069.0,Coffee,Georgia,US,31.54892966,-82.85492059999999,"Coffee, Georgia, US",0,0,0,0,0,0,0,0,0,0,0,0,0,0,0,0,0,0,0,0,0,0,0,0,0,0,0,0,0,0,0,0,0,0,0,0,0,0,0,0,0,0,0,0,0,0,0,0,0,0,0,0,0,0,0,0,0,0,0,0,0,1,2,2,2,3,3,8,10,11,9,9,15,15,15,15,38,44,48,53,53,56,60,64,65,71,73,75,79,83,83,84,91,100,103,107,109,121,127,138,141,144,146,149,154,159,165,171,175,175,177,184,187,191,192,192,193,200,209,210,218,225,227,248,250,254,262,261,265,268,271,277,277,285,289,292,299,299,300,307,310,321,328,330,344,346,359,369,380,399,406,408
84013071,US,USA,840,13071.0,Colquitt,Georgia,US,31.18810588,-83.7677946,"Colquitt, Georgia, US",0,0,0,0,0,0,0,0,0,0,0,0,0,0,0,0,0,0,0,0,0,0,0,0,0,0,0,0,0,0,0,0,0,0,0,0,0,0,0,0,0,0,0,0,0,0,0,0,0,0,0,0,0,0,0,0,0,0,0,0,0,0,2,2,4,4,5,6,6,18,20,23,34,46,50,53,69,68,78,80,80,87,88,88,89,98,115,119,122,145,154,158,163,165,166,165,172,179,182,185,187,188,188,192,194,198,201,202,207,207,210,221,229,241,245,246,246,253,258,262,267,280,289,296,349,379,434,461,461,465,467,479,484,488,523,545,568,568,569,589,603,615,634,657,662,679,697,708,713,722,729,734
84013073,US,USA,840,13073.0,Columbia,Georgia,US,33.54534185,-82.263524,"Columbia, Georgia, US",0,0,0,0,0,0,0,0,0,0,0,0,0,0,0,0,0,0,0,0,0,0,0,0,0,0,0,0,0,0,0,0,0,0,0,0,0,0,0,0,0,0,0,0,0,0,0,0,0,0,0,0,0,0,0,0,1,1,2,3,3,3,4,6,10,10,12,12,12,24,24,27,32,33,36,40,46,48,55,59,66,68,70,75,78,82,90,97,101,116,120,124,129,137,138,143,145,149,155,160,162,163,164,168,169,170,170,178,179,183,183,186,191,197,202,205,205,212,212,214,224,223,223,223,224,229,237,243,248,248,248,251,251,266,266,270,274,274,278,288,289,290,295,296,300,301,305,324,329,335,339,342
84013075,US,USA,840,13075.0,Cook,Georgia,US,31.16068491,-83.42947229,"Cook, Georgia, US",0,0,0,0,0,0,0,0,0,0,0,0,0,0,0,0,0,0,0,0,0,0,0,0,0,0,0,0,0,0,0,0,0,0,0,0,0,0,0,0,0,0,0,0,0,0,0,0,0,0,0,0,0,0,0,0,0,0,0,0,0,0,0,0,0,0,0,0,1,1,1,1,1,1,1,1,3,4,5,6,6,7,7,7,8,10,11,12,12,13,13,15,15,15,16,17,17,20,22,23,25,25,27,28,28,31,31,31,31,32,32,33,32,32,32,32,32,31,31,35,40,44,44,46,46,45,47,48,48,48,48,47,47,45,47,51,56,57,56,57,59,62,67,71,72,75,78,82,86,89,90,91
84013077,US,USA,840,13077.0,Coweta,Georgia,US,33.35334302,-84.76129976,"Coweta, Georgia, US",0,0,0,0,0,0,0,0,0,0,0,0,0,0,0,0,0,0,0,0,0,0,0,0,0,0,0,0,0,0,0,0,0,0,0,0,0,0,0,0,0,0,0,0,0,0,0,0,0,0,0,1,2,2,2,3,3,3,6,8,8,9,10,10,12,19,19,22,28,41,42,44,53,58,67,76,79,79,84,90,101,103,119,135,136,140,149,156,161,169,170,168,177,187,187,188,190,191,195,195,211,213,230,242,244,247,257,257,265,276,278,280,280,280,282,285,284,285,287,286,303,311,316,331,376,383,397,403,414,415,417,421,422,432,440,458,463,463,468,474,476,488,507,509,511,515,519,526,538,548,545,550
84013079,US,USA,840,13079.0,Crawford,Georgia,US,32.71391813,-83.98061238,"Crawford, Georgia, US",0,0,0,0,0,0,0,0,0,0,0,0,0,0,0,0,0,0,0,0,0,0,0,0,0,0,0,0,0,0,0,0,0,0,0,0,0,0,0,0,0,0,0,0,0,0,0,0,0,0,0,0,0,0,0,0,0,0,0,0,0,0,0,0,0,0,0,0,0,0,0,0,0,0,1,1,2,3,3,3,3,3,3,9,10,11,13,13,13,14,14,14,14,14,14,14,14,15,15,15,17,18,18,18,19,19,19,19,19,18,18,20,19,19,19,19,19,19,24,24,23,24,25,26,26,29,28,28,28,28,28,28,28,28,28,29,29,29,29,31,31,31,31,34,32,32,32,32,32,34,36,36
84013081,US,USA,840,13081.0,Crisp,Georgia,US,31.92289565,-83.76811843,"Crisp, Georgia, US",0,0,0,0,0,0,0,0,0,0,0,0,0,0,0,0,0,0,0,0,0,0,0,0,0,0,0,0,0,0,0,0,0,0,0,0,0,0,0,0,0,0,0,0,0,0,0,0,0,0,0,0,0,0,0,0,0,0,0,0,0,0,3,3,4,4,5,6,6,15,17,21,23,25,28,43,46,48,53,61,67,70,71,83,88,93,110,114,118,125,125,130,141,149,151,153,157,159,163,165,167,167,169,171,175,178,181,182,182,185,185,190,191,193,193,193,193,197,200,203,204,210,211,221,223,223,226,228,231,232,232,236,237,237,238,238,238,238,239,239,240,240,241,242,242,242,246,249,255,257,257,257
84013083,US,USA,840,13083.0,Dade,Georgia,US,34.854916700000004,-85.50490424,"Dade, Georgia, US",0,0,0,0,0,0,0,0,0,0,0,0,0,0,0,0,0,0,0,0,0,0,0,0,0,0,0,0,0,0,0,0,0,0,0,0,0,0,0,0,0,0,0,0,0,0,0,0,0,0,0,0,0,0,0,0,0,0,0,0,0,0,0,0,0,0,0,0,0,1,1,1,1,1,1,1,1,2,2,2,2,2,2,3,3,7,7,8,8,10,12,15,15,16,16,16,17,14,14,14,16,16,15,16,16,17,16,16,16,17,17,17,17,17,20,20,20,20,20,20,21,26,27,27,27,27,27,28,28,28,28,36,37,39,40,41,41,42,41,41,43,45,47,48,48,48,51,52,54,57,59,59
84013085,US,USA,840,13085.0,Dawson,Georgia,US,34.44244079,-84.16964071,"Dawson, Georgia, US",0,0,0,0,0,0,0,0,0,0,0,0,0,0,0,0,0,0,0,0,0,0,0,0,0,0,0,0,0,0,0,0,0,0,0,0,0,0,0,0,0,0,0,0,0,0,0,0,0,0,0,0,0,0,0,0,0,0,1,1,1,1,1,1,3,2,2,2,5,10,11,11,13,13,16,19,20,22,24,24,25,26,29,36,37,37,42,42,44,45,45,49,50,51,51,51,53,58,59,61,61,66,66,67,67,72,73,75,75,81,81,81,81,84,84,84,84,84,86,95,99,101,101,101,103,104,108,108,109,109,109,109,109,110,110,112,113,113,114,114,116,118,118,118,118,119,121,121,123,124,124,124
84013087,US,USA,840,13087.0,Decatur,Georgia,US,30.87967778,-84.57619536,"Decatur, Georgia, US",0,0,0,0,0,0,0,0,0,0,0,0,0,0,0,0,0,0,0,0,0,0,0,0,0,0,0,0,0,0,0,0,0,0,0,0,0,0,0,0,0,0,0,0,0,0,0,0,0,0,0,0,0,0,0,0,0,0,0,0,0,0,0,1,2,2,3,4,5,7,8,9,12,16,17,20,17,30,21,26,27,29,36,46,47,54,55,55,61,61,59,50,61,59,60,60,64,66,80,82,87,90,91,94,96,105,105,109,109,109,109,113,115,115,116,116,116,128,131,140,144,145,145,146,153,156,161,181,185,186,186,194,204,206,206,207,209,209,214,218,219,219,222,223,224,224,236,235,239,242,243,243
84013089,US,USA,840,13089.0,DeKalb,Georgia,US,33.76944049,-84.22396017,"DeKalb, Georgia, US",0,0,0,0,0,0,0,0,0,0,0,0,0,0,0,0,0,0,0,0,0,0,0,0,0,0,0,0,0,0,0,0,0,0,0,0,0,0,0,0,0,0,0,0,0,0,0,0,2,2,4,5,8,10,10,15,18,22,36,41,53,75,94,116,129,181,240,272,281,335,365,396,448,500,543,579,645,706,742,795,835,869,980,1144,1191,1247,1349,1396,1452,1521,1534,1609,1689,1721,1788,1800,1855,1887,1970,2026,2072,2148,2183,2259,2284,2357,2396,2445,2489,2535,2555,2605,2632,2664,2751,2800,2802,2856,2918,2979,3038,3080,3146,3257,3305,3421,3573,3635,3718,3731,3734,3795,3803,3874,3939,3986,4008,4012,4054,4120,4186,4229,4282,4303,4311,4355,4411,4489,4541,4637,4666,4694
84013091,US,USA,840,13091.0,Dodge,Georgia,US,32.17265114,-83.16948926,"Dodge, Georgia, US",0,0,0,0,0,0,0,0,0,0,0,0,0,0,0,0,0,0,0,0,0,0,0,0,0,0,0,0,0,0,0,0,0,0,0,0,0,0,0,0,0,0,0,0,0,0,0,0,0,0,0,0,0,0,0,0,0,0,0,0,0,0,0,1,1,1,1,1,1,2,3,3,5,5,5,8,8,9,9,9,9,13,14,17,17,19,19,19,19,19,19,21,22,22,23,23,24,24,26,26,28,29,29,30,31,32,31,32,32,32,34,35,36,38,38,39,39,44,44,47,47,48,48,48,48,50,50,51,51,51,51,52,52,52,52,52,53,53,53,53,53,53,54,54,54,56,59,62,62,62,67,67
84013093,US,USA,840,13093.0,Dooly,Georgia,US,32.15630737,-83.79746561,"Dooly, Georgia, US",0,0,0,0,0,0,0,0,0,0,0,0,0,0,0,0,0,0,0,0,0,0,0,0,0,0,0,0,0,0,0,0,0,0,0,0,0,0,0,0,0,0,0,0,0,0,0,0,0,0,0,0,0,0,0,0,0,0,0,0,0,0,0,0,0,0,0,0,1,6,10,11,12,15,15,19,28,27,28,35,40,40,50,51,52,63,66,69,70,71,73,74,81,106,108,112,119,119,122,129,129,131,132,133,132,133,135,140,141,146,146,148,151,152,155,157,157,162,162,163,164,164,165,168,172,174,176,177,179,179,179,182,183,185,186,189,190,191,191,193,196,196,197,197,196,191,193,193,194,194,194,194
84013095,US,USA,840,13095.0,Dougherty,Georgia,US,31.53328528,-84.21722377,"Dougherty, Georgia, US",0,0,0,0,0,0,0,0,0,0,0,0,0,0,0,0,0,0,0,0,0,0,0,0,0,0,0,0,0,0,0,0,0,0,0,0,0,0,0,0,0,0,0,0,0,0,0,0,0,0,0,0,7,6,6,6,7,20,44,47,52,64,90,109,156,193,205,239,267,462,480,507,560,636,686,716,939,986,1020,1062,1076,1154,1217,1297,1308,1338,1381,1406,1422,1436,1446,1479,1478,1465,1470,1470,1480,1491,1499,1505,1530,1534,1536,1543,1550,1555,1566,1583,1587,1593,1609,1643,1644,1643,1662,1662,1661,1664,1668,1672,1716,1723,1725,1727,1730,1774,1784,1764,1764,1770,1770,1780,1784,1790,1794,1796,1803,1803,1806,1818,1820,1827,1828,1833,1837,1839,1841,1845,1836,1844,1844,1848
84013097,US,USA,840,13097.0,Douglas,Georgia,US,33.70291126,-84.77026156,"Douglas, Georgia, US",0,0,0,0,0,0,0,0,0,0,0,0,0,0,0,0,0,0,0,0,0,0,0,0,0,0,0,0,0,0,0,0,0,0,0,0,0,0,0,0,0,0,0,0,0,0,0,0,0,0,0,0,0,0,0,0,0,0,1,4,4,7,11,17,18,27,35,37,39,50,55,60,71,80,86,102,111,122,127,142,147,153,167,189,197,202,220,226,230,243,244,259,273,276,276,278,284,298,311,319,329,335,341,343,353,363,366,398,400,405,417,417,422,429,433,438,437,439,445,452,455,478,487,490,504,517,521,528,539,539,543,546,549,556,571,583,592,592,601,612,624,634,641,651,655,660,669,682,698,708,712,724
84013099,US,USA,840,13099.0,Early,Georgia,US,31.32155345,-84.90255207,"Early, Georgia, US",0,0,0,0,0,0,0,0,0,0,0,0,0,0,0,0,0,0,0,0,0,0,0,0,0,0,0,0,0,0,0,0,0,0,0,0,0,0,0,0,0,0,0,0,0,0,0,0,0,0,0,0,0,0,0,0,0,2,2,2,2,2,2,5,7,10,15,16,16,28,34,41,48,62,64,76,92,98,105,105,106,121,126,137,141,146,163,165,169,173,173,184,185,188,194,198,202,202,214,213,214,214,219,221,223,221,224,224,226,226,226,229,229,238,233,233,233,231,234,236,235,234,236,234,235,236,239,238,238,238,238,241,244,247,247,247,250,249,249,252,253,254,254,255,255,255,255,256,252,256,256,256
84013101,US,USA,840,13101.0,Echols,Georgia,US,30.71101099,-82.89687287,"Echols, Georgia, US",0,0,0,0,0,0,0,0,0,0,0,0,0,0,0,0,0,0,0,0,0,0,0,0,0,0,0,0,0,0,0,0,0,0,0,0,0,0,0,0,0,0,0,0,0,0,0,0,0,0,0,0,0,0,0,0,0,0,0,0,0,0,0,0,0,0,0,0,0,0,0,0,0,0,0,0,1,1,2,2,2,2,2,2,3,3,4,4,4,4,4,5,5,5,5,5,5,5,5,5,5,5,5,5,5,5,6,6,6,6,7,8,10,12,15,15,15,16,21,53,54,59,61,61,62,96,99,104,107,110,117,119,121,125,130,136,146,147,146,146,149,153,153,158,160,161,162,164,165,168,172,173
84013103,US,USA,840,13103.0,Effingham,Georgia,US,32.36616021,-81.34280942,"Effingham, Georgia, US",0,0,0,0,0,0,0,0,0,0,0,0,0,0,0,0,0,0,0,0,0,0,0,0,0,0,0,0,0,0,0,0,0,0,0,0,0,0,0,0,0,0,0,0,0,0,0,0,0,0,0,0,0,0,0,0,0,0,1,1,2,2,2,3,3,4,4,4,4,4,5,6,6,7,9,13,17,18,19,19,20,22,22,25,25,24,25,25,26,27,29,30,33,34,34,34,34,34,34,35,36,36,36,36,38,38,38,37,37,38,38,39,38,38,38,42,42,45,47,48,50,61,63,63,63,75,74,75,75,73,74,74,75,75,77,78,78,78,78,81,81,84,83,86,86,86,86,88,91,95,96,98
84013105,US,USA,840,13105.0,Elbert,Georgia,US,34.11302332,-82.83936148,"Elbert, Georgia, US",0,0,0,0,0,0,0,0,0,0,0,0,0,0,0,0,0,0,0,0,0,0,0,0,0,0,0,0,0,0,0,0,0,0,0,0,0,0,0,0,0,0,0,0,0,0,0,0,0,0,0,0,0,0,0,0,0,0,0,0,0,0,0,0,0,0,0,0,0,0,0,0,1,1,1,2,2,3,3,3,3,3,3,6,7,7,7,7,7,7,7,10,14,15,16,19,19,19,22,23,24,27,31,31,32,33,34,37,39,42,42,43,46,46,46,46,46,48,69,69,69,71,71,71,71,73,73,73,74,75,75,75,75,75,76,77,78,79,82,82,82,83,84,85,85,86,87,87,88,89,91,92
84013107,US,USA,840,13107.0,Emanuel,Georgia,US,32.59221302,-82.30239915,"Emanuel, Georgia, US",0,0,0,0,0,0,0,0,0,0,0,0,0,0,0,0,0,0,0,0,0,0,0,0,0,0,0,0,0,0,0,0,0,0,0,0,0,0,0,0,0,0,0,0,0,0,0,0,0,0,0,0,0,0,0,0,0,0,0,0,0,0,0,0,0,0,0,0,0,1,1,1,1,1,1,1,3,5,6,7,7,8,9,9,9,11,12,12,12,14,14,15,17,19,19,19,20,20,21,21,21,21,21,22,22,22,23,23,23,23,24,24,25,25,25,26,26,26,26,26,26,26,26,26,27,26,27,27,27,27,27,28,27,28,28,30,29,31,31,33,34,36,38,42,42,53,47,47,52,55,59,64
84013109,US,USA,840,13109.0,Evans,Georgia,US,32.15328841,-81.8870105,"Evans, Georgia, US",0,0,0,0,0,0,0,0,0,0,0,0,0,0,0,0,0,0,0,0,0,0,0,0,0,0,0,0,0,0,0,0,0,0,0,0,0,0,0,0,0,0,0,0,0,0,0,0,0,0,0,0,0,0,0,0,0,0,0,0,0,0,0,0,0,0,0,0,0,0,0,0,0,0,0,0,0,0,0,0,0,0,1,2,2,2,2,2,2,3,4,4,4,4,4,4,4,4,4,4,5,5,5,5,5,5,5,5,5,5,5,5,4,4,4,4,4,5,5,5,5,5,5,5,5,5,5,5,5,5,5,5,5,5,6,6,6,6,6,6,6,7,7,7,7,8,10,11,12,15,16,16
84013111,US,USA,840,13111.0,Fannin,Georgia,US,34.86430205,-84.316964,"Fannin, Georgia, US",0,0,0,0,0,0,0,0,0,0,0,0,0,0,0,0,0,0,0,0,0,0,0,0,0,0,0,0,0,0,0,0,0,0,0,0,0,0,0,0,0,0,0,0,0,0,0,0,0,0,0,0,0,0,0,0,0,0,0,0,0,0,0,1,1,2,3,3,3,5,5,6,8,8,8,9,10,9,9,9,9,9,9,13,14,14,14,15,16,19,19,20,20,21,21,23,24,27,28,29,30,31,31,32,32,33,34,34,34,34,34,35,36,36,36,36,36,38,38,39,39,39,39,40,40,40,40,41,43,43,44,46,47,49,50,49,51,52,55,57,59,63,65,65,67,67,69,70,73,74,75,75
84013113,US,USA,840,13113.0,Fayette,Georgia,US,33.41357794,-84.49089434,"Fayette, Georgia, US",0,0,0,0,0,0,0,0,0,0,0,0,0,0,0,0,0,0,0,0,0,0,0,0,0,0,0,0,0,0,0,0,0,0,0,0,0,0,0,0,0,0,0,0,0,0,0,0,1,1,1,3,4,5,5,5,8,10,9,9,9,10,12,12,14,19,25,26,32,45,48,52,58,62,67,74,79,85,89,92,94,99,105,115,120,124,133,135,139,143,144,146,156,158,161,161,169,171,174,176,178,181,183,187,189,188,191,190,195,199,201,202,202,204,205,206,207,210,212,215,212,215,219,220,221,232,235,231,234,235,235,235,237,239,241,244,245,245,247,254,254,258,259,260,261,261,270,271,271,278,279,280
84013115,US,USA,840,13115.0,Floyd,Georgia,US,34.26268279,-85.21577392,"Floyd, Georgia, US",0,0,0,0,0,0,0,0,0,0,0,0,0,0,0,0,0,0,0,0,0,0,0,0,0,0,0,0,0,0,0,0,0,0,0,0,0,0,0,0,0,0,0,0,0,0,0,0,1,1,2,3,3,3,4,6,6,6,7,8,9,10,11,14,16,20,27,27,28,35,60,71,77,79,80,84,89,93,99,99,105,108,111,120,120,121,121,121,122,126,127,128,128,131,133,133,134,134,139,144,145,145,145,150,151,152,155,155,157,157,158,160,166,169,172,180,180,187,195,208,218,224,226,227,228,243,253,258,260,263,265,268,274,281,292,311,322,323,326,335,349,356,365,367,367,371,375,380,387,399,404,414
84013117,US,USA,840,13117.0,Forsyth,Georgia,US,34.22604035,-84.12315129999998,"Forsyth, Georgia, US",0,0,0,0,0,0,0,0,0,0,0,0,0,0,0,0,0,0,0,0,0,0,0,0,0,0,0,0,0,0,0,0,0,0,0,0,0,0,0,0,0,0,0,0,0,0,0,0,0,0,0,0,0,0,1,1,2,3,3,4,4,7,8,9,15,19,21,25,33,47,48,51,60,63,72,80,94,99,104,113,121,130,138,153,153,162,184,188,200,211,213,227,235,241,249,252,271,284,290,298,308,331,332,341,347,356,361,364,366,388,391,400,393,395,397,398,399,405,412,434,443,444,446,449,480,492,502,507,512,512,512,523,532,534,535,541,546,546,556,575,579,579,589,594,595,598,603,616,627,638,642,650
84013119,US,USA,840,13119.0,Franklin,Georgia,US,34.37525597,-83.23159927,"Franklin, Georgia, US",0,0,0,0,0,0,0,0,0,0,0,0,0,0,0,0,0,0,0,0,0,0,0,0,0,0,0,0,0,0,0,0,0,0,0,0,0,0,0,0,0,0,0,0,0,0,0,0,0,0,0,0,0,0,0,0,0,0,0,0,0,0,0,0,0,1,2,2,3,4,5,5,5,5,5,5,3,3,3,3,4,4,4,5,7,8,10,10,10,12,12,13,16,16,17,17,17,17,17,18,19,20,21,22,24,25,25,26,26,26,26,28,29,30,31,31,33,33,33,35,35,35,36,36,39,39,41,45,46,46,46,102,104,105,123,132,132,132,134,134,134,134,137,137,138,140,142,144,146,154,156,156
84013121,US,USA,840,13121.0,Fulton,Georgia,US,33.79216944,-84.46319413,"Fulton, Georgia, US",0,0,0,0,0,0,0,0,0,0,0,0,0,0,0,0,0,0,0,0,0,0,0,0,0,0,0,0,0,0,0,0,0,0,0,0,0,0,0,0,0,2,2,2,2,3,3,5,5,7,6,8,13,20,27,33,49,66,88,99,111,145,184,198,211,307,373,407,463,570,624,712,882,941,962,1027,1124,1240,1276,1364,1422,1467,1598,1812,1844,1929,2025,2054,2110,2198,2208,2255,2436,2500,2543,2545,2680,2727,2770,2811,2882,2928,2979,3065,3164,3251,3258,3317,3385,3508,3516,3595,3614,3625,3703,3749,3761,3751,3795,3793,3872,3931,3977,4054,4080,4230,4309,4367,4490,4507,4524,4621,4638,4688,4724,4790,4822,4823,4887,4925,4989,5031,5069,5100,5106,5157,5148,5292,5325,5400,5444,5496
84013123,US,USA,840,13123.0,Gilmer,Georgia,US,34.69316688,-84.45802506,"Gilmer, Georgia, US",0,0,0,0,0,0,0,0,0,0,0,0,0,0,0,0,0,0,0,0,0,0,0,0,0,0,0,0,0,0,0,0,0,0,0,0,0,0,0,0,0,0,0,0,0,0,0,0,0,0,0,0,0,0,0,0,0,0,0,0,0,0,0,0,0,0,0,0,1,1,1,1,1,1,1,1,3,4,4,4,6,7,7,7,7,8,10,10,11,15,18,20,28,31,36,46,54,56,64,68,69,73,73,77,77,83,89,89,95,97,98,100,102,105,105,107,109,111,116,117,123,126,134,135,137,139,145,148,148,149,153,155,156,157,158,159,160,160,160,161,166,167,169,169,168,170,172,176,175,177,177,178
84013125,US,USA,840,13125.0,Glascock,Georgia,US,33.22879932,-82.61297636,"Glascock, Georgia, US",0,0,0,0,0,0,0,0,0,0,0,0,0,0,0,0,0,0,0,0,0,0,0,0,0,0,0,0,0,0,0,0,0,0,0,0,0,0,0,0,0,0,0,0,0,0,0,0,0,0,0,0,0,0,0,0,0,0,0,0,0,0,0,0,0,0,0,0,0,0,0,0,0,0,0,0,0,0,0,0,0,0,0,0,0,0,0,0,0,0,0,0,0,0,0,0,0,0,0,0,0,0,0,0,0,0,1,1,1,1,1,1,1,1,1,1,1,1,1,1,1,1,1,1,1,1,1,1,1,1,1,1,1,1,1,1,1,1,1,1,1,1,1,1,1,1,1,2,2,2,3,3
84013127,US,USA,840,13127.0,Glynn,Georgia,US,31.23279254,-81.53811412,"Glynn, Georgia, US",0,0,0,0,0,0,0,0,0,0,0,0,0,0,0,0,0,0,0,0,0,0,0,0,0,0,0,0,0,0,0,0,0,0,0,0,0,0,0,0,0,0,0,0,0,0,0,0,0,0,0,0,0,0,0,0,0,2,2,2,3,4,5,5,5,6,7,8,10,17,18,20,23,27,29,29,29,30,31,32,33,33,38,40,41,44,46,48,49,49,49,51,51,52,51,51,51,55,55,55,58,59,59,59,60,68,71,72,72,73,73,74,75,74,77,76,75,77,79,81,83,83,85,85,87,93,102,112,115,115,115,122,133,135,139,147,154,155,157,164,166,172,177,186,189,190,196,208,214,253,265,305
84013129,US,USA,840,13129.0,Gordon,Georgia,US,34.50487351,-84.87296253,"Gordon, Georgia, US",0,0,0,0,0,0,0,0,0,0,0,0,0,0,0,0,0,0,0,0,0,0,0,0,0,0,0,0,0,0,0,0,0,0,0,0,0,0,0,0,0,0,0,0,0,0,0,0,0,0,0,2,2,2,2,2,3,3,3,4,4,5,7,8,9,12,14,14,15,16,18,20,21,21,23,24,25,26,26,28,29,35,39,45,46,49,53,57,64,67,66,70,73,75,81,81,81,85,89,92,113,113,113,116,117,118,120,121,121,122,124,125,124,124,125,127,128,128,132,134,135,136,138,138,138,137,142,148,152,160,163,164,166,170,181,194,195,202,203,209,219,234,240,247,253,256,260,267,273,283,287,291
84013131,US,USA,840,13131.0,Grady,Georgia,US,30.87454847,-84.23418364,"Grady, Georgia, US",0,0,0,0,0,0,0,0,0,0,0,0,0,0,0,0,0,0,0,0,0,0,0,0,0,0,0,0,0,0,0,0,0,0,0,0,0,0,0,0,0,0,0,0,0,0,0,0,0,0,0,0,0,0,0,0,0,0,0,0,0,0,0,0,0,0,0,0,0,1,1,2,3,3,3,4,5,6,8,15,15,15,15,21,21,25,27,27,31,34,34,40,47,48,48,48,54,58,63,63,64,64,64,63,63,75,80,83,83,83,83,88,88,88,90,90,90,92,92,93,92,93,93,93,93,94,96,93,94,94,110,111,114,117,119,119,119,119,120,127,129,133,137,137,137,139,147,146,153,158,162,163
84013133,US,USA,840,13133.0,Greene,Georgia,US,33.5769205,-83.17139104,"Greene, Georgia, US",0,0,0,0,0,0,0,0,0,0,0,0,0,0,0,0,0,0,0,0,0,0,0,0,0,0,0,0,0,0,0,0,0,0,0,0,0,0,0,0,0,0,0,0,0,0,0,0,0,0,0,0,0,0,0,0,0,0,0,0,0,0,1,2,1,1,1,1,3,7,8,8,9,12,12,15,21,22,23,25,25,25,29,31,34,39,40,42,43,45,45,50,49,51,53,53,54,52,54,54,55,56,54,57,57,55,56,57,57,56,57,58,57,57,57,57,57,60,60,60,62,63,63,64,64,65,66,67,68,68,68,68,68,71,73,76,76,78,80,83,83,86,86,86,86,86,86,87,87,88,88,88
84013135,US,USA,840,13135.0,Gwinnett,Georgia,US,33.96044201,-84.02137802,"Gwinnett, Georgia, US",0,0,0,0,0,0,0,0,0,0,0,0,0,0,0,0,0,0,0,0,0,0,0,0,0,0,0,0,0,0,0,0,0,0,0,0,0,0,0,0,0,0,0,0,0,0,0,0,2,2,2,2,2,4,5,7,7,12,23,23,27,34,45,48,75,102,129,143,158,238,250,282,329,364,408,443,525,565,603,646,675,690,739,815,852,896,1017,1050,1099,1181,1222,1273,1351,1382,1460,1504,1545,1603,1720,1787,1846,1934,1976,2056,2102,2222,2253,2323,2403,2447,2475,2496,2510,2552,2597,2597,2594,2680,2771,2820,2882,2961,2997,3056,3198,3307,3480,3619,3733,3769,3780,3870,3891,4063,4267,4372,4433,4440,4598,4692,4808,4980,5089,5141,5172,5308,5451,5658,5753,5958,6043,6151
84013137,US,USA,840,13137.0,Habersham,Georgia,US,34.63331566,-83.53094677,"Habersham, Georgia, US",0,0,0,0,0,0,0,0,0,0,0,0,0,0,0,0,0,0,0,0,0,0,0,0,0,0,0,0,0,0,0,0,0,0,0,0,0,0,0,0,0,0,0,0,0,0,0,0,0,0,0,0,0,0,0,0,0,0,0,0,0,0,0,0,0,1,0,0,0,2,2,2,2,2,2,2,6,8,7,13,14,14,15,28,29,48,64,72,74,99,107,130,149,165,170,171,193,212,231,257,327,344,343,355,362,376,383,386,386,386,386,392,398,400,411,414,420,455,457,470,473,479,488,500,502,506,511,514,519,520,520,530,530,538,545,549,556,557,562,568,572,576,581,590,593,596,600,612,624,630,635,637
84013139,US,USA,840,13139.0,Hall,Georgia,US,34.32207823,-83.81896936,"Hall, Georgia, US",0,0,0,0,0,0,0,0,0,0,0,0,0,0,0,0,0,0,0,0,0,0,0,0,0,0,0,0,0,0,0,0,0,0,0,0,0,0,0,0,0,0,0,0,0,0,0,0,0,0,0,0,0,0,1,1,3,5,6,8,9,10,14,19,21,24,31,32,34,66,69,72,79,84,117,131,196,228,238,250,275,279,292,363,374,411,563,607,621,702,720,907,963,1022,1032,1033,1098,1183,1242,1332,1482,1694,1700,1776,1846,1914,1958,1997,2002,2012,2039,2060,2112,2125,2140,2146,2152,2164,2191,2230,2248,2269,2305,2322,2327,2378,2422,2450,2465,2467,2467,2507,2508,2539,2566,2596,2615,2616,2642,2664,2686,2699,2727,2740,2747,2755,2787,2822,2874,2901,2922,2935
84013141,US,USA,840,13141.0,Hancock,Georgia,US,33.2721566,-82.99766919,"Hancock, Georgia, US",0,0,0,0,0,0,0,0,0,0,0,0,0,0,0,0,0,0,0,0,0,0,0,0,0,0,0,0,0,0,0,0,0,0,0,0,0,0,0,0,0,0,0,0,0,0,0,0,0,0,0,0,0,0,0,0,0,0,0,0,0,0,0,0,0,0,0,0,0,0,0,0,0,0,0,0,1,1,1,1,3,3,3,5,5,6,6,6,7,10,10,11,14,16,17,18,25,37,40,45,51,58,61,64,67,110,117,119,127,128,128,138,140,142,149,149,159,161,170,169,167,175,176,191,191,192,192,194,194,194,195,197,197,197,197,196,197,199,199,200,202,201,201,201,202,202,203,203,203,203,203,206
84013143,US,USA,840,13143.0,Haralson,Georgia,US,33.79602175,-85.21005667,"Haralson, Georgia, US",0,0,0,0,0,0,0,0,0,0,0,0,0,0,0,0,0,0,0,0,0,0,0,0,0,0,0,0,0,0,0,0,0,0,0,0,0,0,0,0,0,0,0,0,0,0,0,0,0,0,0,0,0,0,0,0,0,0,0,0,0,0,0,0,0,1,1,2,3,4,5,6,7,10,10,10,15,17,15,15,15,16,16,19,19,20,19,20,20,22,23,25,26,26,26,26,27,27,28,27,29,29,29,29,30,31,32,32,32,32,32,33,34,34,34,34,34,34,35,35,36,36,36,36,36,40,40,42,43,43,43,45,47,49,50,51,52,52,52,54,56,56,57,57,57,57,58,61,62,62,63,64
84013145,US,USA,840,13145.0,Harris,Georgia,US,32.73709786,-84.90538572,"Harris, Georgia, US",0,0,0,0,0,0,0,0,0,0,0,0,0,0,0,0,0,0,0,0,0,0,0,0,0,0,0,0,0,0,0,0,0,0,0,0,0,0,0,0,0,0,0,0,0,0,0,0,0,0,0,0,0,0,0,0,0,0,0,0,0,0,1,1,1,1,1,2,4,4,3,5,7,6,7,10,12,15,16,17,19,19,22,23,25,33,35,37,39,45,44,49,55,55,55,56,57,57,59,60,61,61,61,59,60,60,61,62,65,66,67,68,73,74,75,75,74,74,74,75,78,79,80,83,83,84,88,89,91,91,91,101,102,111,120,119,125,125,130,143,173,185,190,196,201,203,210,226,232,240,240,243
84013147,US,USA,840,13147.0,Hart,Georgia,US,34.34626973,-82.96567682,"Hart, Georgia, US",0,0,0,0,0,0,0,0,0,0,0,0,0,0,0,0,0,0,0,0,0,0,0,0,0,0,0,0,0,0,0,0,0,0,0,0,0,0,0,0,0,0,0,0,0,0,0,0,0,0,0,0,0,0,0,0,0,0,0,0,0,0,0,0,0,0,1,1,2,4,4,3,3,3,3,3,3,3,3,3,3,3,4,5,5,5,5,5,6,6,6,6,6,6,6,6,9,9,10,10,11,11,11,12,13,15,15,15,16,17,18,18,19,19,19,19,20,22,24,26,26,26,26,26,26,26,26,28,28,30,30,33,33,34,36,39,39,39,40,39,39,39,41,41,43,44,44,44,46,47,48,48
84013149,US,USA,840,13149.0,Heard,Georgia,US,33.29686567,-85.12886832,"Heard, Georgia, US",0,0,0,0,0,0,0,0,0,0,0,0,0,0,0,0,0,0,0,0,0,0,0,0,0,0,0,0,0,0,0,0,0,0,0,0,0,0,0,0,0,0,0,0,0,0,0,0,0,0,0,0,0,0,0,0,0,0,1,1,1,1,1,1,1,1,1,1,1,1,3,2,2,2,2,2,3,3,2,3,3,4,4,5,5,5,5,7,8,7,7,8,9,9,9,9,10,10,9,10,11,11,14,13,14,14,14,14,14,14,15,17,17,17,17,17,17,17,20,23,24,26,26,26,28,28,30,32,32,33,34,34,35,35,37,36,36,36,36,37,39,41,42,42,43,43,45,45,45,45,45,45
84013151,US,USA,840,13151.0,Henry,Georgia,US,33.4533428,-84.14814659999998,"Henry, Georgia, US",0,0,0,0,0,0,0,0,0,0,0,0,0,0,0,0,0,0,0,0,0,0,0,0,0,0,0,0,0,0,0,0,0,0,0,0,0,0,0,0,0,0,0,0,0,0,0,0,0,0,0,0,1,1,2,2,2,3,6,7,7,9,13,13,25,40,50,55,58,78,90,108,125,150,167,178,194,215,225,242,249,260,280,306,321,330,344,353,367,382,384,388,413,419,436,451,464,487,492,492,492,512,520,520,528,546,559,566,593,604,610,614,615,621,628,630,630,627,611,615,623,627,626,632,641,655,672,672,686,688,690,693,695,716,742,751,756,756,767,779,787,810,829,839,841,852,856,886,905,920,930,945
84013153,US,USA,840,13153.0,Houston,Georgia,US,32.45802497,-83.66879087,"Houston, Georgia, US",0,0,0,0,0,0,0,0,0,0,0,0,0,0,0,0,0,0,0,0,0,0,0,0,0,0,0,0,0,0,0,0,0,0,0,0,0,0,0,0,0,0,0,0,0,0,0,0,0,0,0,0,0,0,0,0,1,1,2,2,1,1,3,5,9,9,12,15,16,29,35,47,53,58,62,64,79,92,103,111,113,115,129,138,142,154,164,164,166,182,185,190,194,204,206,209,215,219,221,223,234,237,242,262,267,274,281,284,283,286,285,291,290,306,314,313,314,318,323,324,335,339,342,343,349,356,362,363,364,365,366,375,376,381,390,393,399,401,402,406,408,415,421,421,431,446,456,470,479,481,486,499
84013155,US,USA,840,13155.0,Irwin,Georgia,US,31.60213036,-83.27501387,"Irwin, Georgia, US",0,0,0,0,0,0,0,0,0,0,0,0,0,0,0,0,0,0,0,0,0,0,0,0,0,0,0,0,0,0,0,0,0,0,0,0,0,0,0,0,0,0,0,0,0,0,0,0,0,0,0,0,0,0,0,0,0,0,0,0,0,0,1,2,2,3,3,3,3,3,3,5,6,6,6,6,9,9,10,11,11,11,12,12,12,13,13,15,15,15,15,15,17,15,15,15,15,15,15,15,15,16,16,18,19,20,21,21,21,21,22,22,22,22,22,22,22,22,22,22,23,23,23,23,24,24,24,25,29,28,28,30,30,31,33,34,34,34,34,34,34,34,34,36,38,38,38,41,42,45,45,45
84013157,US,USA,840,13157.0,Jackson,Georgia,US,34.13794553,-83.56814788,"Jackson, Georgia, US",0,0,0,0,0,0,0,0,0,0,0,0,0,0,0,0,0,0,0,0,0,0,0,0,0,0,0,0,0,0,0,0,0,0,0,0,0,0,0,0,0,0,0,0,0,0,0,0,0,0,0,0,0,0,0,0,0,0,0,0,0,0,0,1,1,2,2,2,2,8,9,11,12,13,15,17,21,23,24,26,26,27,27,32,33,37,46,47,48,55,56,63,69,75,75,73,77,78,84,93,97,108,108,111,116,117,119,122,123,123,124,125,126,126,127,127,127,132,134,137,139,145,147,147,148,153,171,175,184,184,184,195,198,199,210,221,226,226,232,237,239,247,256,260,260,262,266,276,283,294,297,300
84013159,US,USA,840,13159.0,Jasper,Georgia,US,33.31535543,-83.68844964,"Jasper, Georgia, US",0,0,0,0,0,0,0,0,0,0,0,0,0,0,0,0,0,0,0,0,0,0,0,0,0,0,0,0,0,0,0,0,0,0,0,0,0,0,0,0,0,0,0,0,0,0,0,0,0,0,0,0,0,0,0,0,0,0,0,0,0,0,1,2,2,2,2,2,2,2,2,2,2,2,4,3,6,5,5,6,6,6,8,9,10,10,14,14,17,18,17,18,19,20,20,20,20,21,22,21,22,23,24,25,25,26,26,26,25,25,25,26,26,26,26,26,26,26,26,26,26,31,31,31,31,32,32,32,33,36,36,40,39,40,45,46,47,48,49,51,51,55,56,56,56,56,56,59,61,61,61,61
84013161,US,USA,840,13161.0,Jeff Davis,Georgia,US,31.80405727,-82.63724870000001,"Jeff Davis, Georgia, US",0,0,0,0,0,0,0,0,0,0,0,0,0,0,0,0,0,0,0,0,0,0,0,0,0,0,0,0,0,0,0,0,0,0,0,0,0,0,0,0,0,0,0,0,0,0,0,0,0,0,0,0,0,0,0,0,0,0,0,0,0,0,0,0,0,0,0,0,0,0,0,0,0,0,0,1,1,1,1,1,1,1,1,1,2,3,5,5,6,7,7,7,9,10,11,11,14,14,15,17,20,20,22,22,22,22,22,24,24,24,24,24,24,24,24,24,24,25,26,26,29,31,31,33,34,34,35,38,38,38,37,37,37,38,38,38,45,46,46,48,49,51,52,54,54,55,62,64,66,71,72,73
84013163,US,USA,840,13163.0,Jefferson,Georgia,US,33.05867328,-82.41609057,"Jefferson, Georgia, US",0,0,0,0,0,0,0,0,0,0,0,0,0,0,0,0,0,0,0,0,0,0,0,0,0,0,0,0,0,0,0,0,0,0,0,0,0,0,0,0,0,0,0,0,0,0,0,0,0,0,0,0,0,0,0,0,0,0,0,0,0,0,0,0,0,0,0,0,0,2,2,2,2,2,3,3,4,4,4,4,6,6,7,7,7,9,11,11,11,11,11,11,12,13,13,14,14,14,14,14,14,15,15,15,16,17,17,17,17,17,17,18,19,22,22,22,22,23,25,26,26,26,26,26,29,30,32,33,36,41,43,43,44,46,47,49,50,50,51,52,52,52,52,54,54,56,58,61,63,66,67,67
84013165,US,USA,840,13165.0,Jenkins,Georgia,US,32.79248718,-81.96040187,"Jenkins, Georgia, US",0,0,0,0,0,0,0,0,0,0,0,0,0,0,0,0,0,0,0,0,0,0,0,0,0,0,0,0,0,0,0,0,0,0,0,0,0,0,0,0,0,0,0,0,0,0,0,0,0,0,0,0,0,0,0,0,0,0,0,0,0,0,0,0,0,0,1,1,1,1,1,1,2,2,2,4,7,7,8,8,9,9,10,11,12,12,12,12,12,13,13,14,15,15,16,16,16,16,16,16,16,16,17,17,17,17,17,17,17,17,17,18,16,16,16,16,16,16,16,16,17,18,18,18,18,18,19,19,19,19,19,20,21,21,22,26,27,27,29,33,40,44,44,44,45,45,47,49,62,72,72,73
84013167,US,USA,840,13167.0,Johnson,Georgia,US,32.70211082,-82.66166794,"Johnson, Georgia, US",0,0,0,0,0,0,0,0,0,0,0,0,0,0,0,0,0,0,0,0,0,0,0,0,0,0,0,0,0,0,0,0,0,0,0,0,0,0,0,0,0,0,0,0,0,0,0,0,0,0,0,0,0,0,0,0,0,0,0,0,0,0,0,0,0,0,0,0,0,1,1,1,1,1,3,3,6,13,13,14,15,19,19,20,21,24,32,33,33,34,34,37,38,36,36,36,39,39,39,49,51,59,59,63,64,64,64,65,66,66,67,69,70,70,71,71,71,74,82,78,78,78,76,76,81,82,82,82,82,82,82,83,83,82,83,82,82,82,83,83,83,83,77,77,77,77,78,78,78,80,80,80
84013169,US,USA,840,13169.0,Jones,Georgia,US,33.02512137,-83.56019163,"Jones, Georgia, US",0,0,0,0,0,0,0,0,0,0,0,0,0,0,0,0,0,0,0,0,0,0,0,0,0,0,0,0,0,0,0,0,0,0,0,0,0,0,0,0,0,0,0,0,0,0,0,0,0,0,0,0,0,0,0,0,0,0,0,0,0,0,0,1,1,2,2,2,2,3,4,5,6,6,6,7,7,7,9,9,11,11,12,14,15,15,16,16,17,20,20,22,24,24,26,26,27,28,28,28,29,29,29,29,31,31,31,31,30,31,30,30,30,30,30,30,30,30,31,32,32,32,33,34,34,34,34,35,35,37,37,40,40,44,48,49,49,49,49,49,50,50,50,51,51,51,51,51,51,51,51,51
84013171,US,USA,840,13171.0,Lamar,Georgia,US,33.07841647,-84.14263877,"Lamar, Georgia, US",0,0,0,0,0,0,0,0,0,0,0,0,0,0,0,0,0,0,0,0,0,0,0,0,0,0,0,0,0,0,0,0,0,0,0,0,0,0,0,0,0,0,0,0,0,0,0,0,0,0,0,0,0,0,0,0,0,0,1,1,3,3,3,3,3,3,2,2,4,3,4,7,6,6,7,14,15,14,15,15,15,16,18,20,21,21,21,24,25,27,29,28,31,31,33,33,34,35,37,38,39,40,40,39,39,39,38,39,39,40,40,40,40,41,41,41,41,41,44,44,46,50,50,51,53,57,60,66,67,67,67,71,71,73,75,76,76,76,76,76,78,79,79,79,79,79,79,84,85,86,87,87
84013173,US,USA,840,13173.0,Lanier,Georgia,US,31.03828570000001,-83.06472457,"Lanier, Georgia, US",0,0,0,0,0,0,0,0,0,0,0,0,0,0,0,0,0,0,0,0,0,0,0,0,0,0,0,0,0,0,0,0,0,0,0,0,0,0,0,0,0,0,0,0,0,0,0,0,0,0,0,0,0,0,0,0,0,0,0,0,0,0,0,0,0,0,0,0,0,0,0,1,1,1,1,4,5,5,5,5,5,5,5,5,5,5,6,6,6,7,7,7,7,8,8,8,8,8,8,8,9,9,9,10,10,10,10,10,10,11,11,11,11,11,12,12,12,11,11,12,12,12,12,12,14,16,20,20,21,21,21,25,25,24,27,27,32,32,32,34,36,36,37,96,98,98,98,102,108,111,112,114
84013175,US,USA,840,13175.0,Laurens,Georgia,US,32.46325233,-82.92221316,"Laurens, Georgia, US",0,0,0,0,0,0,0,0,0,0,0,0,0,0,0,0,0,0,0,0,0,0,0,0,0,0,0,0,0,0,0,0,0,0,0,0,0,0,0,0,0,0,0,0,0,0,0,0,0,0,0,0,0,0,0,0,0,2,2,2,2,2,5,6,7,7,7,9,12,13,14,14,15,15,15,16,22,25,27,28,28,32,35,35,35,37,39,41,43,43,43,44,46,50,52,52,54,54,54,60,62,64,64,67,68,70,72,77,80,80,82,82,85,86,87,94,94,95,98,94,95,96,100,101,104,105,104,104,104,105,106,108,108,108,108,108,109,109,112,116,116,116,113,117,117,118,118,121,125,129,131,131
84013177,US,USA,840,13177.0,Lee,Georgia,US,31.779330600000005,-84.14324253,"Lee, Georgia, US",0,0,0,0,0,0,0,0,0,0,0,0,0,0,0,0,0,0,0,0,0,0,0,0,0,0,0,0,0,0,0,0,0,0,0,0,0,0,0,0,0,0,0,0,0,0,0,0,0,0,1,1,1,2,2,2,2,3,13,14,16,16,20,25,30,35,37,43,44,89,94,100,115,128,136,147,195,208,212,222,234,239,253,258,264,265,269,272,272,276,277,294,298,297,299,302,307,313,314,318,322,327,328,329,333,338,339,339,339,340,340,343,343,343,344,344,342,341,343,345,340,342,342,343,354,362,363,361,361,361,361,361,361,361,361,361,365,366,367,368,369,370,371,372,372,374,374,372,374,377,377,378
84013179,US,USA,840,13179.0,Liberty,Georgia,US,31.82588896,-81.49251135,"Liberty, Georgia, US",0,0,0,0,0,0,0,0,0,0,0,0,0,0,0,0,0,0,0,0,0,0,0,0,0,0,0,0,0,0,0,0,0,0,0,0,0,0,0,0,0,0,0,0,0,0,0,0,0,0,0,0,0,0,0,0,0,0,0,0,0,0,1,1,1,1,2,3,4,5,5,7,7,9,10,13,12,14,15,14,16,17,18,21,26,26,31,32,32,34,34,34,35,35,35,35,35,37,37,37,37,37,38,37,37,39,41,43,43,44,44,44,45,45,45,46,46,47,47,47,60,63,64,65,67,68,70,72,81,82,82,82,82,83,85,87,87,87,87,86,86,86,90,95,95,95,96,97,98,100,100,101
84013181,US,USA,840,13181.0,Lincoln,Georgia,US,33.79201475,-82.45024131,"Lincoln, Georgia, US",0,0,0,0,0,0,0,0,0,0,0,0,0,0,0,0,0,0,0,0,0,0,0,0,0,0,0,0,0,0,0,0,0,0,0,0,0,0,0,0,0,0,0,0,0,0,0,0,0,0,0,0,0,0,0,0,0,0,0,1,1,1,1,1,1,3,3,3,3,4,4,5,5,5,5,5,5,6,6,6,8,8,9,9,9,9,9,9,9,9,9,10,10,10,10,10,10,11,12,12,12,12,12,12,12,12,12,12,12,12,12,12,12,12,12,12,12,13,13,15,15,15,15,15,15,16,16,16,16,16,16,16,16,16,16,16,16,16,16,16,17,17,17,17,17,18,18,18,18,19,21,22
84013183,US,USA,840,13183.0,Long,Georgia,US,31.75218791,-81.74952375,"Long, Georgia, US",0,0,0,0,0,0,0,0,0,0,0,0,0,0,0,0,0,0,0,0,0,0,0,0,0,0,0,0,0,0,0,0,0,0,0,0,0,0,0,0,0,0,0,0,0,0,0,0,0,0,0,0,0,0,0,0,0,0,0,0,0,0,0,0,1,1,1,1,1,1,1,1,1,1,1,1,1,1,1,1,1,1,1,2,2,2,2,2,2,2,2,2,2,2,3,3,4,4,4,5,5,5,5,5,5,5,5,5,5,5,5,5,5,5,6,6,6,6,6,6,12,12,12,12,12,12,15,15,15,16,16,16,16,16,16,16,16,16,17,17,18,19,19,23,24,24,25,27,27,28,28,29
84013185,US,USA,840,13185.0,Lowndes,Georgia,US,30.83568832,-83.27056716,"Lowndes, Georgia, US",0,0,0,0,0,0,0,0,0,0,0,0,0,0,0,0,0,0,0,0,0,0,0,0,0,0,0,0,0,0,0,0,0,0,0,0,0,0,0,0,0,0,0,0,0,0,0,0,0,0,1,1,1,2,3,4,5,8,7,7,8,8,10,11,12,16,20,20,20,21,24,25,28,35,37,40,44,49,50,56,59,59,65,70,75,77,80,87,95,101,105,122,125,129,131,131,139,146,152,155,156,158,157,162,166,170,173,183,184,185,185,194,196,201,202,202,203,208,209,226,229,232,233,245,250,259,268,283,298,301,302,316,319,326,356,385,434,441,461,474,505,531,567,618,624,651,689,758,813,844,871,911
84013187,US,USA,840,13187.0,Lumpkin,Georgia,US,34.57286511,-84.00425681,"Lumpkin, Georgia, US",0,0,0,0,0,0,0,0,0,0,0,0,0,0,0,0,0,0,0,0,0,0,0,0,0,0,0,0,0,0,0,0,0,0,0,0,0,0,0,0,0,0,0,0,0,0,0,0,0,0,0,0,0,0,0,0,0,0,0,1,1,2,3,3,4,4,4,4,4,8,7,7,7,7,9,9,9,9,9,9,9,9,9,11,11,11,20,22,23,24,25,26,28,29,29,29,32,37,40,44,46,63,63,67,69,72,76,76,76,76,76,77,80,82,82,82,82,83,83,88,88,88,88,88,91,91,95,95,99,99,99,99,99,101,101,102,102,102,103,103,105,106,107,107,107,107,109,110,116,117,118,118
84013189,US,USA,840,13189.0,McDuffie,Georgia,US,33.47851918,-82.48252774,"McDuffie,Georgia,US",0,0,0,0,0,0,0,0,0,0,0,0,0,0,0,0,0,0,0,0,0,0,0,0,0,0,0,0,0,0,0,0,0,0,0,0,0,0,0,0,0,0,0,0,0,0,0,0,0,0,0,0,0,0,0,0,0,0,0,0,0,0,0,0,0,0,1,1,1,3,3,4,5,5,6,8,13,16,18,19,20,22,25,30,30,31,35,37,37,37,37,37,39,39,43,43,44,44,44,45,45,45,45,47,49,50,50,50,50,51,51,52,53,53,53,55,55,55,55,57,60,62,62,62,63,65,65,67,67,67,67,67,67,69,70,72,72,72,72,73,73,73,73,73,74,74,75,76,76,78,78,78
84013191,US,USA,840,13191.0,McIntosh,Georgia,US,31.49683595,-81.40163426,"McIntosh, Georgia, US",0,0,0,0,0,0,0,0,0,0,0,0,0,0,0,0,0,0,0,0,0,0,0,0,0,0,0,0,0,0,0,0,0,0,0,0,0,0,0,0,0,0,0,0,0,0,0,0,0,0,0,0,0,0,0,0,0,0,0,0,0,0,0,0,0,0,0,0,0,1,1,1,2,2,2,2,3,3,3,3,3,3,3,3,3,4,4,4,4,4,4,4,4,4,4,4,4,4,4,4,6,6,6,6,6,5,6,6,7,7,7,8,9,9,9,10,10,10,11,11,11,11,11,12,12,12,12,16,16,16,16,16,16,16,16,15,15,15,15,15,16,16,17,19,19,19,19,19,20,22,23,25
84013193,US,USA,840,13193.0,Macon,Georgia,US,32.35207048,-84.04234127,"Macon, Georgia, US",0,0,0,0,0,0,0,0,0,0,0,0,0,0,0,0,0,0,0,0,0,0,0,0,0,0,0,0,0,0,0,0,0,0,0,0,0,0,0,0,0,0,0,0,0,0,0,0,0,0,0,0,0,0,0,0,0,0,0,0,0,0,1,1,1,1,1,1,1,2,2,2,2,4,4,4,8,11,15,18,19,21,25,47,47,39,44,47,49,53,55,59,66,67,68,70,73,75,75,79,81,81,81,81,81,81,81,81,82,85,84,85,88,89,90,90,91,93,93,95,94,96,95,95,95,98,99,99,100,101,101,102,102,104,104,106,105,106,106,106,106,106,106,109,110,116,112,112,112,112,112,112
84013195,US,USA,840,13195.0,Madison,Georgia,US,34.12920917,-83.21218732,"Madison, Georgia, US",0,0,0,0,0,0,0,0,0,0,0,0,0,0,0,0,0,0,0,0,0,0,0,0,0,0,0,0,0,0,0,0,0,0,0,0,0,0,0,0,0,0,0,0,0,0,0,0,0,0,0,0,0,0,0,0,0,0,0,0,0,1,1,1,2,3,3,3,3,3,3,4,5,7,7,7,9,9,10,9,10,10,10,12,13,14,14,14,14,15,16,18,19,21,23,22,22,23,24,24,24,24,25,26,27,27,28,28,29,29,29,29,29,29,29,29,29,29,30,32,32,32,37,38,39,41,44,49,54,54,54,55,56,59,61,65,65,65,65,66,67,68,72,73,73,73,74,75,75,77,77,78
84013197,US,USA,840,13197.0,Marion,Georgia,US,32.3483402,-84.52733571,"Marion, Georgia, US",0,0,0,0,0,0,0,0,0,0,0,0,0,0,0,0,0,0,0,0,0,0,0,0,0,0,0,0,0,0,0,0,0,0,0,0,0,0,0,0,0,0,0,0,0,0,0,0,0,0,0,0,0,0,0,0,0,0,0,0,0,0,0,0,0,0,0,0,0,0,0,0,1,2,2,2,3,5,7,9,10,10,10,17,17,17,24,26,28,29,29,33,34,35,38,38,40,40,42,42,42,42,42,39,37,37,37,39,39,40,40,40,38,38,39,39,40,46,47,47,48,48,49,49,49,49,52,53,57,57,57,57,59,59,59,59,59,59,59,59,59,61,61,62,62,62,63,66,68,69,73,74
84013199,US,USA,840,13199.0,Meriwether,Georgia,US,33.04163534,-84.68859732,"Meriwether, Georgia, US",0,0,0,0,0,0,0,0,0,0,0,0,0,0,0,0,0,0,0,0,0,0,0,0,0,0,0,0,0,0,0,0,0,0,0,0,0,0,0,0,0,0,0,0,0,0,0,0,0,0,0,0,0,0,0,0,0,0,0,0,0,0,1,1,1,3,3,5,6,6,7,9,10,10,11,13,17,18,18,18,22,23,23,24,26,29,39,40,42,46,47,48,49,49,49,49,49,53,54,54,54,54,54,56,57,59,61,62,65,65,66,66,68,72,73,72,72,70,70,73,76,78,78,78,78,78,81,82,84,85,85,86,87,95,99,105,106,106,109,110,114,119,123,125,125,127,133,135,139,144,148,149
84013201,US,USA,840,13201.0,Miller,Georgia,US,31.16568912,-84.73151117,"Miller, Georgia, US",0,0,0,0,0,0,0,0,0,0,0,0,0,0,0,0,0,0,0,0,0,0,0,0,0,0,0,0,0,0,0,0,0,0,0,0,0,0,0,0,0,0,0,0,0,0,0,0,0,0,0,0,0,0,0,0,0,0,1,1,1,1,1,2,2,2,4,4,4,4,4,4,5,10,10,14,15,12,9,10,10,10,12,15,15,20,20,20,22,23,23,24,26,24,28,29,29,29,31,33,33,33,33,32,32,30,30,31,32,32,34,34,35,36,38,38,37,36,36,36,37,38,38,38,38,39,40,41,41,41,41,42,42,42,42,42,42,42,42,43,45,45,45,45,45,45,45,45,45,45,45,45
84013205,US,USA,840,13205.0,Mitchell,Georgia,US,31.22483255,-84.19381821,"Mitchell, Georgia, US",0,0,0,0,0,0,0,0,0,0,0,0,0,0,0,0,0,0,0,0,0,0,0,0,0,0,0,0,0,0,0,0,0,0,0,0,0,0,0,0,0,0,0,0,0,0,0,0,0,0,0,0,0,0,0,0,0,0,0,0,0,0,3,4,10,14,14,15,15,31,38,39,43,52,53,56,90,108,116,131,135,136,147,164,172,183,203,212,213,210,214,280,290,288,288,290,293,293,306,310,318,319,319,326,331,336,340,341,350,352,352,357,381,387,388,388,388,389,394,396,399,397,399,399,399,399,412,409,409,408,409,413,413,415,416,416,417,417,419,425,425,427,427,428,431,432,433,433,432,432,433,434
84013207,US,USA,840,13207.0,Monroe,Georgia,US,33.014289,-83.92097166,"Monroe, Georgia, US",0,0,0,0,0,0,0,0,0,0,0,0,0,0,0,0,0,0,0,0,0,0,0,0,0,0,0,0,0,0,0,0,0,0,0,0,0,0,0,0,0,0,0,0,0,0,0,0,0,0,0,0,0,0,0,0,0,0,1,1,1,1,3,3,3,3,3,3,3,4,6,6,6,7,9,10,13,12,12,12,12,12,12,13,13,14,15,15,15,15,15,15,18,19,19,20,22,22,23,23,24,24,24,25,30,33,34,34,34,34,35,44,44,45,47,95,95,95,102,108,113,114,117,117,118,119,118,119,120,120,120,121,121,124,124,123,123,123,123,124,126,126,127,127,130,131,133,135,135,135,135,135
84013209,US,USA,840,13209.0,Montgomery,Georgia,US,32.17201038,-82.53527476,"Montgomery, Georgia, US",0,0,0,0,0,0,0,0,0,0,0,0,0,0,0,0,0,0,0,0,0,0,0,0,0,0,0,0,0,0,0,0,0,0,0,0,0,0,0,0,0,0,0,0,0,0,0,0,0,0,0,0,0,0,0,0,0,0,0,0,0,0,0,0,0,0,0,0,0,0,0,0,0,0,0,0,0,0,0,0,0,2,2,2,2,2,2,2,2,2,2,2,2,2,2,2,2,2,2,2,3,2,2,2,2,2,2,4,4,4,4,5,5,5,8,8,8,8,8,8,8,8,9,9,10,9,9,9,9,9,9,10,11,13,13,12,13,13,13,14,17,19,19,21,21,21,22,23,24,24,26,26
84013211,US,USA,840,13211.0,Morgan,Georgia,US,33.59232073,-83.49129491,"Morgan, Georgia, US",0,0,0,0,0,0,0,0,0,0,0,0,0,0,0,0,0,0,0,0,0,0,0,0,0,0,0,0,0,0,0,0,0,0,0,0,0,0,0,0,0,0,0,0,0,0,0,0,0,0,0,0,0,0,0,0,0,0,0,0,0,1,1,1,1,1,1,1,1,2,2,2,2,2,2,5,8,12,12,14,14,14,14,15,15,17,19,21,21,22,22,23,25,25,25,23,25,24,28,28,27,27,28,29,30,30,30,30,32,33,33,33,33,33,33,33,33,34,34,34,34,35,36,36,37,37,37,37,37,37,37,38,38,38,38,39,39,39,39,40,40,40,40,40,40,40,41,42,42,44,44,45
84013213,US,USA,840,13213.0,Murray,Georgia,US,34.78897608,-84.74993177,"Murray, Georgia, US",0,0,0,0,0,0,0,0,0,0,0,0,0,0,0,0,0,0,0,0,0,0,0,0,0,0,0,0,0,0,0,0,0,0,0,0,0,0,0,0,0,0,0,0,0,0,0,0,0,0,0,0,0,0,0,0,0,0,0,0,0,0,0,0,0,0,2,3,3,4,5,6,7,9,9,10,11,11,12,12,14,14,15,16,17,16,18,18,18,18,19,19,19,22,24,24,25,27,29,31,32,33,33,34,34,35,41,45,46,47,47,50,53,55,59,60,60,61,64,66,69,72,77,78,78,81,83,85,86,90,91,94,96,99,100,100,103,109,110,114,120,127,130,135,142,143,148,152,155,163,162,164
84013215,US,USA,840,13215.0,Muscogee,Georgia,US,32.50931999,-84.87142262,"Muscogee, Georgia, US",0,0,0,0,0,0,0,0,0,0,0,0,0,0,0,0,0,0,0,0,0,0,0,0,0,0,0,0,0,0,0,0,0,0,0,0,0,0,0,0,0,0,0,0,0,0,0,0,0,0,0,0,0,0,0,0,0,1,2,2,2,2,3,4,5,8,8,8,12,20,21,25,30,33,36,40,53,57,98,127,144,146,161,175,177,192,207,211,219,229,234,244,256,259,270,275,283,291,294,303,316,320,328,337,342,348,354,363,364,371,377,391,398,411,424,424,424,440,451,456,487,509,536,550,564,568,587,593,602,604,615,632,637,673,697,750,776,776,808,868,904,919,955,988,1006,1022,1078,1099,1113,1146,1147,1169
84013217,US,USA,840,13217.0,Newton,Georgia,US,33.55514538,-83.84547140000002,"Newton, Georgia, US",0,0,0,0,0,0,0,0,0,0,0,0,0,0,0,0,0,0,0,0,0,0,0,0,0,0,0,0,0,0,0,0,0,0,0,0,0,0,0,0,0,0,0,0,0,0,0,0,0,0,0,0,0,2,1,1,3,3,4,4,4,4,5,7,10,15,15,17,18,31,32,36,40,43,55,62,65,67,67,73,77,79,91,100,104,115,121,121,128,139,139,146,153,158,166,167,173,181,188,196,200,205,208,215,222,232,236,240,252,258,260,261,262,263,262,261,259,264,266,275,280,286,289,304,311,335,341,344,351,352,352,361,370,376,382,388,389,389,395,396,402,407,412,415,415,420,425,440,452,466,466,474
84013219,US,USA,840,13219.0,Oconee,Georgia,US,33.83749973,-83.43679568,"Oconee, Georgia, US",0,0,0,0,0,0,0,0,0,0,0,0,0,0,0,0,0,0,0,0,0,0,0,0,0,0,0,0,0,0,0,0,0,0,0,0,0,0,0,0,0,0,0,0,0,0,0,0,0,0,0,0,0,0,0,0,0,0,2,1,1,3,5,5,7,10,10,11,11,15,17,18,19,22,24,24,32,33,33,35,36,38,39,42,43,45,48,48,50,51,53,53,54,54,55,53,57,58,59,64,66,65,65,65,67,67,67,66,66,67,66,66,66,80,80,80,79,80,81,82,103,103,103,103,105,108,109,111,116,116,116,116,116,119,120,123,123,123,125,127,127,129,128,128,128,130,130,131,131,131,132,133
84013221,US,USA,840,13221.0,Oglethorpe,Georgia,US,33.878629600000004,-83.08278123,"Oglethorpe, Georgia, US",0,0,0,0,0,0,0,0,0,0,0,0,0,0,0,0,0,0,0,0,0,0,0,0,0,0,0,0,0,0,0,0,0,0,0,0,0,0,0,0,0,0,0,0,0,0,0,0,0,0,0,0,0,0,0,0,0,0,0,0,0,0,0,0,0,0,0,0,0,1,1,1,1,1,1,1,2,2,2,11,12,12,13,19,19,31,32,32,32,34,34,37,36,48,48,47,48,48,49,48,49,50,50,50,52,51,53,56,56,56,56,56,56,55,55,55,55,55,56,56,56,58,58,58,58,58,58,58,60,61,61,62,62,63,63,66,66,66,67,70,71,71,71,72,72,75,77,77,77,80,81,81
84013223,US,USA,840,13223.0,Paulding,Georgia,US,33.91969522,-84.86848792,"Paulding, Georgia, US",0,0,0,0,0,0,0,0,0,0,0,0,0,0,0,0,0,0,0,0,0,0,0,0,0,0,0,0,0,0,0,0,0,0,0,0,0,0,0,0,0,0,0,0,0,0,0,0,0,0,0,0,0,0,1,1,3,3,3,4,4,5,6,6,7,12,19,23,24,30,32,33,42,48,50,54,60,66,65,69,76,80,91,115,117,121,132,132,133,141,143,145,148,156,159,160,166,172,175,188,190,194,195,207,209,212,218,221,222,223,226,230,234,236,240,242,241,241,247,261,264,273,275,277,291,294,305,309,320,326,328,328,330,334,340,347,351,352,354,371,382,397,401,402,405,408,415,425,437,453,460,466
84013225,US,USA,840,13225.0,Peach,Georgia,US,32.56934316,-83.82937,"Peach, Georgia, US",0,0,0,0,0,0,0,0,0,0,0,0,0,0,0,0,0,0,0,0,0,0,0,0,0,0,0,0,0,0,0,0,0,0,0,0,0,0,0,0,0,0,0,0,0,0,0,0,0,0,0,0,0,0,0,0,0,1,1,2,3,3,3,4,5,6,6,6,7,7,7,7,9,10,13,15,16,19,20,20,21,22,24,24,24,28,31,32,32,35,35,35,36,37,37,37,39,44,45,46,52,56,55,59,60,61,61,62,62,63,63,68,69,69,71,70,69,69,69,69,69,70,70,70,70,70,70,70,72,72,72,73,74,76,76,76,76,78,78,80,80,80,86,86,90,91,91,92,92,92,93,93
84013227,US,USA,840,13227.0,Pickens,Georgia,US,34.46589159,-84.46406611,"Pickens, Georgia, US",0,0,0,0,0,0,0,0,0,0,0,0,0,0,0,0,0,0,0,0,0,0,0,0,0,0,0,0,0,0,0,0,0,0,0,0,0,0,0,0,0,0,0,0,0,0,0,0,0,0,0,0,0,0,0,0,0,0,2,2,2,2,4,4,4,4,5,5,6,6,7,8,9,9,9,9,10,10,10,11,10,12,11,13,14,15,15,16,18,18,18,18,19,20,20,21,21,25,26,26,25,27,29,29,28,29,31,32,33,33,33,35,36,35,35,35,35,38,39,39,40,41,43,43,43,43,43,45,47,47,48,48,48,50,50,50,51,52,52,53,57,59,59,65,65,68,71,73,75,78,78,80
84013229,US,USA,840,13229.0,Pierce,Georgia,US,31.35928155,-82.21598442,"Pierce, Georgia, US",0,0,0,0,0,0,0,0,0,0,0,0,0,0,0,0,0,0,0,0,0,0,0,0,0,0,0,0,0,0,0,0,0,0,0,0,0,0,0,0,0,0,0,0,0,0,0,0,0,0,0,0,0,0,0,0,0,0,0,0,0,1,1,1,1,1,1,2,2,3,5,10,14,16,16,21,28,36,40,41,45,45,45,47,47,48,49,51,51,51,51,51,51,52,52,52,54,54,54,55,55,53,52,53,57,58,59,59,65,67,67,68,69,69,69,70,71,75,81,84,85,88,88,89,90,91,92,97,98,99,100,99,100,105,109,114,116,117,119,121,122,125,126,128,128,131,132,132,132,134,135,137
84013231,US,USA,840,13231.0,Pike,Georgia,US,33.09310242,-84.38790389,"Pike, Georgia, US",0,0,0,0,0,0,0,0,0,0,0,0,0,0,0,0,0,0,0,0,0,0,0,0,0,0,0,0,0,0,0,0,0,0,0,0,0,0,0,0,0,0,0,0,0,0,0,0,0,0,0,0,0,0,0,0,0,0,0,0,0,0,0,0,0,0,1,2,2,2,2,2,3,4,5,9,10,10,12,15,15,16,18,22,25,27,29,30,32,33,34,35,38,38,39,39,39,39,39,40,40,40,40,40,40,40,41,41,41,44,44,47,45,44,44,44,44,44,44,45,45,48,48,49,50,52,54,54,54,54,54,54,54,56,57,59,60,61,62,64,65,65,66,69,69,70,71,76,76,81,81,81
84013233,US,USA,840,13233.0,Polk,Georgia,US,34.00267074,-85.18677781,"Polk, Georgia, US",0,0,0,0,0,0,0,0,0,0,0,0,0,0,0,0,0,0,0,0,0,0,0,0,0,0,0,0,0,0,0,0,0,0,0,0,0,0,0,0,0,0,0,0,1,1,1,1,1,1,1,1,1,1,1,1,1,1,3,4,4,4,8,8,10,10,10,10,12,15,16,16,16,18,18,20,20,22,22,21,21,22,24,25,27,27,29,29,30,36,36,36,36,42,45,46,49,49,56,57,59,59,59,60,61,64,64,65,65,66,66,69,69,71,78,79,79,80,80,86,87,93,96,95,97,101,107,113,118,118,118,124,126,131,138,139,139,140,145,152,154,157,162,164,164,165,167,174,175,178,178,178
84013235,US,USA,840,13235.0,Pulaski,Georgia,US,32.23334561,-83.47549959999998,"Pulaski, Georgia, US",0,0,0,0,0,0,0,0,0,0,0,0,0,0,0,0,0,0,0,0,0,0,0,0,0,0,0,0,0,0,0,0,0,0,0,0,0,0,0,0,0,0,0,0,0,0,0,0,0,0,0,0,0,0,0,0,0,0,0,0,0,0,1,1,1,1,2,3,3,3,4,4,6,7,6,7,8,8,9,9,9,9,10,11,11,11,16,16,16,18,17,17,20,20,20,20,24,25,27,30,31,31,32,33,33,33,34,35,34,34,34,34,34,38,36,36,36,36,36,35,38,38,39,39,39,39,39,40,42,42,42,42,42,43,43,43,43,43,45,46,46,46,46,46,46,46,46,46,46,46,46,46
84013237,US,USA,840,13237.0,Putnam,Georgia,US,33.32056115,-83.37552891,"Putnam, Georgia, US",0,0,0,0,0,0,0,0,0,0,0,0,0,0,0,0,0,0,0,0,0,0,0,0,0,0,0,0,0,0,0,0,0,0,0,0,0,0,0,0,0,0,0,0,0,0,0,0,0,0,0,0,0,0,0,0,0,0,0,0,0,0,0,0,0,0,0,0,0,0,0,2,2,2,2,3,5,5,5,5,5,6,7,12,12,14,14,18,21,25,26,27,29,31,31,31,37,37,37,40,42,42,41,46,49,51,52,54,55,55,58,59,59,60,62,77,77,79,80,83,86,84,85,87,88,88,88,88,89,90,90,93,93,95,97,99,100,100,100,103,103,104,104,109,109,112,111,112,112,113,115,120
84013239,US,USA,840,13239.0,Quitman,Georgia,US,31.86728114,-85.01773177,"Quitman, Georgia, US",0,0,0,0,0,0,0,0,0,0,0,0,0,0,0,0,0,0,0,0,0,0,0,0,0,0,0,0,0,0,0,0,0,0,0,0,0,0,0,0,0,0,0,0,0,0,0,0,0,0,0,0,0,0,0,0,0,0,0,0,0,0,0,0,0,0,0,0,0,0,0,0,1,1,1,1,3,4,4,4,3,3,3,3,3,3,3,3,3,3,3,3,3,3,3,3,4,5,5,4,5,5,8,6,6,6,6,6,6,6,6,7,7,7,8,8,8,8,8,8,8,10,11,11,11,12,12,12,12,12,12,12,12,14,14,14,13,14,14,14,15,15,14,14,14,14,14,14,15,15,15,15
84013241,US,USA,840,13241.0,Rabun,Georgia,US,34.88389445,-83.40304637,"Rabun, Georgia, US",0,0,0,0,0,0,0,0,0,0,0,0,0,0,0,0,0,0,0,0,0,0,0,0,0,0,0,0,0,0,0,0,0,0,0,0,0,0,0,0,0,0,0,0,0,0,0,0,0,0,0,0,0,0,0,0,0,0,0,0,0,0,0,0,0,0,0,0,0,2,2,2,2,2,3,3,5,5,6,6,6,6,6,7,7,7,7,7,7,8,8,9,9,9,9,9,10,12,12,13,14,13,13,13,13,13,13,13,14,14,14,14,14,14,14,14,15,15,15,15,15,15,15,15,15,16,17,19,20,20,20,24,23,25,25,26,26,26,26,27,28,30,30,31,31,32,33,33,33,33,35,35
84013243,US,USA,840,13243.0,Randolph,Georgia,US,31.76622818,-84.75732369,"Randolph, Georgia, US",0,0,0,0,0,0,0,0,0,0,0,0,0,0,0,0,0,0,0,0,0,0,0,0,0,0,0,0,0,0,0,0,0,0,0,0,0,0,0,0,0,0,0,0,0,0,0,0,0,0,0,0,0,0,0,0,0,0,1,1,1,1,1,1,1,3,3,3,3,5,5,4,8,16,18,24,81,82,91,98,103,105,117,131,131,134,139,141,141,145,146,148,149,152,153,153,156,156,159,159,161,163,163,164,165,167,167,167,168,168,168,169,169,169,169,169,169,169,169,170,170,170,170,170,174,175,176,177,179,179,179,179,179,179,181,181,183,183,183,187,186,188,190,190,190,191,191,191,193,194,194,194
84013245,US,USA,840,13245.0,Richmond,Georgia,US,33.35777107,-82.07026432,"Richmond, Georgia, US",0,0,0,0,0,0,0,0,0,0,0,0,0,0,0,0,0,0,0,0,0,0,0,0,0,0,0,0,0,0,0,0,0,0,0,0,0,0,0,0,0,0,0,0,0,0,0,0,0,0,0,0,0,0,0,3,1,2,8,10,10,11,11,11,10,11,12,12,13,40,41,41,50,51,51,56,74,76,84,95,138,140,147,162,168,189,238,258,264,283,295,313,335,353,355,360,377,382,389,406,412,415,417,422,424,429,436,441,444,447,449,469,471,480,490,490,490,491,495,501,522,523,525,527,534,553,563,576,595,595,595,599,598,606,609,619,627,627,645,652,659,658,664,666,669,682,687,703,711,736,740,746
84013247,US,USA,840,13247.0,Rockdale,Georgia,US,33.65145002,-84.02202167,"Rockdale, Georgia, US",0,0,0,0,0,0,0,0,0,0,0,0,0,0,0,0,0,0,0,0,0,0,0,0,0,0,0,0,0,0,0,0,0,0,0,0,0,0,0,0,0,0,0,0,0,0,0,0,0,0,0,0,0,0,0,0,0,0,1,2,2,4,7,9,12,16,17,18,18,36,45,54,63,70,76,80,85,86,85,85,91,95,100,106,107,108,116,119,128,140,140,144,151,158,162,161,166,172,178,186,191,194,195,199,204,223,226,228,230,239,243,245,248,249,249,249,249,250,252,251,254,257,258,265,267,268,276,278,283,285,285,285,289,297,302,304,308,308,314,320,325,329,333,338,340,345,347,353,353,359,362,371
84013249,US,USA,840,13249.0,Schley,Georgia,US,32.2654021,-84.31258912,"Schley, Georgia, US",0,0,0,0,0,0,0,0,0,0,0,0,0,0,0,0,0,0,0,0,0,0,0,0,0,0,0,0,0,0,0,0,0,0,0,0,0,0,0,0,0,0,0,0,0,0,0,0,0,0,0,0,0,0,0,0,0,0,0,0,0,0,0,0,0,0,0,0,1,5,4,3,4,6,6,6,10,10,10,12,12,12,12,12,13,13,15,15,16,16,16,16,16,16,16,16,16,16,16,16,16,16,16,16,16,15,15,15,15,15,15,15,15,15,15,16,16,16,17,16,16,16,16,16,16,17,16,16,16,16,16,17,16,16,17,18,19,18,18,18,18,18,18,18,18,19,20,20,20,21,21,21
84013251,US,USA,840,13251.0,Screven,Georgia,US,32.74976524,-81.60779441,"Screven, Georgia, US",0,0,0,0,0,0,0,0,0,0,0,0,0,0,0,0,0,0,0,0,0,0,0,0,0,0,0,0,0,0,0,0,0,0,0,0,0,0,0,0,0,0,0,0,0,0,0,0,0,0,0,0,0,0,0,0,0,0,0,0,0,0,0,0,0,0,0,0,0,1,2,2,2,2,2,2,3,4,4,5,5,7,7,9,9,10,11,11,11,11,12,14,14,14,14,14,14,15,15,15,15,15,15,15,16,16,17,17,17,17,17,17,18,18,18,19,19,20,20,20,22,25,26,27,28,32,47,50,50,51,51,55,55,55,56,57,57,57,58,59,60,60,61,62,62,63,65,66,71,74,75,75
84013253,US,USA,840,13253.0,Seminole,Georgia,US,30.93464824,-84.86823924,"Seminole, Georgia, US",0,0,0,0,0,0,0,0,0,0,0,0,0,0,0,0,0,0,0,0,0,0,0,0,0,0,0,0,0,0,0,0,0,0,0,0,0,0,0,0,0,0,0,0,0,0,0,0,0,0,0,0,0,0,0,0,0,0,0,0,0,0,0,2,2,2,3,3,5,8,6,6,6,8,8,9,12,13,13,12,14,15,15,16,16,20,19,20,21,25,25,27,27,27,27,27,29,30,30,29,30,30,31,31,31,32,33,34,34,34,34,36,39,38,40,40,40,40,41,41,42,42,42,42,43,43,43,44,44,44,44,46,45,45,45,46,46,46,46,47,47,47,48,48,48,48,48,48,48,48,48,49
84013255,US,USA,840,13255.0,Spalding,Georgia,US,33.26310031,-84.28013991,"Spalding, Georgia, US",0,0,0,0,0,0,0,0,0,0,0,0,0,0,0,0,0,0,0,0,0,0,0,0,0,0,0,0,0,0,0,0,0,0,0,0,0,0,0,0,0,0,0,0,0,0,0,0,0,0,0,0,0,0,0,1,0,0,2,2,2,4,5,6,11,11,11,12,12,13,16,18,23,24,26,41,50,56,58,60,65,71,75,83,90,99,119,126,128,135,136,139,140,144,189,190,197,199,205,208,214,215,219,219,222,223,224,227,232,235,237,237,236,239,239,239,239,242,246,251,246,250,253,253,259,262,264,267,275,275,275,277,277,280,281,292,294,294,296,301,302,308,309,313,314,317,326,332,336,338,337,340
84013257,US,USA,840,13257.0,Stephens,Georgia,US,34.55151201,-83.29405315,"Stephens, Georgia, US",0,0,0,0,0,0,0,0,0,0,0,0,0,0,0,0,0,0,0,0,0,0,0,0,0,0,0,0,0,0,0,0,0,0,0,0,0,0,0,0,0,0,0,0,0,0,0,0,0,0,0,0,0,0,0,0,0,0,0,0,0,0,1,2,1,1,2,3,3,4,5,5,5,5,6,8,11,15,15,15,17,17,19,24,24,25,28,30,35,40,41,42,48,55,56,70,73,71,72,78,81,87,87,88,90,91,91,91,91,91,92,93,94,94,97,98,107,113,114,117,121,122,123,122,123,129,132,136,138,138,139,147,147,147,147,143,144,144,145,147,147,148,152,152,152,153,158,161,160,163,165,165
84013259,US,USA,840,13259.0,Stewart,Georgia,US,32.07996777,-84.83208037,"Stewart, Georgia, US",0,0,0,0,0,0,0,0,0,0,0,0,0,0,0,0,0,0,0,0,0,0,0,0,0,0,0,0,0,0,0,0,0,0,0,0,0,0,0,0,0,0,0,0,0,0,0,0,0,0,0,0,0,0,0,0,0,0,0,0,0,0,0,0,0,0,0,0,0,1,1,1,1,1,1,3,3,4,4,6,6,6,8,8,9,9,13,15,15,17,17,18,17,17,17,17,18,21,23,24,25,25,25,25,25,26,27,30,31,31,34,35,35,37,37,37,37,39,40,40,40,40,42,42,44,46,47,51,52,52,52,52,52,53,54,55,56,57,57,58,59,60,60,62,62,63,68,70,71,82,82,82
84013261,US,USA,840,13261.0,Sumter,Georgia,US,32.03650571,-84.19821492,"Sumter, Georgia, US",0,0,0,0,0,0,0,0,0,0,0,0,0,0,0,0,0,0,0,0,0,0,0,0,0,0,0,0,0,0,0,0,0,0,0,0,0,0,0,0,0,0,0,0,0,0,0,0,0,0,0,0,0,0,0,0,0,0,2,2,2,2,2,5,5,10,11,15,16,33,37,45,59,80,83,87,147,168,190,211,222,227,245,269,273,277,302,311,332,332,333,341,344,348,350,356,362,370,378,380,382,385,388,391,392,385,387,391,399,400,400,406,409,412,413,415,415,419,421,425,432,436,439,445,449,454,460,466,476,475,475,487,489,490,490,493,493,494,496,498,499,502,506,506,508,512,523,526,529,531,532,532
84013263,US,USA,840,13263.0,Talbot,Georgia,US,32.69642758,-84.53351366,"Talbot, Georgia, US",0,0,0,0,0,0,0,0,0,0,0,0,0,0,0,0,0,0,0,0,0,0,0,0,0,0,0,0,0,0,0,0,0,0,0,0,0,0,0,0,0,0,0,0,0,0,0,0,0,0,0,0,0,0,0,0,0,0,0,0,0,0,0,0,0,0,0,0,0,1,1,1,2,3,4,5,6,8,7,9,9,9,9,10,12,14,16,16,16,19,20,22,21,21,21,21,21,22,24,26,26,26,26,25,25,24,26,26,27,27,27,27,27,27,28,28,28,30,30,31,32,34,34,35,35,37,38,38,38,38,38,39,39,40,40,40,41,41,41,43,44,45,45,45,46,47,50,52,53,53,57,58
84013265,US,USA,840,13265.0,Taliaferro,Georgia,US,33.56543317,-82.88136816,"Taliaferro, Georgia, US",0,0,0,0,0,0,0,0,0,0,0,0,0,0,0,0,0,0,0,0,0,0,0,0,0,0,0,0,0,0,0,0,0,0,0,0,0,0,0,0,0,0,0,0,0,0,0,0,0,0,0,0,0,0,0,0,0,0,0,0,0,0,0,0,0,0,0,0,0,0,0,0,0,0,0,0,0,0,0,0,0,0,0,0,0,0,0,0,0,0,0,0,0,0,0,0,0,0,0,0,0,0,1,1,1,1,1,1,1,1,1,1,1,1,1,1,1,1,1,1,1,1,1,1,1,1,1,1,1,1,1,1,1,1,1,1,1,1,1,1,1,1,2,2,2,2,2,2,2,2,2,2
84013267,US,USA,840,13267.0,Tattnall,Georgia,US,32.04785085,-82.05539188,"Tattnall, Georgia, US",0,0,0,0,0,0,0,0,0,0,0,0,0,0,0,0,0,0,0,0,0,0,0,0,0,0,0,0,0,0,0,0,0,0,0,0,0,0,0,0,0,0,0,0,0,0,0,0,0,0,0,0,0,0,0,0,0,0,0,0,0,1,1,1,2,2,2,2,2,2,2,2,3,3,3,3,3,3,3,3,3,5,5,5,5,5,5,5,5,5,5,6,6,6,6,7,7,8,10,10,9,9,9,9,9,9,9,9,9,9,9,10,10,11,11,11,11,12,13,13,13,13,14,15,15,19,19,20,23,23,27,27,27,29,29,30,30,30,32,34,35,37,38,46,46,56,58,61,69,77,80,80
84013269,US,USA,840,13269.0,Taylor,Georgia,US,32.55792548,-84.25077141,"Taylor, Georgia, US",0,0,0,0,0,0,0,0,0,0,0,0,0,0,0,0,0,0,0,0,0,0,0,0,0,0,0,0,0,0,0,0,0,0,0,0,0,0,0,0,0,0,0,0,0,0,0,0,0,0,0,0,0,0,0,0,0,0,0,0,0,0,0,1,1,1,1,1,1,2,2,2,2,2,2,3,5,5,5,6,7,7,8,9,9,10,10,10,11,13,13,13,14,14,16,16,17,17,17,17,17,18,18,18,18,18,18,18,18,20,21,22,22,22,22,22,22,22,22,22,21,21,21,21,21,21,21,22,23,22,22,22,22,23,23,23,23,23,23,23,24,25,25,26,26,26,26,26,27,27,27,27
84013271,US,USA,840,13271.0,Telfair,Georgia,US,31.92829517,-82.93491155,"Telfair, Georgia, US",0,0,0,0,0,0,0,0,0,0,0,0,0,0,0,0,0,0,0,0,0,0,0,0,0,0,0,0,0,0,0,0,0,0,0,0,0,0,0,0,0,0,0,0,0,0,0,0,0,0,0,0,0,0,0,0,0,0,0,0,0,0,0,1,0,0,0,0,0,0,0,0,2,3,4,4,4,4,7,9,9,9,9,11,11,13,13,14,14,15,15,18,16,20,26,26,25,25,25,27,28,28,28,28,28,28,28,28,28,28,28,28,29,29,29,29,29,30,31,29,30,32,32,32,33,34,34,36,37,37,37,37,37,37,38,38,38,38,38,39,39,45,47,51,54,54,54,58,61,63,63,64
84013273,US,USA,840,13273.0,Terrell,Georgia,US,31.77527543,-84.44069698,"Terrell, Georgia, US",0,0,0,0,0,0,0,0,0,0,0,0,0,0,0,0,0,0,0,0,0,0,0,0,0,0,0,0,0,0,0,0,0,0,0,0,0,0,0,0,0,0,0,0,0,0,0,0,0,0,0,0,0,0,0,0,0,0,2,2,2,2,3,3,5,6,6,10,12,40,46,46,50,52,58,65,87,93,96,100,104,107,114,134,135,137,139,145,148,150,156,159,162,165,165,165,167,170,177,183,184,185,186,189,191,193,195,198,198,198,197,198,199,199,199,199,199,199,199,203,204,209,211,211,211,213,215,213,213,213,213,213,213,215,217,217,217,217,217,217,217,218,218,218,218,218,218,220,217,217,217,218
84013275,US,USA,840,13275.0,Thomas,Georgia,US,30.86392347,-83.91847289,"Thomas, Georgia, US",0,0,0,0,0,0,0,0,0,0,0,0,0,0,0,0,0,0,0,0,0,0,0,0,0,0,0,0,0,0,0,0,0,0,0,0,0,0,0,0,0,0,0,0,0,0,0,0,0,0,0,0,0,0,0,0,0,0,0,0,0,0,0,1,1,3,6,7,7,9,11,15,17,26,26,28,37,43,57,73,74,77,78,89,92,112,112,115,127,126,133,148,158,157,157,158,162,173,178,186,190,191,192,196,204,219,227,239,242,242,249,264,267,276,281,283,283,288,289,302,304,308,309,311,313,323,324,324,324,324,324,329,332,346,349,350,353,353,357,357,356,358,359,361,362,364,365,365,366,368,371,371
84013277,US,USA,840,13277.0,Tift,Georgia,US,31.45743864,-83.5236119,"Tift, Georgia, US",0,0,0,0,0,0,0,0,0,0,0,0,0,0,0,0,0,0,0,0,0,0,0,0,0,0,0,0,0,0,0,0,0,0,0,0,0,0,0,0,0,0,0,0,0,0,0,0,0,0,0,0,0,0,0,0,0,0,1,2,2,2,2,5,5,11,13,13,19,19,24,28,30,34,34,42,43,47,52,56,57,59,62,71,74,78,81,82,86,92,93,93,98,98,100,102,100,97,110,117,122,126,127,132,132,136,139,145,152,156,157,161,164,170,175,176,181,185,188,194,204,212,213,219,228,234,238,247,255,256,256,266,270,271,277,291,305,312,320,327,345,357,372,385,393,423,433,448,462,494,513,525
84013279,US,USA,840,13279.0,Toombs,Georgia,US,32.12059861,-82.32957247,"Toombs, Georgia, US",0,0,0,0,0,0,0,0,0,0,0,0,0,0,0,0,0,0,0,0,0,0,0,0,0,0,0,0,0,0,0,0,0,0,0,0,0,0,0,0,0,0,0,0,0,0,0,0,0,0,0,0,0,0,0,0,0,0,0,0,0,0,0,0,1,1,1,1,2,3,2,4,5,5,5,7,8,8,8,11,11,11,12,15,16,17,18,20,20,20,20,21,23,26,27,27,28,28,30,31,31,32,34,34,34,37,39,39,40,40,40,41,41,43,43,44,44,46,46,47,48,50,50,50,50,53,54,55,56,56,56,56,56,58,60,62,62,65,68,77,83,91,96,101,102,108,126,129,137,141,143,147
84013281,US,USA,840,13281.0,Towns,Georgia,US,34.91369188,-83.74107459999998,"Towns, Georgia, US",0,0,0,0,0,0,0,0,0,0,0,0,0,0,0,0,0,0,0,0,0,0,0,0,0,0,0,0,0,0,0,0,0,0,0,0,0,0,0,0,0,0,0,0,0,0,0,0,0,0,0,0,0,0,0,0,0,0,0,0,0,0,0,0,0,0,0,0,0,0,0,0,1,1,1,1,2,2,2,3,3,3,3,8,8,8,10,10,13,15,15,19,19,20,20,20,20,21,21,21,22,20,20,19,20,20,20,20,20,20,20,20,21,21,21,21,21,21,21,21,22,22,22,22,22,22,23,23,24,24,24,24,24,26,27,29,30,30,30,30,31,32,32,32,35,35,35,35,35,35,36,36
84013283,US,USA,840,13283.0,Treutlen,Georgia,US,32.40422134,-82.56904553,"Treutlen, Georgia, US",0,0,0,0,0,0,0,0,0,0,0,0,0,0,0,0,0,0,0,0,0,0,0,0,0,0,0,0,0,0,0,0,0,0,0,0,0,0,0,0,0,0,0,0,0,0,0,0,0,0,0,0,0,0,0,0,0,0,0,0,0,0,0,0,0,0,0,0,0,0,0,0,0,0,0,1,1,1,1,1,1,1,1,1,1,1,1,1,1,2,2,2,2,2,2,2,2,3,3,3,3,3,3,3,3,4,5,5,5,5,5,5,7,7,7,8,8,8,8,8,8,8,8,8,8,8,8,8,9,9,10,10,12,13,13,14,14,14,14,14,17,17,17,17,17,17,17,17,17,18,19,19
84013285,US,USA,840,13285.0,Troup,Georgia,US,33.03349196,-85.02812115,"Troup, Georgia, US",0,0,0,0,0,0,0,0,0,0,0,0,0,0,0,0,0,0,0,0,0,0,0,0,0,0,0,0,0,0,0,0,0,0,0,0,0,0,0,0,0,0,0,0,0,0,0,0,0,0,0,0,0,0,1,1,2,2,2,4,4,4,6,6,10,11,9,9,11,16,19,20,26,32,34,37,46,48,52,56,55,57,61,68,68,75,78,82,87,100,105,109,118,122,122,126,138,141,145,148,150,154,154,159,163,168,171,176,185,186,190,196,192,192,195,199,200,201,213,215,227,238,245,250,260,268,268,283,292,307,313,318,320,345,363,395,416,426,446,476,545,613,701,733,759,792,805,844,863,922,947,978
84013287,US,USA,840,13287.0,Turner,Georgia,US,31.71612656,-83.62069378,"Turner, Georgia, US",0,0,0,0,0,0,0,0,0,0,0,0,0,0,0,0,0,0,0,0,0,0,0,0,0,0,0,0,0,0,0,0,0,0,0,0,0,0,0,0,0,0,0,0,0,0,0,0,0,0,0,0,0,0,0,0,0,0,1,1,1,1,1,1,2,2,2,2,3,3,4,5,12,12,12,14,16,20,22,28,29,38,37,41,41,48,50,51,56,59,59,59,61,62,62,63,64,66,67,68,68,69,69,69,70,71,73,74,78,78,78,78,80,81,81,81,81,84,85,85,90,92,96,100,105,106,110,114,115,118,118,125,128,134,134,139,139,139,140,141,144,145,148,150,151,153,155,157,161,165,166,167
84013289,US,USA,840,13289.0,Twiggs,Georgia,US,32.67435595,-83.43078662,"Twiggs, Georgia, US",0,0,0,0,0,0,0,0,0,0,0,0,0,0,0,0,0,0,0,0,0,0,0,0,0,0,0,0,0,0,0,0,0,0,0,0,0,0,0,0,0,0,0,0,0,0,0,0,0,0,0,0,0,0,0,0,0,0,0,0,1,1,1,2,2,2,2,2,2,2,2,2,2,2,2,2,2,2,2,2,2,2,2,3,3,4,4,4,4,4,4,6,6,7,8,7,7,7,8,8,8,8,8,8,8,8,8,8,8,8,8,8,8,9,9,9,9,9,10,10,11,11,13,13,14,14,15,15,15,17,17,17,17,18,18,18,18,18,19,19,19,20,21,21,21,22,22,22,22,23,23,23
84013291,US,USA,840,13291.0,Union,Georgia,US,34.82995757,-83.98967069,"Union, Georgia, US",0,0,0,0,0,0,0,0,0,0,0,0,0,0,0,0,0,0,0,0,0,0,0,0,0,0,0,0,0,0,0,0,0,0,0,0,0,0,0,0,0,0,0,0,0,0,0,0,0,0,0,0,0,0,0,0,0,0,0,0,0,0,0,0,0,0,0,0,0,0,0,1,1,1,1,1,3,4,5,6,7,7,7,8,8,8,10,10,14,16,15,18,25,27,28,32,32,34,34,33,33,31,31,31,32,32,33,34,34,34,35,36,36,36,36,36,36,37,37,38,39,39,39,39,39,41,44,43,44,44,46,46,46,48,48,48,49,49,49,50,51,53,53,53,53,54,55,56,56,56,56,56
84013293,US,USA,840,13293.0,Upson,Georgia,US,32.87920671,-84.30024826,"Upson, Georgia, US",0,0,0,0,0,0,0,0,0,0,0,0,0,0,0,0,0,0,0,0,0,0,0,0,0,0,0,0,0,0,0,0,0,0,0,0,0,0,0,0,0,0,0,0,0,0,0,0,0,0,0,0,0,0,0,0,0,0,0,0,0,0,0,0,0,2,4,5,5,5,5,6,6,10,13,22,28,29,40,47,51,55,61,128,135,139,162,170,170,175,179,186,191,193,196,197,203,208,211,216,224,225,230,240,243,245,246,247,249,250,250,254,255,255,257,258,260,261,267,267,271,271,272,273,275,279,280,280,280,280,281,283,284,290,290,290,290,290,290,290,291,295,295,295,295,295,300,308,309,312,319,319
84013295,US,USA,840,13295.0,Walker,Georgia,US,34.73376362,-85.30165174,"Walker, Georgia, US",0,0,0,0,0,0,0,0,0,0,0,0,0,0,0,0,0,0,0,0,0,0,0,0,0,0,0,0,0,0,0,0,0,0,0,0,0,0,0,0,0,0,0,0,0,0,0,0,0,0,0,0,0,0,0,0,0,0,0,0,0,0,0,0,0,0,0,0,0,0,2,2,3,3,3,3,4,3,4,6,6,6,6,10,13,13,13,13,15,19,28,59,59,59,59,59,59,58,60,61,60,60,51,61,61,61,61,62,64,65,65,68,73,74,74,74,74,74,76,81,84,94,95,94,96,102,109,112,138,141,141,168,162,171,178,189,192,194,195,203,206,211,216,219,219,225,236,253,269,276,283,284
84013297,US,USA,840,13297.0,Walton,Georgia,US,33.78017694,-83.73552314,"Walton, Georgia, US",0,0,0,0,0,0,0,0,0,0,0,0,0,0,0,0,0,0,0,0,0,0,0,0,0,0,0,0,0,0,0,0,0,0,0,0,0,0,0,0,0,0,0,0,0,0,0,0,0,0,0,0,0,0,0,0,0,0,0,0,0,0,1,1,0,0,2,5,4,6,12,14,16,16,19,23,24,25,27,36,36,39,44,52,52,55,59,58,60,63,64,73,81,92,97,97,100,110,120,126,129,132,133,136,139,143,148,148,151,152,152,152,159,158,158,158,158,164,166,172,186,186,186,189,196,217,242,246,261,265,265,265,269,273,288,297,298,299,303,307,309,317,321,324,324,327,331,335,340,343,343,344
84013299,US,USA,840,13299.0,Ware,Georgia,US,31.05449097,-82.42224148,"Ware, Georgia, US",0,0,0,0,0,0,0,0,0,0,0,0,0,0,0,0,0,0,0,0,0,0,0,0,0,0,0,0,0,0,0,0,0,0,0,0,0,0,0,0,0,0,0,0,0,0,0,0,0,0,0,0,0,0,0,0,0,0,0,0,0,0,0,0,1,2,2,5,5,9,10,14,16,18,18,22,37,42,45,48,50,53,56,64,66,69,77,80,85,88,92,95,100,103,105,107,112,112,115,121,128,129,130,133,142,145,148,155,155,165,165,167,166,169,170,171,171,174,177,191,191,201,206,209,218,221,223,225,229,228,228,228,228,234,238,240,247,248,249,252,252,254,263,267,268,286,290,298,301,307,309,317
84013301,US,USA,840,13301.0,Warren,Georgia,US,33.41146451,-82.67795848,"Warren, Georgia, US",0,0,0,0,0,0,0,0,0,0,0,0,0,0,0,0,0,0,0,0,0,0,0,0,0,0,0,0,0,0,0,0,0,0,0,0,0,0,0,0,0,0,0,0,0,0,0,0,0,0,0,0,0,0,0,0,0,0,0,0,0,0,0,0,0,0,0,0,1,3,4,4,4,4,5,5,6,6,6,6,6,6,7,7,8,9,10,10,10,10,10,10,12,12,12,12,12,12,12,12,12,13,13,13,13,13,13,15,14,15,15,16,16,16,16,16,16,16,16,16,17,17,17,17,18,18,18,18,18,18,18,18,18,18,18,18,18,18,18,18,19,19,19,19,19,20,20,19,19,19,19,19
84013303,US,USA,840,13303.0,Washington,Georgia,US,32.96711864,-82.79357039,"Washington, Georgia, US",0,0,0,0,0,0,0,0,0,0,0,0,0,0,0,0,0,0,0,0,0,0,0,0,0,0,0,0,0,0,0,0,0,0,0,0,0,0,0,0,0,0,0,0,0,0,0,0,0,0,0,0,0,0,0,0,0,0,0,0,0,1,1,2,2,2,2,2,2,2,4,4,6,5,6,6,11,17,16,21,21,22,23,22,22,23,23,24,25,25,25,28,28,33,34,34,37,38,38,42,43,44,44,43,43,46,51,53,53,57,57,63,62,63,63,63,63,67,68,71,72,72,73,74,73,73,74,74,74,74,74,74,74,74,74,74,74,74,75,75,75,75,76,76,75,76,76,76,77,77,79,79
84013305,US,USA,840,13305.0,Wayne,Georgia,US,31.5521809,-81.91894878,"Wayne, Georgia, US",0,0,0,0,0,0,0,0,0,0,0,0,0,0,0,0,0,0,0,0,0,0,0,0,0,0,0,0,0,0,0,0,0,0,0,0,0,0,0,0,0,0,0,0,0,0,0,0,0,0,0,0,0,0,0,0,0,0,0,0,0,0,0,0,0,0,0,0,0,0,0,0,0,0,1,2,3,4,3,3,4,4,4,6,6,6,7,7,7,8,9,10,10,11,11,11,12,12,12,13,13,13,13,13,13,13,13,13,13,13,13,13,14,14,14,14,14,14,14,15,15,15,16,16,17,17,18,18,19,20,19,20,20,22,22,23,25,25,26,30,32,33,33,35,35,39,39,41,44,44,44,46
84013307,US,USA,840,13307.0,Webster,Georgia,US,32.04066113,-84.54742852,"Webster, Georgia, US",0,0,0,0,0,0,0,0,0,0,0,0,0,0,0,0,0,0,0,0,0,0,0,0,0,0,0,0,0,0,0,0,0,0,0,0,0,0,0,0,0,0,0,0,0,0,0,0,0,0,0,0,0,0,0,0,0,0,0,0,0,0,0,0,0,0,0,0,0,1,1,1,1,1,2,4,4,3,3,3,3,3,3,3,3,4,4,5,5,6,7,7,7,7,7,8,10,10,10,10,10,10,10,10,10,10,10,10,10,10,10,11,11,11,11,11,11,11,11,11,11,11,11,11,11,11,11,11,12,12,13,13,13,13,13,14,14,14,14,14,14,14,14,14,14,15,15,16,17,17,17,17
84013309,US,USA,840,13309.0,Wheeler,Georgia,US,32.12009104,-82.72574721,"Wheeler, Georgia, US",0,0,0,0,0,0,0,0,0,0,0,0,0,0,0,0,0,0,0,0,0,0,0,0,0,0,0,0,0,0,0,0,0,0,0,0,0,0,0,0,0,0,0,0,0,0,0,0,0,0,0,0,0,0,0,0,0,0,0,0,0,0,0,0,0,0,0,1,1,1,1,1,1,1,1,1,1,1,2,2,2,2,2,3,3,3,3,3,3,3,3,3,3,3,3,3,4,4,4,4,5,5,5,5,5,5,5,5,5,5,5,6,6,9,7,7,7,7,7,10,9,9,9,9,9,9,9,13,13,13,13,13,13,13,13,13,14,14,14,14,15,15,16,23,27,28,30,28,33,34,35,35
84013311,US,USA,840,13311.0,White,Georgia,US,34.64624278,-83.74905525,"White, Georgia, US",0,0,0,0,0,0,0,0,0,0,0,0,0,0,0,0,0,0,0,0,0,0,0,0,0,0,0,0,0,0,0,0,0,0,0,0,0,0,0,0,0,0,0,0,0,0,0,0,0,0,0,0,0,0,0,0,0,0,0,0,0,0,0,1,1,1,1,1,1,3,3,3,3,3,4,4,9,10,11,11,11,11,11,14,14,15,20,20,20,30,31,33,36,38,38,38,48,56,59,59,63,78,78,79,83,83,87,86,88,88,88,88,88,88,89,89,89,87,90,91,91,92,93,94,94,95,98,99,101,101,101,103,103,105,110,111,113,113,114,117,117,122,124,124,124,124,124,124,125,128,129,129
84013313,US,USA,840,13313.0,Whitfield,Georgia,US,34.80987459,-84.96093476,"Whitfield, Georgia, US",0,0,0,0,0,0,0,0,0,0,0,0,0,0,0,0,0,0,0,0,0,0,0,0,0,0,0,0,0,0,0,0,0,0,0,0,0,0,0,0,0,0,0,0,0,0,0,0,0,0,0,0,0,0,0,0,1,1,1,1,2,2,2,4,5,6,6,8,7,10,10,15,15,16,16,17,21,21,20,24,24,24,26,29,31,33,40,43,43,45,46,53,59,62,63,63,69,75,79,103,111,118,120,126,131,135,141,140,149,154,157,171,173,175,177,180,180,188,194,206,220,249,270,279,283,303,311,322,331,351,374,391,391,408,427,438,462,494,504,509,520,539,562,575,589,618,637,668,692,726,741,763
84013315,US,USA,840,13315.0,Wilcox,Georgia,US,31.97496928,-83.43438555,"Wilcox, Georgia, US",0,0,0,0,0,0,0,0,0,0,0,0,0,0,0,0,0,0,0,0,0,0,0,0,0,0,0,0,0,0,0,0,0,0,0,0,0,0,0,0,0,0,0,0,0,0,0,0,0,0,0,0,0,0,0,0,0,0,0,0,0,0,0,0,0,0,0,0,0,1,1,1,2,2,1,2,2,2,5,5,5,22,24,28,29,34,36,40,43,44,45,51,64,68,68,68,72,89,89,90,90,90,90,90,90,90,92,94,95,95,95,95,99,98,95,95,95,95,97,98,98,98,98,98,98,105,105,106,109,111,111,116,117,117,117,117,117,117,117,117,118,118,117,118,118,118,119,119,120,120,121,121
84013317,US,USA,840,13317.0,Wilkes,Georgia,US,33.78290391,-82.74286107,"Wilkes, Georgia, US",0,0,0,0,0,0,0,0,0,0,0,0,0,0,0,0,0,0,0,0,0,0,0,0,0,0,0,0,0,0,0,0,0,0,0,0,0,0,0,0,0,0,0,0,0,0,0,0,0,0,0,0,0,0,0,0,0,0,0,0,0,0,0,1,1,1,1,1,1,2,2,2,3,3,3,4,5,5,5,6,6,6,6,8,8,10,11,11,17,18,19,21,22,22,22,23,23,23,24,25,25,25,25,25,26,26,26,26,27,27,27,27,27,28,28,28,28,30,30,30,30,32,32,32,32,33,33,33,33,33,33,33,33,34,34,34,34,34,34,34,34,35,35,36,36,39,41,42,42,43,43,43
84013319,US,USA,840,13319.0,Wilkinson,Georgia,US,32.80291082,-83.17140684,"Wilkinson, Georgia, US",0,0,0,0,0,0,0,0,0,0,0,0,0,0,0,0,0,0,0,0,0,0,0,0,0,0,0,0,0,0,0,0,0,0,0,0,0,0,0,0,0,0,0,0,0,0,0,0,0,0,0,0,0,0,0,0,0,0,0,0,0,0,0,0,0,0,0,0,0,1,2,1,1,2,2,3,3,4,8,8,10,11,11,12,14,17,19,20,20,22,22,22,27,29,30,31,32,34,34,35,35,35,35,36,35,41,40,40,39,40,40,40,40,40,42,45,45,45,46,49,61,63,64,65,65,65,70,68,69,69,69,69,70,69,70,71,71,71,71,72,71,73,73,73,73,73,74,74,74,74,73,73
84013321,US,USA,840,13321.0,Worth,Georgia,US,31.55162306,-83.85090513,"Worth, Georgia, US",0,0,0,0,0,0,0,0,0,0,0,0,0,0,0,0,0,0,0,0,0,0,0,0,0,0,0,0,0,0,0,0,0,0,0,0,0,0,0,0,0,0,0,0,0,0,0,0,0,0,0,0,0,0,0,0,0,0,2,2,2,3,4,4,5,7,8,10,11,29,28,28,30,35,36,39,55,64,68,75,78,84,91,99,104,112,116,119,121,128,129,142,142,138,140,141,143,144,149,153,159,162,162,167,173,175,179,180,182,183,183,188,191,191,195,195,196,197,201,206,207,204,204,209,210,213,209,208,209,210,211,222,223,226,228,231,233,235,240,243,247,255,256,256,256,260,265,269,270,278,282,285
84015001,US,USA,840,15001.0,Hawaii,Hawaii,US,19.60121157,-155.5210167,"Hawaii, Hawaii, US",0,0,0,0,0,0,0,0,0,0,0,0,0,0,0,0,0,0,0,0,0,0,0,0,0,0,0,0,0,0,0,0,0,0,0,0,0,0,0,0,0,0,0,0,0,0,0,0,1,0,0,0,0,0,0,0,0,0,0,0,0,3,2,2,4,5,10,10,12,15,15,18,20,22,22,23,23,23,28,28,31,39,40,41,41,41,41,61,62,64,64,67,68,69,69,70,70,70,70,73,73,73,74,75,74,74,74,74,75,75,75,75,75,75,76,76,77,77,78,79,82,81,81,81,81,81,82,82,82,81,81,81,81,81,81,81,81,81,81,81,81,81,81,81,82,82,82,83,83,83,83,85
84015003,US,USA,840,15003.0,Honolulu,Hawaii,US,21.45803166,-157.97121819999995,"Honolulu, Hawaii, US",0,0,0,0,0,0,0,0,0,0,0,0,0,0,0,0,0,0,0,0,0,0,0,0,0,0,0,0,0,0,0,0,0,0,0,0,0,0,0,0,0,0,0,0,0,1,1,1,2,2,2,2,2,3,5,6,10,10,28,28,41,41,58,58,68,76,108,108,123,139,157,182,237,266,281,292,312,312,334,334,343,350,352,358,369,369,373,382,385,385,385,388,389,392,395,396,396,396,399,399,400,400,400,400,404,405,408,408,407,408,410,411,414,414,414,415,415,415,415,416,416,414,414,414,414,414,414,417,419,421,421,421,422,423,424,431,439,441,442,448,451,458,472,489,493,501,501,508,526,551,551,566
84015005,US,USA,840,15005.0,Kalawao,Hawaii,US,21.17882515,-156.9583592,"Kalawao, Hawaii, US",0,0,0,0,0,0,0,0,0,0,0,0,0,0,0,0,0,0,0,0,0,0,0,0,0,0,0,0,0,0,0,0,0,0,0,0,0,0,0,0,0,0,0,0,0,0,0,0,0,0,0,0,0,0,0,0,0,0,0,0,0,0,0,0,0,0,0,0,0,0,0,0,0,0,0,0,0,0,0,0,0,0,0,0,0,0,0,0,0,0,0,0,0,0,0,0,0,0,0,0,0,0,0,0,0,0,0,0,0,0,0,0,0,0,0,0,0,0,0,0,0,0,0,0,0,0,0,0,0,0,0,0,0,0,0,0,0,0,0,0,0,0,0,0,0,0,0,0,0,0,0,0
84015007,US,USA,840,15007.0,Kauai,Hawaii,US,22.03935037,-159.5966786,"Kauai, Hawaii, US",0,0,0,0,0,0,0,0,0,0,0,0,0,0,0,0,0,0,0,0,0,0,0,0,0,0,0,0,0,0,0,0,0,0,0,0,0,0,0,0,0,0,0,0,0,0,0,0,0,0,0,0,2,2,2,2,2,2,3,3,3,3,1,1,2,5,11,11,12,12,12,12,13,15,16,17,18,18,18,18,19,21,21,21,21,21,21,21,21,21,21,21,21,21,21,21,21,21,21,21,21,21,21,21,21,21,21,21,21,21,21,21,21,21,21,21,21,21,21,21,21,20,20,20,20,20,20,20,20,20,20,20,20,20,20,21,21,21,21,21,21,21,21,21,21,21,21,21,21,22,22,29
84015009,US,USA,840,15009.0,Maui,Hawaii,US,20.86399628,-156.56890969999995,"Maui, Hawaii, US",0,0,0,0,0,0,0,0,0,0,0,0,0,0,0,0,0,0,0,0,0,0,0,0,0,0,0,0,0,0,0,0,0,0,0,0,0,0,0,0,0,0,0,0,0,0,0,0,0,0,0,0,0,1,1,2,3,3,5,5,9,9,9,9,13,14,16,16,20,25,25,26,36,38,43,44,48,48,57,57,66,84,86,88,92,92,95,104,106,108,110,110,112,113,113,112,113,115,115,116,116,117,116,116,116,116,116,116,117,117,117,117,117,117,117,117,117,117,117,117,118,117,118,118,118,118,118,118,118,119,120,120,120,119,119,120,120,120,120,120,120,120,120,120,120,120,120,120,120,121,121,122
84016001,US,USA,840,16001.0,Ada,Idaho,US,43.4526575,-116.24155159999998,"Ada, Idaho, US",0,0,0,0,0,0,0,0,0,0,0,0,0,0,0,0,0,0,0,0,0,0,0,0,0,0,0,0,0,0,0,0,0,0,0,0,0,0,0,0,0,0,0,0,0,0,0,0,0,0,0,0,1,2,2,3,3,3,8,11,11,13,19,24,39,54,76,92,113,195,195,312,307,360,385,402,419,438,447,495,513,517,517,538,538,567,576,593,598,598,616,622,635,642,650,650,650,662,662,671,681,705,705,710,713,717,721,721,731,733,739,744,744,759,759,773,773,780,780,792,792,794,794,796,796,796,798,803,803,805,812,812,818,818,823,833,838,838,844,848,854,854,877,877,892,892,915,986,1043,1100,1166,1166
84016003,US,USA,840,16003.0,Adams,Idaho,US,44.89333571,-116.4545247,"Adams, Idaho, US",0,0,0,0,0,0,0,0,0,0,0,0,0,0,0,0,0,0,0,0,0,0,0,0,0,0,0,0,0,0,0,0,0,0,0,0,0,0,0,0,0,0,0,0,0,0,0,0,0,0,0,0,0,0,0,0,0,0,0,0,0,0,0,0,0,0,0,0,0,0,0,1,1,1,1,1,1,1,1,1,1,1,1,1,1,1,1,1,1,1,3,3,3,3,3,3,3,3,3,3,3,3,3,3,3,3,3,3,3,3,3,3,3,3,3,3,3,3,3,3,3,3,3,3,3,3,3,3,3,3,3,3,3,3,3,3,3,3,3,3,3,3,4,4,4,4,6,9,9,9,9,9
84016005,US,USA,840,16005.0,Bannock,Idaho,US,42.67002716,-112.2233311,"Bannock, Idaho, US",0,0,0,0,0,0,0,0,0,0,0,0,0,0,0,0,0,0,0,0,0,0,0,0,0,0,0,0,0,0,0,0,0,0,0,0,0,0,0,0,0,0,0,0,0,0,0,0,0,0,0,0,0,0,0,0,0,0,0,0,0,2,2,2,3,2,3,3,3,4,4,4,4,5,5,5,5,5,5,5,5,5,5,5,5,8,8,8,8,8,8,8,8,8,8,8,8,10,10,11,11,11,11,11,11,12,12,12,12,12,13,13,13,13,13,14,14,16,16,16,16,17,17,18,18,18,20,24,24,27,28,28,34,34,37,45,47,47,49,49,52,52,59,59,63,63,64,69,74,77,79,79
84016007,US,USA,840,16007.0,Bear Lake,Idaho,US,42.28269683,-111.32892379999998,"Bear Lake, Idaho, US",0,0,0,0,0,0,0,0,0,0,0,0,0,0,0,0,0,0,0,0,0,0,0,0,0,0,0,0,0,0,0,0,0,0,0,0,0,0,0,0,0,0,0,0,0,0,0,0,0,0,0,0,0,0,0,0,0,0,0,0,0,0,0,0,0,0,0,0,0,0,0,0,0,0,0,0,0,0,0,0,0,0,0,0,0,0,0,0,0,0,0,0,0,0,0,0,0,0,0,0,0,0,0,0,0,0,0,0,0,0,0,0,0,0,0,0,0,0,0,0,0,0,0,0,0,0,0,0,0,0,0,0,0,0,0,0,0,0,0,0,0,0,0,0,0,0,0,0,0,0,0,0
84016009,US,USA,840,16009.0,Benewah,Idaho,US,47.21754179,-116.6586851,"Benewah, Idaho, US",0,0,0,0,0,0,0,0,0,0,0,0,0,0,0,0,0,0,0,0,0,0,0,0,0,0,0,0,0,0,0,0,0,0,0,0,0,0,0,0,0,0,0,0,0,0,0,0,0,0,0,0,0,0,0,0,0,0,0,0,0,0,0,0,0,0,0,0,0,0,0,0,0,0,0,0,0,0,0,0,0,0,0,0,0,0,0,0,0,0,0,0,0,0,0,0,0,0,0,0,0,0,0,0,0,0,0,0,0,0,0,0,0,0,0,0,0,0,0,0,0,0,0,0,0,0,3,9,9,8,8,8,12,12,14,17,18,18,18,18,19,19,19,19,19,19,18,20,20,21,21,21
84016011,US,USA,840,16011.0,Bingham,Idaho,US,43.21672879999999,-112.3978437,"Bingham, Idaho, US",0,0,0,0,0,0,0,0,0,0,0,0,0,0,0,0,0,0,0,0,0,0,0,0,0,0,0,0,0,0,0,0,0,0,0,0,0,0,0,0,0,0,0,0,0,0,0,0,0,0,0,0,0,0,0,0,0,0,1,2,2,2,2,2,2,1,1,1,1,2,2,2,2,2,2,2,2,2,2,2,2,2,2,2,2,2,3,3,3,3,3,3,3,3,3,3,3,3,3,4,4,4,4,4,4,4,4,4,4,4,4,4,4,6,6,6,6,6,6,6,6,6,6,6,6,6,6,6,6,6,6,6,8,8,11,20,20,20,22,23,23,23,23,23,24,24,25,26,27,27,30,30
84016013,US,USA,840,16013.0,Blaine,Idaho,US,43.4085812,-113.9752658,"Blaine, Idaho, US",0,0,0,0,0,0,0,0,0,0,0,0,0,0,0,0,0,0,0,0,0,0,0,0,0,0,0,0,0,0,0,0,0,0,0,0,0,0,0,0,0,0,0,0,0,0,0,0,0,0,0,0,1,1,1,3,4,16,19,21,21,35,36,40,66,93,99,114,130,192,228,256,351,405,410,410,423,428,428,446,452,454,454,458,458,469,473,475,475,476,478,480,485,489,490,492,492,497,497,498,497,497,497,498,499,499,499,499,499,503,506,506,506,507,507,508,508,508,508,509,509,510,510,510,510,510,510,512,512,512,512,512,512,512,514,514,514,514,514,514,515,515,515,515,515,515,515,515,517,518,519,519
84016015,US,USA,840,16015.0,Boise,Idaho,US,43.98829931,-115.7309284,"Boise, Idaho, US",0,0,0,0,0,0,0,0,0,0,0,0,0,0,0,0,0,0,0,0,0,0,0,0,0,0,0,0,0,0,0,0,0,0,0,0,0,0,0,0,0,0,0,0,0,0,0,0,0,0,0,0,0,0,0,0,0,0,0,0,0,0,0,0,0,0,0,0,0,0,0,0,0,0,0,0,0,0,0,0,0,0,0,0,0,0,0,0,0,0,0,0,0,0,0,0,0,0,0,0,0,0,0,0,0,0,0,0,0,0,0,0,0,0,0,0,0,0,0,0,0,0,0,0,0,0,0,0,0,0,0,0,0,0,0,0,0,0,0,0,0,0,0,0,0,0,0,0,0,0,0,0
84016017,US,USA,840,16017.0,Bonner,Idaho,US,48.29996017,-116.6017932,"Bonner, Idaho, US",0,0,0,0,0,0,0,0,0,0,0,0,0,0,0,0,0,0,0,0,0,0,0,0,0,0,0,0,0,0,0,0,0,0,0,0,0,0,0,0,0,0,0,0,0,0,0,0,0,0,0,0,0,0,0,0,0,0,0,0,0,0,0,0,0,0,0,1,1,1,1,1,1,2,2,2,3,3,3,3,4,4,4,4,4,4,4,4,4,4,4,4,4,4,4,4,4,4,4,4,4,4,4,4,4,4,4,4,4,4,4,4,4,4,4,4,4,4,4,4,4,4,4,4,4,4,4,4,4,6,6,6,6,6,6,6,6,6,6,7,7,7,7,7,7,7,7,10,10,11,12,12
84016019,US,USA,840,16019.0,Bonneville,Idaho,US,43.38713372,-111.6161537,"Bonneville, Idaho, US",0,0,0,0,0,0,0,0,0,0,0,0,0,0,0,0,0,0,0,0,0,0,0,0,0,0,0,0,0,0,0,0,0,0,0,0,0,0,0,0,0,0,0,0,0,0,0,0,0,0,0,0,0,0,0,0,0,0,0,0,0,0,0,0,0,0,1,1,2,2,2,2,3,5,6,6,6,7,7,11,11,12,13,14,16,24,24,24,24,24,24,24,28,28,28,28,28,27,27,28,28,28,28,28,28,28,28,28,30,30,30,30,30,30,30,33,33,33,33,32,32,32,32,32,32,32,33,37,37,37,47,47,51,51,56,60,60,60,64,68,68,68,73,73,79,79,86,90,91,91,93,93
84016021,US,USA,840,16021.0,Boundary,Idaho,US,48.76684761,-116.4630179,"Boundary, Idaho, US",0,0,0,0,0,0,0,0,0,0,0,0,0,0,0,0,0,0,0,0,0,0,0,0,0,0,0,0,0,0,0,0,0,0,0,0,0,0,0,0,0,0,0,0,0,0,0,0,0,0,0,0,0,0,0,0,0,0,0,0,0,0,0,0,0,0,0,0,0,0,0,0,0,0,0,0,0,0,0,0,0,0,1,1,0,0,0,0,0,0,0,0,0,0,0,0,0,0,0,0,0,0,0,0,0,0,0,0,0,0,0,0,0,0,0,0,0,0,0,0,0,0,0,0,0,0,0,0,0,0,0,0,0,0,0,0,0,0,0,0,0,0,0,0,0,0,0,0,0,0,0,0
84016023,US,USA,840,16023.0,Butte,Idaho,US,43.72592209,-113.1735463,"Butte, Idaho, US",0,0,0,0,0,0,0,0,0,0,0,0,0,0,0,0,0,0,0,0,0,0,0,0,0,0,0,0,0,0,0,0,0,0,0,0,0,0,0,0,0,0,0,0,0,0,0,0,0,0,0,0,0,0,0,0,0,0,0,0,0,0,0,0,0,0,0,0,0,0,0,0,0,0,0,0,0,0,0,0,0,0,0,0,0,0,0,0,0,0,0,0,0,0,0,0,0,0,0,0,0,0,0,0,0,0,0,0,0,0,0,0,0,0,0,0,0,0,0,0,0,0,0,0,0,0,0,0,0,0,0,0,0,0,0,0,0,0,0,0,0,0,0,0,0,0,0,0,0,0,0,0
84016025,US,USA,840,16025.0,Camas,Idaho,US,43.46665742,-114.8065892,"Camas, Idaho, US",0,0,0,0,0,0,0,0,0,0,0,0,0,0,0,0,0,0,0,0,0,0,0,0,0,0,0,0,0,0,0,0,0,0,0,0,0,0,0,0,0,0,0,0,0,0,0,0,0,0,0,0,0,0,0,0,0,0,0,0,0,0,0,0,0,0,0,0,0,1,1,1,1,1,1,1,1,1,1,1,1,1,1,1,1,1,1,1,1,1,1,1,1,1,1,1,1,1,1,1,1,1,1,1,1,1,1,1,1,1,1,1,1,1,1,1,1,1,1,1,1,1,1,1,1,1,1,1,1,1,1,1,1,1,1,1,1,1,1,1,1,1,1,1,1,1,1,1,1,1,1,1
84016027,US,USA,840,16027.0,Canyon,Idaho,US,43.61970148,-116.70954990000001,"Canyon, Idaho, US",0,0,0,0,0,0,0,0,0,0,0,0,0,0,0,0,0,0,0,0,0,0,0,0,0,0,0,0,0,0,0,0,0,0,0,0,0,0,0,0,0,0,0,0,0,0,0,0,0,0,0,0,0,0,0,0,0,0,1,1,1,3,5,5,13,23,23,22,40,48,53,68,79,89,99,101,104,114,121,139,145,146,155,161,167,181,181,187,187,187,207,212,222,226,231,233,233,250,250,252,255,258,258,266,266,270,272,272,272,272,274,274,274,276,276,277,277,277,277,280,280,284,284,284,284,284,287,294,294,300,303,303,310,310,315,336,340,340,345,345,351,351,356,356,356,356,360,369,376,403,433,433
84016029,US,USA,840,16029.0,Caribou,Idaho,US,42.77149116,-111.5597683,"Caribou, Idaho, US",0,0,0,0,0,0,0,0,0,0,0,0,0,0,0,0,0,0,0,0,0,0,0,0,0,0,0,0,0,0,0,0,0,0,0,0,0,0,0,0,0,0,0,0,0,0,0,0,0,0,0,0,0,0,0,0,0,0,0,0,0,0,0,0,0,0,0,0,0,0,0,0,0,0,1,1,1,1,1,1,1,1,1,1,1,1,1,1,1,1,1,1,1,1,1,1,1,1,1,1,1,1,1,1,1,1,1,1,1,1,1,1,1,1,1,1,1,1,1,1,1,1,1,1,1,1,1,1,1,1,1,1,1,1,3,3,3,3,3,3,3,3,3,3,5,5,5,6,8,8,8,8
84016031,US,USA,840,16031.0,Cassia,Idaho,US,42.28347888,-113.6012409,"Cassia, Idaho, US",0,0,0,0,0,0,0,0,0,0,0,0,0,0,0,0,0,0,0,0,0,0,0,0,0,0,0,0,0,0,0,0,0,0,0,0,0,0,0,0,0,0,0,0,0,0,0,0,0,0,0,0,0,0,0,0,0,0,0,0,0,1,1,1,1,1,1,1,1,1,1,1,3,4,4,4,5,5,5,6,7,7,8,10,10,9,10,10,10,10,11,11,12,12,12,12,12,12,12,12,13,13,13,13,13,13,13,13,14,15,15,15,15,16,16,18,18,19,19,20,20,22,22,28,28,28,49,56,56,62,63,63,85,85,89,109,112,112,117,118,123,123,131,131,136,136,143,152,158,163,167,167
84016033,US,USA,840,16033.0,Clark,Idaho,US,44.28496071,-112.35057040000001,"Clark, Idaho, US",0,0,0,0,0,0,0,0,0,0,0,0,0,0,0,0,0,0,0,0,0,0,0,0,0,0,0,0,0,0,0,0,0,0,0,0,0,0,0,0,0,0,0,0,0,0,0,0,0,0,0,0,0,0,0,0,0,0,0,0,0,0,0,0,0,0,0,0,0,0,0,0,0,0,0,0,0,0,0,0,0,0,0,0,0,0,0,0,0,0,0,0,0,0,0,0,0,0,0,0,0,0,0,0,0,0,0,0,0,0,0,0,0,0,0,0,0,0,0,0,0,0,0,0,0,0,0,0,0,0,0,0,0,0,0,0,0,0,0,0,0,0,0,0,0,0,0,0,0,0,0,0
84016035,US,USA,840,16035.0,Clearwater,Idaho,US,46.67459924,-115.6622393,"Clearwater, Idaho, US",0,0,0,0,0,0,0,0,0,0,0,0,0,0,0,0,0,0,0,0,0,0,0,0,0,0,0,0,0,0,0,0,0,0,0,0,0,0,0,0,0,0,0,0,0,0,0,0,0,0,0,0,0,0,0,0,0,0,0,0,0,0,0,0,0,0,0,0,0,0,0,0,0,0,0,0,0,0,0,0,0,0,0,0,0,0,0,0,0,0,0,0,0,0,0,0,0,0,0,0,0,0,0,0,0,0,0,0,0,0,0,0,0,0,0,0,0,0,0,0,0,0,0,0,0,0,0,0,0,0,0,0,0,0,0,0,0,0,0,0,0,0,0,0,0,0,0,0,0,0,0,0
84016037,US,USA,840,16037.0,Custer,Idaho,US,44.24186819,-114.2855494,"Custer, Idaho, US",0,0,0,0,0,0,0,0,0,0,0,0,0,0,0,0,0,0,0,0,0,0,0,0,0,0,0,0,0,0,0,0,0,0,0,0,0,0,0,0,0,0,0,0,0,0,0,0,0,0,0,0,0,0,0,0,0,0,0,0,0,0,0,0,1,1,1,1,1,1,2,2,2,2,2,2,2,2,2,2,2,2,2,2,2,2,2,2,2,2,2,2,2,2,2,2,2,2,2,2,2,2,2,2,2,2,2,2,2,2,2,2,2,2,2,2,2,2,2,2,2,2,2,2,2,2,2,2,2,2,2,2,2,2,2,2,2,2,2,2,2,2,2,2,2,2,2,2,2,2,2,2
84016039,US,USA,840,16039.0,Elmore,Idaho,US,43.3507101,-115.4701578,"Elmore, Idaho, US",0,0,0,0,0,0,0,0,0,0,0,0,0,0,0,0,0,0,0,0,0,0,0,0,0,0,0,0,0,0,0,0,0,0,0,0,0,0,0,0,0,0,0,0,0,0,0,0,0,0,0,0,0,0,0,0,0,0,0,0,0,0,0,0,0,0,0,0,0,1,3,3,9,10,11,11,12,14,14,16,16,16,16,16,18,18,18,21,22,22,24,25,32,32,29,29,29,30,30,30,30,30,30,30,30,31,31,31,31,31,31,31,31,31,31,31,31,31,31,31,31,31,31,31,31,31,31,31,31,31,31,31,31,31,32,32,32,32,32,33,33,33,34,34,34,34,35,37,37,38,39,39
84016041,US,USA,840,16041.0,Franklin,Idaho,US,42.18332217,-111.81496659999999,"Franklin, Idaho, US",0,0,0,0,0,0,0,0,0,0,0,0,0,0,0,0,0,0,0,0,0,0,0,0,0,0,0,0,0,0,0,0,0,0,0,0,0,0,0,0,0,0,0,0,0,0,0,0,0,0,0,0,0,0,0,0,0,0,0,0,0,0,0,0,0,0,0,0,0,0,0,0,0,0,0,0,0,0,0,0,0,0,0,0,0,0,0,0,0,0,0,0,0,0,0,0,0,0,0,0,0,0,0,0,0,0,0,0,0,0,0,0,0,0,0,0,0,0,0,0,0,0,0,0,0,0,0,0,0,1,2,2,9,9,9,8,9,9,9,9,10,10,12,12,14,14,15,17,17,18,19,19
84016043,US,USA,840,16043.0,Fremont,Idaho,US,44.22800938,-111.48099429999999,"Fremont, Idaho, US",0,0,0,0,0,0,0,0,0,0,0,0,0,0,0,0,0,0,0,0,0,0,0,0,0,0,0,0,0,0,0,0,0,0,0,0,0,0,0,0,0,0,0,0,0,0,0,0,0,0,0,0,0,0,0,0,0,0,1,0,0,0,0,0,1,1,1,1,1,1,1,1,1,1,1,1,2,2,2,2,2,2,2,2,2,2,2,2,2,2,2,2,2,2,2,2,2,2,2,2,2,2,2,2,3,3,3,3,3,3,3,3,3,3,3,3,3,3,3,3,3,3,3,3,3,3,3,3,3,3,3,3,3,3,4,4,4,4,4,4,4,4,4,4,4,4,4,4,4,4,4,4
84016045,US,USA,840,16045.0,Gem,Idaho,US,44.06482372,-116.398376,"Gem, Idaho, US",0,0,0,0,0,0,0,0,0,0,0,0,0,0,0,0,0,0,0,0,0,0,0,0,0,0,0,0,0,0,0,0,0,0,0,0,0,0,0,0,0,0,0,0,0,0,0,0,0,0,0,0,0,0,0,0,0,0,0,0,0,0,0,0,0,0,1,1,3,4,5,4,6,7,7,7,8,8,8,8,9,9,9,9,9,10,10,10,10,10,10,10,11,11,12,12,12,12,12,12,13,13,13,14,14,14,14,14,16,16,16,16,16,16,16,16,16,16,16,16,16,17,17,17,17,17,17,17,17,17,17,17,17,17,17,17,17,17,17,17,17,17,17,17,17,17,17,17,17,17,18,18
84016047,US,USA,840,16047.0,Gooding,Idaho,US,42.96927962,-114.81083059999999,"Gooding, Idaho, US",0,0,0,0,0,0,0,0,0,0,0,0,0,0,0,0,0,0,0,0,0,0,0,0,0,0,0,0,0,0,0,0,0,0,0,0,0,0,0,0,0,0,0,0,0,0,0,0,0,0,0,0,0,0,0,0,0,0,0,0,0,0,0,0,0,0,0,0,0,0,0,1,1,1,1,1,3,3,4,5,5,5,5,5,5,7,7,7,8,8,8,8,9,9,9,9,9,9,9,11,12,12,12,13,13,14,16,16,16,17,18,20,20,22,22,25,25,26,26,29,29,35,35,39,39,39,40,46,46,47,47,47,49,49,50,55,56,56,57,57,57,57,58,58,59,59,59,60,60,60,61,61
84016049,US,USA,840,16049.0,Idaho,Idaho,US,45.84721541,-115.4634436,"Idaho, Idaho, US",0,0,0,0,0,0,0,0,0,0,0,0,0,0,0,0,0,0,0,0,0,0,0,0,0,0,0,0,0,0,0,0,0,0,0,0,0,0,0,0,0,0,0,0,0,0,0,0,0,0,0,0,0,0,0,0,0,0,0,0,0,0,0,0,1,1,1,1,1,1,2,2,1,2,3,2,3,3,3,3,3,3,3,3,3,3,3,3,3,3,3,3,3,3,3,3,3,3,3,3,3,3,3,3,3,3,3,3,3,3,3,3,3,3,3,3,3,3,3,3,3,3,3,3,3,3,3,3,3,3,3,3,3,3,3,3,3,3,3,3,3,3,3,3,3,3,3,3,3,3,3,3
84016051,US,USA,840,16051.0,Jefferson,Idaho,US,43.82078483,-112.3131749,"Jefferson, Idaho, US",0,0,0,0,0,0,0,0,0,0,0,0,0,0,0,0,0,0,0,0,0,0,0,0,0,0,0,0,0,0,0,0,0,0,0,0,0,0,0,0,0,0,0,0,0,0,0,0,0,0,0,0,0,0,0,0,0,0,0,0,0,0,2,2,2,2,2,2,2,2,3,3,3,3,3,4,4,4,4,4,4,4,4,4,4,5,5,5,5,5,5,5,5,5,5,5,5,5,5,5,5,5,5,5,5,5,5,5,5,5,5,5,5,5,5,7,7,7,7,7,7,7,7,7,7,7,7,7,7,7,7,7,7,7,9,9,9,9,9,9,9,9,10,10,12,12,12,11,11,11,12,12
84016053,US,USA,840,16053.0,Jerome,Idaho,US,42.68891267,-114.2655033,"Jerome, Idaho, US",0,0,0,0,0,0,0,0,0,0,0,0,0,0,0,0,0,0,0,0,0,0,0,0,0,0,0,0,0,0,0,0,0,0,0,0,0,0,0,0,0,0,0,0,0,0,0,0,0,0,0,0,0,0,0,0,0,0,0,0,0,0,0,0,0,0,0,0,0,2,2,7,8,11,13,13,18,18,19,24,28,29,29,30,30,38,41,44,44,44,44,44,44,45,46,46,46,48,48,51,54,55,55,57,61,64,65,65,67,71,75,81,81,87,87,95,95,102,102,110,110,137,137,145,145,145,154,161,161,165,169,169,175,175,180,194,194,194,198,201,202,202,205,205,206,206,208,214,216,216,216,216
84016055,US,USA,840,16055.0,Kootenai,Idaho,US,47.67282258,-116.7020872,"Kootenai, Idaho, US",0,0,0,0,0,0,0,0,0,0,0,0,0,0,0,0,0,0,0,0,0,0,0,0,0,0,0,0,0,0,0,0,0,0,0,0,0,0,0,0,0,0,0,0,0,0,0,0,0,0,0,0,0,0,0,0,0,1,3,3,3,6,8,8,9,10,11,26,26,29,30,31,37,37,40,42,43,42,42,42,44,44,45,45,45,48,49,50,50,51,52,53,59,59,59,61,61,61,61,61,62,62,62,62,62,62,62,62,63,63,64,64,64,64,64,65,65,66,66,66,66,66,66,66,66,66,66,67,67,67,68,68,73,73,74,81,82,82,85,91,91,91,98,98,98,98,101,105,107,115,122,122
84016057,US,USA,840,16057.0,Latah,Idaho,US,46.81587887,-116.71136979999999,"Latah, Idaho, US",0,0,0,0,0,0,0,0,0,0,0,0,0,0,0,0,0,0,0,0,0,0,0,0,0,0,0,0,0,0,0,0,0,0,0,0,0,0,0,0,0,0,0,0,0,0,0,0,0,0,0,0,0,0,0,0,0,0,0,0,0,0,0,0,0,0,0,0,0,0,1,1,1,1,1,1,2,2,2,3,3,3,3,3,3,3,3,3,3,3,4,4,4,4,4,4,4,5,5,5,5,5,5,5,5,5,5,5,5,5,5,5,5,6,6,6,6,6,6,6,6,7,7,7,7,7,7,7,7,7,7,7,7,7,7,7,7,7,7,7,7,7,7,7,7,7,8,8,8,8,8,8
84016059,US,USA,840,16059.0,Lemhi,Idaho,US,44.9438088,-113.9309747,"Lemhi, Idaho, US",0,0,0,0,0,0,0,0,0,0,0,0,0,0,0,0,0,0,0,0,0,0,0,0,0,0,0,0,0,0,0,0,0,0,0,0,0,0,0,0,0,0,0,0,0,0,0,0,0,0,0,0,0,0,0,0,0,0,0,0,0,0,0,0,0,0,0,0,0,0,0,0,0,0,0,0,0,0,0,0,0,0,0,0,0,0,0,0,0,0,0,0,0,0,1,1,1,1,1,1,1,1,1,1,1,1,1,1,1,1,1,1,1,1,1,1,1,1,1,1,1,1,1,1,1,1,1,1,1,1,1,1,1,1,1,1,1,1,1,1,1,1,1,1,1,1,2,2,2,2,2,2
84016061,US,USA,840,16061.0,Lewis,Idaho,US,46.23315327,-116.434146,"Lewis, Idaho, US",0,0,0,0,0,0,0,0,0,0,0,0,0,0,0,0,0,0,0,0,0,0,0,0,0,0,0,0,0,0,0,0,0,0,0,0,0,0,0,0,0,0,0,0,0,0,0,0,0,0,0,0,0,0,0,0,0,0,0,0,0,0,0,0,0,0,0,0,0,0,0,0,1,1,1,1,0,0,0,0,0,0,0,0,0,0,0,0,0,0,0,0,0,0,0,0,0,0,0,0,0,0,0,0,0,0,0,0,0,0,0,0,0,0,0,0,0,0,0,0,0,0,0,0,0,0,0,0,0,0,0,0,0,0,0,0,0,0,0,0,0,0,0,0,0,0,0,0,0,0,0,0
84016063,US,USA,840,16063.0,Lincoln,Idaho,US,43.0012336,-114.1358773,"Lincoln, Idaho, US",0,0,0,0,0,0,0,0,0,0,0,0,0,0,0,0,0,0,0,0,0,0,0,0,0,0,0,0,0,0,0,0,0,0,0,0,0,0,0,0,0,0,0,0,0,0,0,0,0,0,0,0,0,0,0,0,0,0,0,0,0,0,0,0,0,0,1,1,1,2,3,5,5,7,9,9,12,12,12,14,14,14,15,15,15,15,15,16,17,17,17,18,21,21,22,22,22,24,24,27,27,29,29,29,29,29,29,29,29,29,29,29,29,29,29,29,29,29,29,29,29,30,30,30,30,30,32,33,33,33,33,33,33,33,33,33,34,34,34,34,34,34,35,35,35,35,35,35,35,35,35,35
84016065,US,USA,840,16065.0,Madison,Idaho,US,43.78141028,-111.65384740000002,"Madison, Idaho, US",0,0,0,0,0,0,0,0,0,0,0,0,0,0,0,0,0,0,0,0,0,0,0,0,0,0,0,0,0,0,0,0,0,0,0,0,0,0,0,0,0,0,0,0,0,0,0,0,0,0,0,0,0,0,0,1,1,1,1,1,1,2,2,2,2,2,2,2,2,5,4,4,4,4,4,4,4,4,4,5,5,5,5,5,5,8,8,8,8,8,8,8,8,8,8,8,8,9,9,10,11,12,12,12,13,13,16,16,16,17,18,18,18,18,18,19,19,19,19,20,20,20,20,20,20,20,21,21,21,21,21,21,21,21,25,27,27,27,27,27,27,27,29,29,29,29,29,30,30,30,30,30
84016067,US,USA,840,16067.0,Minidoka,Idaho,US,42.85518524,-113.6357257,"Minidoka, Idaho, US",0,0,0,0,0,0,0,0,0,0,0,0,0,0,0,0,0,0,0,0,0,0,0,0,0,0,0,0,0,0,0,0,0,0,0,0,0,0,0,0,0,0,0,0,0,0,0,0,0,0,0,0,0,0,0,0,0,0,0,0,0,0,0,0,0,0,0,0,0,1,1,1,1,1,1,3,3,3,3,4,4,4,5,6,6,9,9,10,10,10,10,10,10,10,10,10,10,11,11,11,11,11,11,11,11,11,11,11,11,11,11,12,12,15,15,15,15,15,15,20,20,26,26,29,29,29,40,45,45,46,50,50,58,58,61,71,72,72,78,80,85,85,98,98,101,101,103,109,113,115,115,115
84016069,US,USA,840,16069.0,Nez Perce,Idaho,US,46.32638236,-116.75009750000001,"Nez Perce, Idaho, US",0,0,0,0,0,0,0,0,0,0,0,0,0,0,0,0,0,0,0,0,0,0,0,0,0,0,0,0,0,0,0,0,0,0,0,0,0,0,0,0,0,0,0,0,0,0,0,0,0,0,0,0,0,0,0,0,0,0,0,0,0,0,0,1,1,4,4,4,4,9,9,14,13,13,13,13,15,17,18,19,19,19,19,20,20,27,29,30,30,30,40,44,55,58,58,58,58,59,59,60,60,60,60,74,74,78,78,78,78,78,78,79,79,79,79,79,79,79,79,81,81,81,81,81,81,81,82,82,82,82,82,82,82,82,83,83,83,83,83,83,84,84,84,84,84,84,84,84,84,84,84,84
84016071,US,USA,840,16071.0,Oneida,Idaho,US,42.19494279999999,-112.5407838,"Oneida, Idaho, US",0,0,0,0,0,0,0,0,0,0,0,0,0,0,0,0,0,0,0,0,0,0,0,0,0,0,0,0,0,0,0,0,0,0,0,0,0,0,0,0,0,0,0,0,0,0,0,0,0,0,0,0,0,0,0,0,0,0,0,0,0,0,0,0,0,0,0,0,0,0,0,0,0,0,0,0,0,0,0,0,0,0,0,0,0,0,0,0,0,0,0,0,0,0,0,0,0,0,0,0,0,0,0,0,0,0,0,0,0,0,0,0,0,0,0,0,0,0,0,0,0,0,0,0,0,0,0,0,0,0,0,0,0,0,0,0,0,0,0,0,0,0,0,0,0,0,0,0,0,0,0,0
84016073,US,USA,840,16073.0,Owyhee,Idaho,US,42.58016894,-116.16938710000001,"Owyhee, Idaho, US",0,0,0,0,0,0,0,0,0,0,0,0,0,0,0,0,0,0,0,0,0,0,0,0,0,0,0,0,0,0,0,0,0,0,0,0,0,0,0,0,0,0,0,0,0,0,0,0,0,0,0,0,0,0,0,0,0,0,0,0,0,0,0,0,0,0,0,1,1,1,1,1,2,2,2,2,2,2,2,4,4,4,4,4,4,4,4,4,4,4,4,5,6,8,8,8,8,8,8,8,8,8,8,8,8,8,8,8,8,8,8,8,8,8,8,8,8,8,8,8,8,8,8,8,8,8,8,8,8,8,8,8,8,8,8,8,8,8,8,8,8,8,8,8,8,8,9,18,20,22,27,27
84016075,US,USA,840,16075.0,Payette,Idaho,US,44.00545243,-116.7647695,"Payette, Idaho, US",0,0,0,0,0,0,0,0,0,0,0,0,0,0,0,0,0,0,0,0,0,0,0,0,0,0,0,0,0,0,0,0,0,0,0,0,0,0,0,0,0,0,0,0,0,0,0,0,0,0,0,0,0,0,0,0,0,0,0,0,0,0,0,0,1,4,1,1,1,1,1,3,5,5,5,6,6,6,6,8,8,8,8,9,9,10,10,10,10,10,11,11,11,13,13,13,13,14,14,16,16,16,16,17,17,17,17,17,17,17,17,17,17,19,19,20,20,22,22,22,22,23,23,23,23,23,23,23,23,23,23,23,23,23,25,26,26,26,26,26,26,26,27,27,27,27,28,30,32,40,43,43
84016077,US,USA,840,16077.0,Power,Idaho,US,42.69254894,-112.83957420000002,"Power, Idaho, US",0,0,0,0,0,0,0,0,0,0,0,0,0,0,0,0,0,0,0,0,0,0,0,0,0,0,0,0,0,0,0,0,0,0,0,0,0,0,0,0,0,0,0,0,0,0,0,0,0,0,0,0,0,0,0,0,0,0,0,0,0,0,0,0,0,0,0,0,0,0,0,0,0,0,0,0,0,2,2,2,2,2,2,2,2,2,2,2,2,2,2,2,2,2,2,2,2,2,2,2,2,2,2,2,2,2,2,2,2,2,2,3,3,3,3,3,3,3,3,3,3,3,3,3,3,3,3,3,3,4,5,5,6,6,6,7,7,7,7,9,9,9,9,9,9,9,9,9,14,14,14,14
84016079,US,USA,840,16079.0,Shoshone,Idaho,US,47.35364087,-115.89167490000001,"Shoshone, Idaho, US",0,0,0,0,0,0,0,0,0,0,0,0,0,0,0,0,0,0,0,0,0,0,0,0,0,0,0,0,0,0,0,0,0,0,0,0,0,0,0,0,0,0,0,0,0,0,0,0,0,0,0,0,0,0,0,0,0,0,0,0,0,0,0,0,0,0,0,0,0,0,0,0,0,0,0,0,0,0,0,0,0,0,0,0,0,0,0,0,0,0,0,0,0,0,0,0,0,0,0,0,0,0,0,0,0,0,0,0,0,0,0,0,0,0,0,0,0,0,0,0,0,0,0,0,0,0,0,0,0,0,0,0,0,0,0,0,0,0,0,0,0,0,0,0,0,0,0,0,0,0,0,0
84016081,US,USA,840,16081.0,Teton,Idaho,US,43.75303583,-111.2056773,"Teton, Idaho, US",0,0,0,0,0,0,0,0,0,0,0,0,0,0,0,0,0,0,0,0,0,0,0,0,0,0,0,0,0,0,0,0,0,0,0,0,0,0,0,0,0,0,0,0,0,0,0,0,0,0,0,0,0,1,1,1,1,1,1,2,2,2,2,2,2,2,2,2,2,2,2,3,3,3,4,4,5,5,6,6,6,6,6,6,6,7,7,8,8,8,8,8,8,8,8,8,8,9,9,9,9,9,9,9,10,10,10,10,10,11,11,11,11,11,11,11,11,11,11,11,11,11,11,11,11,11,11,11,11,11,11,11,11,11,11,11,11,11,11,11,11,11,11,11,11,11,11,12,12,14,14,14
84016083,US,USA,840,16083.0,Twin Falls,Idaho,US,42.35440512,-114.6685381,"Twin Falls, Idaho, US",0,0,0,0,0,0,0,0,0,0,0,0,0,0,0,0,0,0,0,0,0,0,0,0,0,0,0,0,0,0,0,0,0,0,0,0,0,0,0,0,0,0,0,0,0,0,0,0,0,0,0,0,0,0,0,0,0,1,1,1,1,1,1,1,1,3,2,2,3,5,7,31,32,33,37,37,53,53,55,70,73,75,79,79,79,99,100,110,115,117,123,132,139,149,152,156,156,165,165,170,181,196,196,208,218,231,239,239,248,259,269,280,280,298,298,318,318,326,326,340,340,374,374,381,381,381,396,410,410,416,419,419,428,428,432,437,445,445,456,463,469,469,480,480,479,479,483,499,504,507,511,511
84016085,US,USA,840,16085.0,Valley,Idaho,US,44.76728382,-115.5676773,"Valley, Idaho, US",0,0,0,0,0,0,0,0,0,0,0,0,0,0,0,0,0,0,0,0,0,0,0,0,0,0,0,0,0,0,0,0,0,0,0,0,0,0,0,0,0,0,0,0,0,0,0,0,0,0,0,0,0,0,0,0,0,0,0,0,0,1,1,1,1,1,1,1,1,2,2,2,3,3,3,2,2,2,2,2,2,2,2,2,2,2,2,2,2,2,2,2,2,2,2,2,2,2,2,2,2,2,2,2,2,2,2,2,2,2,2,2,2,2,2,2,2,2,2,2,2,2,2,2,2,2,2,2,2,2,2,2,2,2,2,2,2,2,3,3,3,3,3,3,3,3,3,3,3,3,3,3
84016087,US,USA,840,16087.0,Washington,Idaho,US,44.45275475,-116.78476880000001,"Washington, Idaho, US",0,0,0,0,0,0,0,0,0,0,0,0,0,0,0,0,0,0,0,0,0,0,0,0,0,0,0,0,0,0,0,0,0,0,0,0,0,0,0,0,0,0,0,0,0,0,0,0,0,0,0,0,0,0,0,0,0,0,0,0,0,0,0,0,0,0,0,0,0,0,0,0,1,1,1,1,1,1,1,1,1,1,1,1,1,1,1,1,1,1,1,1,1,2,1,1,1,1,1,1,1,1,1,1,1,1,1,1,1,1,2,8,8,13,13,23,23,30,30,32,32,34,34,34,34,34,34,36,36,38,38,38,43,43,44,46,46,46,46,46,49,49,50,50,55,55,57,70,78,84,84,84
84017001,US,USA,840,17001.0,Adams,Illinois,US,39.98815591,-91.18786813,"Adams, Illinois, US",0,0,0,0,0,0,0,0,0,0,0,0,0,0,0,0,0,0,0,0,0,0,0,0,0,0,0,0,0,0,0,0,0,0,0,0,0,0,0,0,0,0,0,0,0,0,0,0,0,0,0,0,0,0,0,0,0,0,1,1,1,1,1,1,1,1,1,2,2,2,2,2,2,3,3,8,9,1,22,24,25,25,26,27,27,29,30,31,34,34,29,29,29,32,32,32,33,40,40,40,40,40,40,40,40,40,40,41,41,41,41,41,41,41,42,42,42,42,42,43,45,44,44,44,44,44,44,44,44,44,44,44,44,44,44,44,46,46,45,45,45,45,45,45,45,46,45,45,46,47,48,55
84017003,US,USA,840,17003.0,Alexander,Illinois,US,37.18049267,-89.32910838,"Alexander, Illinois, US",0,0,0,0,0,0,0,0,0,0,0,0,0,0,0,0,0,0,0,0,0,0,0,0,0,0,0,0,0,0,0,0,0,0,0,0,0,0,0,0,0,0,0,0,0,0,0,0,0,0,0,0,0,0,0,0,0,0,0,0,0,0,0,0,0,0,0,0,0,0,0,0,0,0,0,0,0,0,0,0,0,0,0,0,0,0,1,1,2,2,2,2,2,2,2,3,3,3,3,3,3,4,4,4,4,6,6,6,6,7,7,8,8,8,8,8,8,8,8,8,8,8,8,8,8,8,8,8,8,8,8,8,8,12,12,14,15,16,15,15,16,16,16,17,17,17,17,17,18,18,20,20
84017005,US,USA,840,17005.0,Bond,Illinois,US,38.88829622,-89.43534887,"Bond, Illinois, US",0,0,0,0,0,0,0,0,0,0,0,0,0,0,0,0,0,0,0,0,0,0,0,0,0,0,0,0,0,0,0,0,0,0,0,0,0,0,0,0,0,0,0,0,0,0,0,0,0,0,0,0,0,0,0,0,0,0,0,0,0,0,0,0,0,0,0,1,1,2,2,3,3,3,3,3,3,3,4,4,4,4,4,4,4,4,4,4,4,4,4,4,4,4,5,5,5,5,6,6,6,6,6,6,7,8,8,8,8,8,9,9,10,10,11,11,11,11,12,12,12,10,10,10,10,10,10,12,12,12,12,12,12,12,12,12,12,12,12,12,12,12,12,12,12,12,12,12,12,12,12,12
84017007,US,USA,840,17007.0,Boone,Illinois,US,42.32359279,-88.82345779,"Boone, Illinois, US",0,0,0,0,0,0,0,0,0,0,0,0,0,0,0,0,0,0,0,0,0,0,0,0,0,0,0,0,0,0,0,0,0,0,0,0,0,0,0,0,0,0,0,0,0,0,0,0,0,0,0,0,0,0,0,0,0,0,0,0,0,0,0,0,0,0,0,0,0,0,0,0,0,0,3,4,6,7,7,7,7,7,13,13,16,18,21,29,30,33,35,41,54,60,71,76,79,81,89,98,113,129,138,144,146,155,168,177,185,193,206,244,253,268,274,282,290,307,314,324,343,368,389,393,397,407,410,424,428,441,452,463,476,481,488,498,500,504,506,507,511,515,518,520,524,525,537,542,546,551,554,555
84017009,US,USA,840,17009.0,Brown,Illinois,US,39.96209138,-90.75068024,"Brown, Illinois, US",0,0,0,0,0,0,0,0,0,0,0,0,0,0,0,0,0,0,0,0,0,0,0,0,0,0,0,0,0,0,0,0,0,0,0,0,0,0,0,0,0,0,0,0,0,0,0,0,0,0,0,0,0,0,0,0,0,0,0,0,0,0,0,0,0,0,0,0,0,0,0,0,0,0,0,0,0,0,0,0,0,0,0,0,0,0,0,0,0,0,0,0,0,0,0,0,0,0,0,0,1,1,1,2,2,6,6,6,8,8,9,9,9,9,9,10,10,11,10,10,10,10,10,10,10,10,10,10,10,10,10,10,10,10,10,10,10,10,10,10,10,10,10,10,10,10,10,10,10,10,10,10
84017011,US,USA,840,17011.0,Bureau,Illinois,US,41.40385234,-89.5283051,"Bureau, Illinois, US",0,0,0,0,0,0,0,0,0,0,0,0,0,0,0,0,0,0,0,0,0,0,0,0,0,0,0,0,0,0,0,0,0,0,0,0,0,0,0,0,0,0,0,0,0,0,0,0,0,0,0,0,0,0,0,0,0,0,0,0,0,0,0,0,0,1,1,1,1,1,2,2,2,3,3,3,4,4,4,4,5,5,6,6,7,7,7,8,8,8,8,8,8,9,9,10,10,11,11,10,10,11,12,12,12,12,12,13,12,14,14,15,15,15,15,15,15,15,15,15,15,15,15,15,15,15,15,15,15,15,15,15,15,17,17,21,21,21,21,21,22,22,22,23,23,23,24,24,24,24,24,24
84017013,US,USA,840,17013.0,Calhoun,Illinois,US,39.16840183,-90.66330078,"Calhoun, Illinois, US",0,0,0,0,0,0,0,0,0,0,0,0,0,0,0,0,0,0,0,0,0,0,0,0,0,0,0,0,0,0,0,0,0,0,0,0,0,0,0,0,0,0,0,0,0,0,0,0,0,0,0,0,0,0,0,0,0,0,0,0,0,0,0,0,0,0,0,0,0,0,0,0,0,0,1,1,1,1,1,1,1,1,1,1,1,1,1,1,1,1,1,1,1,1,1,1,1,1,1,1,1,1,1,1,1,1,1,1,1,1,1,1,1,1,1,1,1,1,1,1,1,1,1,1,1,1,1,1,1,1,1,1,1,1,1,1,1,1,1,1,1,1,1,1,1,1,1,1,1,1,1,1
84017015,US,USA,840,17015.0,Carroll,Illinois,US,42.06823429,-89.93395545,"Carroll, Illinois, US",0,0,0,0,0,0,0,0,0,0,0,0,0,0,0,0,0,0,0,0,0,0,0,0,0,0,0,0,0,0,0,0,0,0,0,0,0,0,0,0,0,0,0,0,0,0,0,0,0,0,0,0,0,0,0,0,0,0,0,0,0,0,0,0,0,0,1,1,1,2,3,4,4,4,4,4,5,5,5,5,5,5,5,5,5,5,5,6,6,6,7,7,7,7,9,9,9,9,9,9,9,9,10,10,10,10,10,10,10,11,11,12,12,12,12,13,14,14,14,13,13,13,13,13,13,13,14,14,14,16,15,15,15,15,15,17,17,17,18,19,19,18,18,19,19,20,20,20,18,18,18,19
84017017,US,USA,840,17017.0,Cass,Illinois,US,39.96991073,-90.24734436,"Cass, Illinois, US",0,0,0,0,0,0,0,0,0,0,0,0,0,0,0,0,0,0,0,0,0,0,0,0,0,0,0,0,0,0,0,0,0,0,0,0,0,0,0,0,0,0,0,0,0,0,0,0,0,0,0,0,0,0,0,0,0,0,0,0,0,0,0,0,0,0,0,0,0,0,0,0,0,0,0,0,0,0,0,0,0,0,0,0,0,0,0,0,0,0,6,7,8,17,21,27,25,27,29,33,34,40,40,40,42,48,50,52,56,56,56,64,62,66,67,63,64,64,66,67,68,67,67,67,67,67,68,69,71,73,73,73,74,74,74,76,73,73,74,74,74,75,77,75,76,76,76,78,79,100,99,100
84017019,US,USA,840,17019.0,Champaign,Illinois,US,40.13919438,-88.20046615,"Champaign, Illinois, US",0,0,0,0,0,0,0,0,0,0,0,0,0,0,0,0,0,0,0,0,0,0,0,0,0,0,0,0,0,0,0,0,0,0,0,0,0,0,0,0,0,0,0,0,0,0,0,0,0,0,0,0,0,0,1,1,1,1,1,3,2,3,4,4,10,10,11,21,23,26,33,43,51,55,55,62,65,69,72,79,85,86,87,88,90,90,92,93,95,95,97,97,99,102,102,105,107,114,120,130,143,156,177,182,212,212,229,247,256,263,279,303,318,324,344,366,401,418,435,472,496,515,537,556,564,569,580,595,617,627,640,645,652,661,671,677,679,685,691,695,700,704,724,724,737,736,740,754,761,765,770,775
84017021,US,USA,840,17021.0,Christian,Illinois,US,39.54581621,-89.27780482,"Christian, Illinois, US",0,0,0,0,0,0,0,0,0,0,0,0,0,0,0,0,0,0,0,0,0,0,0,0,0,0,0,0,0,0,0,0,0,0,0,0,0,0,0,0,0,0,0,0,0,0,0,0,0,0,0,0,0,0,0,0,0,0,0,1,1,1,1,1,1,1,1,6,12,13,14,15,17,17,20,22,23,23,23,23,24,24,24,24,24,24,24,25,25,27,26,26,26,27,28,28,28,28,30,30,29,28,28,28,28,28,27,29,29,29,29,30,30,30,30,30,31,32,32,32,32,32,33,33,33,33,33,33,33,35,35,35,35,35,35,35,35,35,35,35,35,35,35,35,37,39,39,39,42,42,42,42
84017023,US,USA,840,17023.0,Clark,Illinois,US,39.33425789,-87.78705622,"Clark, Illinois, US",0,0,0,0,0,0,0,0,0,0,0,0,0,0,0,0,0,0,0,0,0,0,0,0,0,0,0,0,0,0,0,0,0,0,0,0,0,0,0,0,0,0,0,0,0,0,0,0,0,0,0,0,0,0,0,0,0,0,0,0,0,0,0,0,0,0,0,0,1,1,1,2,2,2,2,2,4,3,3,3,3,3,4,4,4,4,4,4,4,4,4,4,4,4,4,4,4,5,5,5,5,6,5,5,5,5,5,5,7,8,8,8,8,9,9,9,9,9,9,9,9,10,10,10,10,10,10,11,11,11,11,11,11,11,11,11,11,11,12,12,12,12,12,12,13,13,13,13,13,13,13,13
84017025,US,USA,840,17025.0,Clay,Illinois,US,38.75388572,-88.48914513,"Clay, Illinois, US",0,0,0,0,0,0,0,0,0,0,0,0,0,0,0,0,0,0,0,0,0,0,0,0,0,0,0,0,0,0,0,0,0,0,0,0,0,0,0,0,0,0,0,0,0,0,0,0,0,0,0,0,0,0,0,0,0,0,0,0,0,0,0,0,0,0,0,0,0,0,0,0,0,0,0,0,0,0,0,0,0,0,0,1,1,1,1,1,1,1,1,2,2,2,2,2,2,2,2,2,2,2,2,2,2,2,2,2,2,2,2,2,2,2,2,2,2,2,3,2,2,2,2,2,2,2,2,2,2,2,2,2,2,2,2,2,2,2,2,2,2,2,2,2,2,2,2,2,3,2,2,2
84017027,US,USA,840,17027.0,Clinton,Illinois,US,38.60704876,-89.42385254,"Clinton, Illinois, US",0,0,0,0,0,0,0,0,0,0,0,0,0,0,0,0,0,0,0,0,0,0,0,0,0,0,0,0,0,0,0,0,0,0,0,0,0,0,0,0,0,0,0,0,0,0,0,0,0,0,0,0,0,0,0,2,3,3,3,3,3,3,3,4,4,5,5,6,6,7,8,8,8,10,10,11,11,13,31,32,37,37,39,38,39,39,42,44,45,45,46,49,51,73,82,84,85,90,101,106,110,110,112,114,115,116,122,125,126,126,127,128,142,155,159,162,161,161,165,167,169,173,176,176,177,178,178,180,181,186,186,186,188,188,189,190,193,193,193,196,197,198,203,207,209,213,214,216,220,220,223,224
84017029,US,USA,840,17029.0,Coles,Illinois,US,39.51949084,-88.22358557,"Coles, Illinois, US",0,0,0,0,0,0,0,0,0,0,0,0,0,0,0,0,0,0,0,0,0,0,0,0,0,0,0,0,0,0,0,0,0,0,0,0,0,0,0,0,0,0,0,0,0,0,0,0,0,0,0,0,1,1,0,0,0,0,0,0,0,0,0,0,0,0,0,0,0,0,0,0,0,0,0,0,1,2,2,2,5,6,6,8,9,9,9,14,16,16,17,18,18,22,22,22,22,22,22,22,22,22,22,22,22,22,22,22,23,24,41,58,62,62,67,73,81,85,85,88,94,95,98,115,116,115,119,123,125,126,127,127,127,128,129,138,138,139,139,140,142,142,142,142,142,143,143,145,146,146,146,151
84017031,US,USA,840,17031.0,Cook,Illinois,US,41.84144849,-87.81658794,"Cook, Illinois, US",0,0,1,1,1,1,1,1,1,2,2,2,2,2,2,2,2,2,2,2,2,2,2,2,2,2,2,2,2,2,2,2,2,2,2,2,2,2,2,3,4,4,4,5,5,6,7,7,11,22,27,40,50,50,62,107,178,278,278,548,805,922,1194,1418,1418,2239,2613,3445,3727,4496,5152,5575,6111,7439,8034,8728,9509,10520,11415,12472,13417,14585,15474,16323,17306,18087,19391,20395,21272,22101,23181,24546,25811,27616,29058,30574,31953,33449,34880,36513,38668,40227,42324,43715,45223,46689,48341,50236,51674,52655,53381,55470,56406,58457,59905,61212,62218,63690,64691,66213,67551,68949,70417,72010,73097,73819,74521,75306,76266,77119,77925,78495,79673,80204,80713,81344,81924,82427,82819,83271,83585,83978,84249,84581,84906,85184,85538,85858,86179,86551,86885,87177
84017033,US,USA,840,17033.0,Crawford,Illinois,US,39.0032229,-87.75954624,"Crawford, Illinois, US",0,0,0,0,0,0,0,0,0,0,0,0,0,0,0,0,0,0,0,0,0,0,0,0,0,0,0,0,0,0,0,0,0,0,0,0,0,0,0,0,0,0,0,0,0,0,0,0,0,0,0,0,0,0,0,0,0,0,0,0,0,0,0,0,0,0,0,0,1,1,1,1,1,2,3,5,4,4,4,4,4,4,4,4,4,4,4,5,4,4,7,8,10,10,10,10,10,10,10,10,10,10,10,8,8,10,10,10,10,10,10,11,11,11,11,11,11,11,11,11,11,11,11,11,11,11,11,11,11,11,11,11,12,12,11,11,11,11,11,11,11,11,13,17,17,17,17,17,17,17,17,18
84017035,US,USA,840,17035.0,Cumberland,Illinois,US,39.27432424,-88.2401158,"Cumberland, Illinois, US",0,0,0,0,0,0,0,0,0,0,0,0,0,0,0,0,0,0,0,0,0,0,0,0,0,0,0,0,0,0,0,0,0,0,0,0,0,0,0,0,0,0,0,0,0,0,0,0,0,0,0,0,1,1,1,1,1,1,1,1,1,1,1,1,1,1,1,1,1,1,1,1,1,1,1,1,1,1,2,2,2,2,2,2,2,2,2,2,2,2,2,2,2,2,3,3,3,3,3,3,3,3,3,4,4,4,4,4,4,4,4,6,7,8,8,8,8,9,9,10,10,10,10,10,10,10,10,10,10,10,10,10,10,10,10,10,10,10,10,10,10,10,10,10,10,10,10,10,10,10,10,10
84017037,US,USA,840,17037.0,DeKalb,Illinois,US,41.89373302,-88.76958483,"DeKalb, Illinois, US",0,0,0,0,0,0,0,0,0,0,0,0,0,0,0,0,0,0,0,0,0,0,0,0,0,0,0,0,0,0,0,0,0,0,0,0,0,0,0,0,0,0,0,0,0,0,0,0,0,0,0,0,0,0,0,0,0,0,0,1,1,1,1,1,1,4,4,8,4,9,14,16,16,19,22,22,26,32,32,32,33,34,34,35,37,39,46,54,55,55,56,56,56,68,71,71,76,82,90,95,105,114,125,130,132,141,149,160,170,177,183,203,211,217,229,239,251,262,268,276,287,299,309,319,325,331,334,370,392,399,416,418,422,435,443,450,451,457,456,457,460,466,471,472,484,490,490,499,505,513,517,523
84017039,US,USA,840,17039.0,De Witt,Illinois,US,40.17514519,-88.90959682,"De Witt, Illinois, US",0,0,0,0,0,0,0,0,0,0,0,0,0,0,0,0,0,0,0,0,0,0,0,0,0,0,0,0,0,0,0,0,0,0,0,0,0,0,0,0,0,0,0,0,0,0,0,0,0,0,0,0,0,0,0,0,0,0,0,0,0,0,0,0,0,0,0,0,0,0,0,0,1,1,2,3,2,2,1,1,1,1,1,1,1,1,1,1,1,1,1,1,1,1,1,1,1,2,3,3,3,3,3,3,3,3,3,3,3,3,3,3,3,4,4,4,4,4,4,4,4,4,4,4,4,4,4,4,4,4,4,4,4,4,4,4,4,4,4,4,4,4,4,4,4,4,4,4,4,4,4,4
84017041,US,USA,840,17041.0,Douglas,Illinois,US,39.76768052,-88.21854195,"Douglas, Illinois, US",0,0,0,0,0,0,0,0,0,0,0,0,0,0,0,0,0,0,0,0,0,0,0,0,0,0,0,0,0,0,0,0,0,0,0,0,0,0,0,0,0,0,0,0,0,0,0,0,0,0,0,0,0,0,0,0,0,0,0,0,0,0,0,1,1,1,1,1,1,3,8,8,9,9,9,10,10,10,11,11,11,11,11,11,11,12,12,12,12,12,12,12,12,12,12,13,14,14,14,14,16,19,20,20,20,20,20,20,20,20,20,20,22,22,22,23,23,26,26,26,26,27,27,28,27,28,26,26,26,27,28,28,28,28,28,28,28,28,29,29,30,30,33,35,38,38,38,39,40,42,42,42
84017043,US,USA,840,17043.0,DuPage,Illinois,US,41.85116968,-88.08642662,"DuPage, Illinois, US",0,0,0,0,0,0,0,0,0,0,0,0,0,0,0,0,0,0,0,0,0,0,0,0,0,0,0,0,0,0,0,0,0,0,0,0,0,0,0,0,0,0,0,0,0,0,0,0,0,0,0,0,1,1,1,26,45,54,54,65,79,95,103,131,131,199,202,274,320,356,392,448,500,590,656,715,795,875,943,1008,1048,1162,1223,1312,1386,1463,1560,1642,1695,1761,1864,1947,2047,2219,2311,2443,2628,2736,2870,3081,3256,3432,3611,3803,3918,4056,4213,4374,4493,4603,4745,5121,5244,5453,5634,5780,5904,6076,6171,6308,6471,6744,6891,7060,7207,7290,7350,7460,7543,7620,7707,7765,7818,7891,7939,7997,8046,8111,8157,8215,8255,8311,8355,8389,8434,8465,8495,8546,8574,8609,8646,8682
84017045,US,USA,840,17045.0,Edgar,Illinois,US,39.6809186,-87.74759563,"Edgar, Illinois, US",0,0,0,0,0,0,0,0,0,0,0,0,0,0,0,0,0,0,0,0,0,0,0,0,0,0,0,0,0,0,0,0,0,0,0,0,0,0,0,0,0,0,0,0,0,0,0,0,0,0,0,0,0,0,0,0,0,0,0,0,0,0,0,0,0,0,0,0,0,0,0,0,0,0,0,0,0,0,0,0,0,0,0,0,0,0,0,0,0,0,0,0,0,0,0,0,0,0,0,0,0,0,0,0,0,0,0,0,0,0,0,0,0,0,1,0,0,0,0,0,0,0,0,0,0,0,0,0,1,1,1,1,1,1,1,1,1,1,1,1,1,1,1,1,1,2,2,2,3,6,6,6
84017047,US,USA,840,17047.0,Edwards,Illinois,US,38.41353228,-88.05720863,"Edwards, Illinois, US",0,0,0,0,0,0,0,0,0,0,0,0,0,0,0,0,0,0,0,0,0,0,0,0,0,0,0,0,0,0,0,0,0,0,0,0,0,0,0,0,0,0,0,0,0,0,0,0,0,0,0,0,0,0,0,0,0,0,0,0,0,0,0,0,0,0,0,0,0,0,0,0,0,0,0,0,0,0,0,0,0,0,0,0,0,0,0,0,0,0,0,0,0,0,0,0,0,0,0,0,0,0,0,0,0,0,0,0,0,0,0,0,2,2,2,2,2,2,2,2,2,2,2,2,2,2,2,2,2,2,2,2,2,2,2,2,2,2,2,2,2,2,2,2,2,2,2,2,2,2,2,2
84017049,US,USA,840,17049.0,Effingham,Illinois,US,39.05935711,-88.58969584,"Effingham, Illinois, US",0,0,0,0,0,0,0,0,0,0,0,0,0,0,0,0,0,0,0,0,0,0,0,0,0,0,0,0,0,0,0,0,0,0,0,0,0,0,0,0,0,0,0,0,0,0,0,0,0,0,0,0,0,0,0,0,0,0,0,0,0,0,0,0,0,0,0,0,0,0,0,0,1,1,1,1,1,2,3,3,3,3,3,3,3,4,4,4,4,4,5,5,5,5,5,5,5,5,6,5,5,6,6,5,5,5,5,5,6,6,6,6,6,6,6,6,6,6,6,6,6,6,6,6,6,6,6,6,7,7,7,7,7,7,7,8,8,8,8,8,8,8,8,8,8,8,9,9,12,12,12,12
84017051,US,USA,840,17051.0,Fayette,Illinois,US,39.00072038,-89.02452658,"Fayette, Illinois, US",0,0,0,0,0,0,0,0,0,0,0,0,0,0,0,0,0,0,0,0,0,0,0,0,0,0,0,0,0,0,0,0,0,0,0,0,0,0,0,0,0,0,0,0,0,0,0,0,0,0,0,0,0,0,0,0,0,0,0,0,0,0,0,0,0,0,1,1,1,1,2,2,2,2,2,3,3,4,7,7,9,11,11,12,12,12,12,13,15,15,15,15,15,16,16,16,16,16,16,16,16,16,16,16,16,16,17,17,17,17,17,17,17,17,19,19,19,19,19,19,19,19,20,20,20,20,20,20,20,20,21,21,21,21,21,21,21,21,21,21,22,22,22,22,22,22,22,23,23,23,23,23
84017053,US,USA,840,17053.0,Ford,Illinois,US,40.59706922,-88.22350769,"Ford, Illinois, US",0,0,0,0,0,0,0,0,0,0,0,0,0,0,0,0,0,0,0,0,0,0,0,0,0,0,0,0,0,0,0,0,0,0,0,0,0,0,0,0,0,0,0,0,0,0,0,0,0,0,0,0,0,0,0,0,0,0,0,0,0,0,0,0,0,0,0,0,0,1,1,1,1,1,1,1,5,3,3,4,4,4,4,4,4,4,4,5,5,6,6,6,8,7,8,8,8,8,10,9,9,9,9,9,11,11,12,12,13,14,14,14,14,15,16,17,17,18,18,18,18,19,19,20,20,20,20,20,20,20,20,20,20,20,20,21,21,21,21,21,22,22,21,22,22,22,22,22,22,22,22,22
84017055,US,USA,840,17055.0,Franklin,Illinois,US,37.99189086,-88.92567818,"Franklin, Illinois, US",0,0,0,0,0,0,0,0,0,0,0,0,0,0,0,0,0,0,0,0,0,0,0,0,0,0,0,0,0,0,0,0,0,0,0,0,0,0,0,0,0,0,0,0,0,0,0,0,0,0,0,0,0,0,0,0,0,0,0,0,0,0,0,0,0,1,1,2,1,1,1,1,1,1,1,2,2,2,2,3,3,4,4,4,4,4,5,5,5,5,6,8,8,8,8,8,8,8,8,8,8,9,10,9,10,10,10,10,10,10,10,10,12,11,11,11,11,11,11,11,11,11,11,12,12,12,12,12,12,12,12,12,12,12,12,12,12,12,12,12,12,12,12,12,12,12,12,12,12,12,12,12
84017057,US,USA,840,17057.0,Fulton,Illinois,US,40.47289135,-90.20862357,"Fulton, Illinois, US",0,0,0,0,0,0,0,0,0,0,0,0,0,0,0,0,0,0,0,0,0,0,0,0,0,0,0,0,0,0,0,0,0,0,0,0,0,0,0,0,0,0,0,0,0,0,0,0,0,0,0,0,0,0,0,0,0,0,0,0,0,0,0,0,0,0,0,0,0,0,0,0,0,0,0,0,0,0,0,2,1,1,1,1,1,1,1,1,1,1,1,1,1,3,2,3,3,3,3,3,3,3,3,4,3,3,3,3,3,3,3,3,4,6,6,7,8,8,10,10,10,10,10,11,11,11,11,11,11,11,11,11,12,12,12,12,12,12,12,12,12,12,12,12,12,12,12,11,12,12,12,12
84017059,US,USA,840,17059.0,Gallatin,Illinois,US,37.76430935,-88.22953869,"Gallatin, Illinois, US",0,0,0,0,0,0,0,0,0,0,0,0,0,0,0,0,0,0,0,0,0,0,0,0,0,0,0,0,0,0,0,0,0,0,0,0,0,0,0,0,0,0,0,0,0,0,0,0,0,0,0,0,0,0,0,0,0,0,0,0,0,0,0,0,0,0,0,0,0,0,0,0,0,0,1,1,1,1,1,1,1,1,1,2,2,2,2,2,2,2,2,2,2,2,2,2,2,2,2,2,2,2,2,2,2,2,2,2,2,2,2,2,2,2,2,2,2,2,2,2,2,2,2,2,2,2,2,2,2,2,2,2,2,2,2,2,2,2,2,2,2,2,2,2,2,2,2,2,2,2,2,2
84017061,US,USA,840,17061.0,Greene,Illinois,US,39.35907414,-90.388865,"Greene, Illinois, US",0,0,0,0,0,0,0,0,0,0,0,0,0,0,0,0,0,0,0,0,0,0,0,0,0,0,0,0,0,0,0,0,0,0,0,0,0,0,0,0,0,0,0,0,0,0,0,0,0,0,0,0,0,0,0,0,0,0,0,0,0,0,0,0,0,0,0,0,0,0,0,0,0,0,0,0,0,0,0,2,1,1,1,1,1,1,1,1,1,1,1,2,2,2,2,2,2,3,3,3,3,3,3,3,3,3,3,4,4,4,4,4,4,4,4,4,4,4,4,5,5,5,5,5,5,5,5,5,5,5,5,5,5,6,6,6,6,6,6,7,7,7,7,7,7,7,8,8,8,8,8,8
84017063,US,USA,840,17063.0,Grundy,Illinois,US,41.28569601,-88.41905692,"Grundy, Illinois, US",0,0,0,0,0,0,0,0,0,0,0,0,0,0,0,0,0,0,0,0,0,0,0,0,0,0,0,0,0,0,0,0,0,0,0,0,0,0,0,0,0,0,0,0,0,0,0,0,0,0,0,0,0,0,0,0,0,0,0,0,0,0,1,1,1,2,2,3,3,4,4,5,7,9,9,9,10,12,13,15,17,21,21,24,24,24,24,26,26,26,26,26,26,28,28,30,30,30,32,35,37,41,43,46,47,48,50,55,58,58,60,61,62,65,73,73,74,75,80,83,82,84,87,89,89,89,88,95,95,98,98,99,101,104,107,111,113,114,124,124,125,126,128,129,129,129,129,133,139,140,141,142
84017065,US,USA,840,17065.0,Hamilton,Illinois,US,38.08163641,-88.53883373,"Hamilton, Illinois, US",0,0,0,0,0,0,0,0,0,0,0,0,0,0,0,0,0,0,0,0,0,0,0,0,0,0,0,0,0,0,0,0,0,0,0,0,0,0,0,0,0,0,0,0,0,0,0,0,0,0,0,0,0,0,0,0,0,0,0,0,0,0,0,0,0,0,0,0,0,0,0,0,0,0,0,0,0,0,0,0,0,0,0,0,0,0,0,1,1,1,2,2,2,2,2,2,2,2,2,2,2,2,2,2,2,2,2,2,2,2,3,2,2,2,2,2,2,2,2,2,2,2,2,2,2,2,2,2,2,2,2,2,2,2,2,2,2,2,2,2,2,2,2,2,2,2,2,2,2,2,2,2
84017067,US,USA,840,17067.0,Hancock,Illinois,US,40.40423981,-91.16313899,"Hancock, Illinois, US",0,0,0,0,0,0,0,0,0,0,0,0,0,0,0,0,0,0,0,0,0,0,0,0,0,0,0,0,0,0,0,0,0,0,0,0,0,0,0,0,0,0,0,0,0,0,0,0,0,0,0,0,0,0,0,0,0,0,0,0,0,0,0,0,0,0,0,0,0,0,0,0,0,0,0,0,0,1,1,1,1,1,1,1,3,3,3,3,3,3,4,4,4,4,4,4,5,5,5,6,6,8,8,9,9,10,10,11,11,12,12,12,12,12,12,12,12,13,12,12,13,13,13,13,13,15,15,16,16,17,17,17,17,17,17,17,17,17,18,18,18,18,18,18,18,18,18,18,18,18,18,18
84017069,US,USA,840,17069.0,Hardin,Illinois,US,37.51810645,-88.26873022,"Hardin, Illinois, US",0,0,0,0,0,0,0,0,0,0,0,0,0,0,0,0,0,0,0,0,0,0,0,0,0,0,0,0,0,0,0,0,0,0,0,0,0,0,0,0,0,0,0,0,0,0,0,0,0,0,0,0,0,0,0,0,0,0,0,0,0,0,0,0,0,0,0,0,0,0,0,0,0,0,0,0,0,0,0,0,0,0,0,0,0,0,0,0,0,0,0,1,1,1,1,1,1,1,1,1,1,1,1,1,1,1,1,1,1,1,1,1,1,1,1,1,1,1,1,1,1,1,1,1,1,1,1,1,1,1,1,1,1,1,1,1,1,1,1,1,1,1,1,1,1,1,1,1,1,1,1,1
84017071,US,USA,840,17071.0,Henderson,Illinois,US,40.81908672,-90.92491462,"Henderson, Illinois, US",0,0,0,0,0,0,0,0,0,0,0,0,0,0,0,0,0,0,0,0,0,0,0,0,0,0,0,0,0,0,0,0,0,0,0,0,0,0,0,0,0,0,0,0,0,0,0,0,0,0,0,0,0,0,0,0,0,0,0,0,0,0,0,0,0,0,0,0,0,0,0,0,0,0,0,0,0,0,0,0,0,0,0,0,0,0,1,2,2,2,2,2,3,4,4,4,4,4,4,4,5,5,5,4,4,5,5,6,6,6,6,7,7,7,7,8,8,8,8,8,8,8,8,8,8,8,8,8,8,8,8,8,8,8,8,8,8,8,8,8,8,8,8,8,8,8,8,8,8,8,8,8
84017073,US,USA,840,17073.0,Henry,Illinois,US,41.3533994,-90.13296166,"Henry, Illinois, US",0,0,0,0,0,0,0,0,0,0,0,0,0,0,0,0,0,0,0,0,0,0,0,0,0,0,0,0,0,0,0,0,0,0,0,0,0,0,0,0,0,0,0,0,0,0,0,0,0,0,0,0,0,0,0,0,0,0,0,0,0,0,0,0,0,1,2,2,2,2,3,4,7,7,8,10,13,16,18,21,22,22,23,23,25,25,28,30,30,30,31,32,33,36,36,36,36,38,39,45,49,50,50,53,53,54,55,59,58,58,58,60,61,62,64,64,64,65,65,64,65,65,66,66,67,67,67,67,68,69,69,69,69,70,70,70,70,70,71,71,71,72,72,72,72,72,72,71,72,73,74,74
84017075,US,USA,840,17075.0,Iroquois,Illinois,US,40.74717633,-87.82466784,"Iroquois, Illinois, US",0,0,0,0,0,0,0,0,0,0,0,0,0,0,0,0,0,0,0,0,0,0,0,0,0,0,0,0,0,0,0,0,0,0,0,0,0,0,0,0,0,0,0,0,0,0,0,0,0,0,0,0,0,0,0,0,0,0,0,0,0,0,0,0,0,1,1,2,1,2,2,2,4,4,5,6,7,7,7,7,8,9,9,9,11,11,12,12,13,13,14,14,14,15,16,18,18,20,25,27,31,37,38,42,47,62,77,84,89,96,98,99,101,107,111,114,117,118,119,119,120,124,128,130,130,131,131,131,131,131,132,132,132,133,133,135,135,135,136,137,136,136,136,137,137,138,139,142,142,143,143,143
84017077,US,USA,840,17077.0,Jackson,Illinois,US,37.78595185,-89.38232563,"Jackson, Illinois, US",0,0,0,0,0,0,0,0,0,0,0,0,0,0,0,0,0,0,0,0,0,0,0,0,0,0,0,0,0,0,0,0,0,0,0,0,0,0,0,0,0,0,0,0,0,0,0,0,0,0,0,0,0,0,0,0,0,1,1,1,1,1,1,1,1,1,2,3,3,4,4,6,8,10,12,14,20,22,26,27,30,31,36,36,39,39,40,42,42,44,48,50,53,56,56,67,68,75,82,107,120,125,139,140,146,154,157,161,162,167,166,167,171,175,177,181,181,181,186,187,192,197,207,219,228,228,242,256,268,282,286,289,289,293,296,300,300,301,301,304,307,307,311,313,315,317,320,321,321,321,322,323
84017079,US,USA,840,17079.0,Jasper,Illinois,US,39.01054275,-88.15437049,"Jasper, Illinois, US",0,0,0,0,0,0,0,0,0,0,0,0,0,0,0,0,0,0,0,0,0,0,0,0,0,0,0,0,0,0,0,0,0,0,0,0,0,0,0,0,0,0,0,0,0,0,0,0,0,0,0,0,0,0,0,0,0,0,0,0,0,0,0,0,0,0,0,0,0,0,0,0,0,2,3,4,3,3,3,3,3,3,3,3,3,3,4,7,20,20,36,36,40,41,42,42,42,44,44,44,44,45,45,48,48,46,46,46,46,46,46,46,45,45,45,46,45,45,45,45,45,45,45,45,45,45,45,45,45,45,45,45,46,46,46,46,46,46,46,46,46,46,46,46,46,46,46,46,46,46,46,46
84017081,US,USA,840,17081.0,Jefferson,Illinois,US,38.29980057,-88.9240025,"Jefferson, Illinois, US",0,0,0,0,0,0,0,0,0,0,0,0,0,0,0,0,0,0,0,0,0,0,0,0,0,0,0,0,0,0,0,0,0,0,0,0,0,0,0,0,0,0,0,0,0,0,0,0,0,0,0,0,0,0,0,0,0,0,0,0,0,0,0,0,0,0,0,0,0,0,0,0,0,0,2,1,3,3,2,5,6,7,8,8,9,10,11,12,31,32,34,75,77,80,80,83,83,81,81,83,85,84,86,87,86,86,88,89,94,97,94,95,97,98,98,98,98,99,100,100,99,99,100,101,101,101,101,101,101,101,101,101,101,101,101,101,101,101,101,101,101,101,103,103,104,104,104,104,104,104,104,104
84017083,US,USA,840,17083.0,Jersey,Illinois,US,39.08869046,-90.35393073,"Jersey, Illinois, US",0,0,0,0,0,0,0,0,0,0,0,0,0,0,0,0,0,0,0,0,0,0,0,0,0,0,0,0,0,0,0,0,0,0,0,0,0,0,0,0,0,0,0,0,0,0,0,0,0,0,0,0,0,0,0,0,0,0,0,0,0,0,0,0,0,0,0,0,0,0,0,0,1,1,2,3,4,5,5,6,6,6,6,6,8,8,8,8,8,8,10,10,11,12,12,12,12,12,12,12,12,13,13,14,14,15,16,16,16,17,17,17,17,18,18,18,18,19,19,20,20,20,20,20,20,20,20,20,20,20,24,24,24,24,24,24,24,26,25,26,27,28,28,28,28,28,29,29,29,29,29,31
84017085,US,USA,840,17085.0,Jo Daviess,Illinois,US,42.36542373,-90.21094405,"Jo Daviess, Illinois, US",0,0,0,0,0,0,0,0,0,0,0,0,0,0,0,0,0,0,0,0,0,0,0,0,0,0,0,0,0,0,0,0,0,0,0,0,0,0,0,0,0,0,0,0,0,0,0,0,0,0,0,0,0,0,0,0,0,0,0,0,1,1,1,1,1,1,1,1,1,1,3,3,4,4,5,6,6,8,9,10,10,11,11,11,11,11,11,12,12,12,12,11,11,11,11,11,11,11,12,13,13,13,13,14,14,14,14,16,18,18,18,18,19,18,18,18,18,19,21,22,23,24,26,26,27,27,31,32,32,32,32,32,32,32,32,32,33,33,34,33,33,34,34,34,34,34,35,35,35,35,38,38
84017087,US,USA,840,17087.0,Johnson,Illinois,US,37.45939802,-88.88165419,"Johnson, Illinois, US",0,0,0,0,0,0,0,0,0,0,0,0,0,0,0,0,0,0,0,0,0,0,0,0,0,0,0,0,0,0,0,0,0,0,0,0,0,0,0,0,0,0,0,0,0,0,0,0,0,0,0,0,0,0,0,0,0,0,0,0,0,0,0,0,0,0,0,0,0,0,0,0,0,0,0,0,0,0,0,0,0,0,1,1,2,2,2,2,2,2,2,3,3,3,3,4,4,4,4,4,4,4,4,4,4,4,4,4,4,4,4,4,6,6,7,7,7,7,7,7,7,7,7,7,7,7,7,7,7,8,8,9,9,10,11,11,12,12,12,13,13,14,14,19,19,19,19,20,20,20,20,20
84017089,US,USA,840,17089.0,Kane,Illinois,US,41.93842729,-88.42861412,"Kane, Illinois, US",0,0,0,0,0,0,0,0,0,0,0,0,0,0,0,0,0,0,0,0,0,0,0,0,0,0,0,0,0,0,0,0,0,0,0,0,0,0,0,0,0,0,0,0,0,0,0,0,1,1,2,2,3,3,4,3,4,6,6,8,13,18,24,38,38,75,90,100,113,128,142,154,176,207,220,234,255,296,318,339,376,403,421,448,463,490,538,582,605,638,684,764,863,962,1049,1109,1185,1308,1412,1526,1677,1803,1935,2115,2206,2331,2498,2668,2818,3003,3126,3592,3744,3995,4159,4263,4396,4584,4682,4813,4981,5327,5484,5645,5761,5866,5947,6083,6188,6259,6338,6404,6467,6518,6581,6672,6734,6787,6850,6897,6948,6992,7030,7055,7096,7128,7167,7202,7233,7274,7331,7399
84017091,US,USA,840,17091.0,Kankakee,Illinois,US,41.13746989,-87.86205334,"Kankakee, Illinois, US",0,0,0,0,0,0,0,0,0,0,0,0,0,0,0,0,0,0,0,0,0,0,0,0,0,0,0,0,0,0,0,0,0,0,0,0,0,0,0,0,0,0,0,0,0,0,0,0,0,0,0,0,0,0,0,0,0,1,1,2,2,3,4,6,6,17,27,33,33,42,51,55,58,68,76,85,107,145,156,167,185,204,210,220,226,252,260,272,275,278,278,285,289,297,299,304,309,313,326,338,350,358,358,383,393,416,428,458,479,540,557,583,607,623,647,657,669,673,693,703,709,753,783,791,799,802,808,836,871,900,910,915,930,959,975,989,999,1001,1004,1019,1047,1051,1059,1071,1073,1071,1096,1109,1121,1130,1143,1145
84017093,US,USA,840,17093.0,Kendall,Illinois,US,41.59081014,-88.42869583,"Kendall, Illinois, US",0,0,0,0,0,0,0,0,0,0,0,0,0,0,0,0,0,0,0,0,0,0,0,0,0,0,0,0,0,0,0,0,0,0,0,0,0,0,0,0,0,0,0,0,0,0,0,0,0,0,0,0,0,0,0,0,2,1,1,2,4,4,4,6,6,8,11,15,18,19,27,36,37,47,49,55,61,79,86,92,103,105,114,114,116,119,123,135,135,138,146,157,171,191,203,208,218,235,255,266,281,291,305,326,334,346,363,373,388,421,431,477,496,518,531,543,563,579,592,610,627,673,689,709,714,727,736,751,769,778,798,804,819,825,833,839,845,846,850,853,863,867,869,873,882,881,891,897,899,903,905,912
84017095,US,USA,840,17095.0,Knox,Illinois,US,40.93148779,-90.21330340000002,"Knox, Illinois, US",0,0,0,0,0,0,0,0,0,0,0,0,0,0,0,0,0,0,0,0,0,0,0,0,0,0,0,0,0,0,0,0,0,0,0,0,0,0,0,0,0,0,0,0,0,0,0,0,0,0,0,0,0,0,0,0,0,0,0,0,0,0,0,0,0,0,0,1,1,1,1,1,1,1,1,1,1,1,1,1,2,2,2,2,2,2,3,5,9,10,11,16,21,24,31,36,36,36,41,46,47,51,51,56,56,61,63,69,71,73,75,77,79,79,84,86,87,89,89,90,90,93,94,94,94,95,94,96,97,98,100,101,101,101,102,102,103,104,105,105,106,107,111,111,113,113,113,113,115,115,117,117
84017097,US,USA,840,17097.0,Lake,Illinois,US,42.3224907,-88.00367925,"Lake, Illinois, US",0,0,0,0,0,0,0,0,0,0,0,0,0,0,0,0,0,0,0,0,0,0,0,0,0,0,0,0,0,0,0,0,0,0,0,0,0,0,0,0,0,0,0,0,0,0,0,0,0,1,1,2,3,3,4,7,18,37,37,63,69,96,111,139,139,230,241,300,343,389,477,540,608,683,742,815,923,1041,1124,1230,1331,1445,1516,1621,1711,1767,1914,2073,2162,2216,2287,2379,2540,2717,2879,2990,3080,3192,3382,3509,3766,3975,4161,4252,4370,4529,4762,4985,5199,5245,5323,5662,5758,5992,6157,6382,6489,6645,6709,6905,7128,7291,7465,7615,7723,7767,7845,7933,8063,8238,8331,8408,8450,8511,8584,8647,8690,8768,8808,8861,8886,8934,8980,9033,9076,9109,9133,9154,9207,9242,9279,9326
84017099,US,USA,840,17099.0,LaSalle,Illinois,US,41.34426129999999,-88.88633881,"LaSalle,Illinois,US",0,0,0,0,0,0,0,0,0,0,0,0,0,0,0,0,0,0,0,0,0,0,0,0,0,0,0,0,0,0,0,0,0,0,0,0,0,0,0,0,0,0,0,0,0,0,0,0,0,0,0,0,0,0,0,0,0,1,1,1,1,2,3,3,3,0,3,4,5,5,6,6,6,7,8,11,12,17,17,19,18,20,21,23,24,25,27,27,28,30,33,38,39,42,43,44,46,49,49,53,54,65,67,70,69,84,91,93,102,105,105,106,111,113,117,121,120,121,121,130,129,130,134,139,140,140,140,141,147,150,153,153,154,157,159,160,160,164,166,168,172,175,177,177,178,181,183,183,189,188,188,190
84017101,US,USA,840,17101.0,Lawrence,Illinois,US,38.71987914,-87.72884035,"Lawrence, Illinois, US",0,0,0,0,0,0,0,0,0,0,0,0,0,0,0,0,0,0,0,0,0,0,0,0,0,0,0,0,0,0,0,0,0,0,0,0,0,0,0,0,0,0,0,0,0,0,0,0,0,0,0,0,0,0,0,0,0,0,0,0,0,0,0,0,0,0,0,0,0,0,0,0,0,0,0,0,2,2,2,2,2,2,2,2,2,2,2,2,2,2,2,2,2,2,3,3,3,3,3,3,3,3,4,4,3,3,3,3,4,4,4,3,4,4,4,4,4,4,4,4,4,4,4,4,4,4,4,4,4,4,4,4,4,4,4,4,4,4,4,4,4,4,4,4,4,4,4,4,5,5,5,5
84017103,US,USA,840,17103.0,Lee,Illinois,US,41.74583951,-89.29977132,"Lee, Illinois, US",0,0,0,0,0,0,0,0,0,0,0,0,0,0,0,0,0,0,0,0,0,0,0,0,0,0,0,0,0,0,0,0,0,0,0,0,0,0,0,0,0,0,0,0,0,0,0,0,0,0,0,0,0,0,0,0,0,0,0,0,0,0,0,0,0,0,0,0,0,0,0,0,0,2,2,2,3,6,9,12,12,13,14,13,15,15,17,17,17,17,17,18,18,18,19,19,20,22,23,24,23,23,25,25,41,49,51,63,63,63,63,69,70,70,73,74,74,74,75,75,75,75,76,77,77,76,76,79,79,81,81,81,82,82,82,82,88,89,89,89,89,88,88,88,89,89,89,90,90,94,94,96
84017105,US,USA,840,17105.0,Livingston,Illinois,US,40.89188292,-88.55784752,"Livingston, Illinois, US",0,0,0,0,0,0,0,0,0,0,0,0,0,0,0,0,0,0,0,0,0,0,0,0,0,0,0,0,0,0,0,0,0,0,0,0,0,0,0,0,0,0,0,0,0,0,0,0,0,0,0,0,0,0,0,0,0,0,0,0,1,1,1,1,1,2,2,2,2,3,5,5,6,6,7,9,10,10,14,14,15,16,17,17,17,17,18,17,17,17,18,18,18,18,20,20,20,20,20,20,20,21,24,23,23,23,24,24,24,24,24,25,25,25,25,25,26,27,27,28,29,30,31,31,31,31,31,32,32,34,34,34,34,36,36,36,36,36,36,36,36,36,36,37,39,37,35,35,35,36,37,37
84017107,US,USA,840,17107.0,Logan,Illinois,US,40.12581572,-89.36638784,"Logan, Illinois, US",0,0,0,0,0,0,0,0,0,0,0,0,0,0,0,0,0,0,0,0,0,0,0,0,0,0,0,0,0,0,0,0,0,0,0,0,0,0,0,0,0,0,0,0,0,0,0,0,0,0,0,0,0,0,0,0,0,0,0,0,0,0,0,1,1,0,0,0,0,0,0,1,1,1,1,1,2,3,2,2,3,3,4,4,4,5,5,4,4,4,4,4,4,4,4,4,4,7,7,7,7,7,7,7,7,7,7,9,9,9,9,9,11,10,10,10,10,10,10,10,10,10,10,10,10,10,10,10,10,10,10,11,11,11,11,11,10,10,10,10,10,10,10,10,11,11,11,11,11,12,13,13
84017109,US,USA,840,17109.0,McDonough,Illinois,US,40.45674722,-90.67775541,"McDonough, Illinois, US",0,0,0,0,0,0,0,0,0,0,0,0,0,0,0,0,0,0,0,0,0,0,0,0,0,0,0,0,0,0,0,0,0,0,0,0,0,0,0,0,0,0,0,0,0,0,0,0,0,0,0,0,0,0,0,0,0,0,0,0,0,0,0,0,0,0,0,0,0,0,0,0,0,0,0,0,0,0,0,0,1,1,2,2,2,3,3,3,3,3,3,4,4,5,5,6,7,12,13,18,18,26,35,36,37,42,46,48,49,49,49,52,54,58,58,61,64,64,72,73,75,75,79,80,83,83,83,84,87,87,88,89,91,94,93,91,92,92,92,92,93,97,102,104,104,103,103,100,100,101,101,101
84017111,US,USA,840,17111.0,McHenry,Illinois,US,42.32451172,-88.45248227,"McHenry, Illinois, US",0,0,0,0,0,0,0,0,0,0,0,0,0,0,0,0,0,0,0,0,0,0,0,0,0,0,0,0,0,0,0,0,0,0,0,0,0,0,0,0,0,0,0,0,0,0,0,0,0,1,2,2,2,2,2,2,4,6,6,11,12,12,14,19,19,45,47,52,52,63,69,81,102,122,133,144,156,180,198,206,220,235,245,257,264,279,306,340,340,351,368,399,419,459,502,513,538,552,588,621,666,693,738,790,802,814,857,897,936,945,958,1026,1049,1083,1123,1156,1179,1209,1224,1255,1282,1323,1360,1399,1427,1452,1475,1488,1514,1539,1566,1585,1606,1628,1660,1677,1707,1724,1733,1752,1776,1788,1810,1829,1849,1856,1864,1872,1884,1891,1898,1911
84017113,US,USA,840,17113.0,McLean,Illinois,US,40.48996987,-88.84621113,"McLean, Illinois, US",0,0,0,0,0,0,0,0,0,0,0,0,0,0,0,0,0,0,0,0,0,0,0,0,0,0,0,0,0,0,0,0,0,0,0,0,0,0,0,0,0,0,0,0,0,0,0,0,0,0,0,0,0,0,0,0,0,0,1,6,6,7,7,7,8,10,10,14,17,19,18,32,35,40,46,46,57,65,69,75,75,77,79,81,82,82,83,83,85,86,86,86,87,87,88,88,92,94,94,95,97,99,99,103,103,108,110,112,115,117,121,126,127,130,132,158,170,186,189,191,195,195,202,204,211,212,215,216,217,218,220,220,221,224,224,226,226,226,228,230,231,235,238,241,241,241,243,246,246,246,247,251
84017115,US,USA,840,17115.0,Macon,Illinois,US,39.86064913,-88.96342505,"Macon, Illinois, US",0,0,0,0,0,0,0,0,0,0,0,0,0,0,0,0,0,0,0,0,0,0,0,0,0,0,0,0,0,0,0,0,0,0,0,0,0,0,0,0,0,0,0,0,0,0,0,0,0,0,0,0,0,0,0,0,0,0,0,0,0,0,0,0,0,0,1,2,2,2,2,2,2,5,6,9,12,13,15,14,23,35,42,45,44,47,47,55,54,55,60,93,96,99,100,102,103,103,105,106,109,119,122,124,126,129,133,138,140,144,146,149,151,154,159,163,165,169,170,176,182,184,187,187,188,188,189,192,195,194,193,194,194,195,199,200,202,202,203,203,204,206,206,207,209,209,212,213,214,216,218,218
84017117,US,USA,840,17117.0,Macoupin,Illinois,US,39.26119767,-89.92424028,"Macoupin, Illinois, US",0,0,0,0,0,0,0,0,0,0,0,0,0,0,0,0,0,0,0,0,0,0,0,0,0,0,0,0,0,0,0,0,0,0,0,0,0,0,0,0,0,0,0,0,0,0,0,0,0,0,0,0,0,0,0,0,0,0,0,0,0,0,0,0,0,0,0,0,0,0,0,1,1,4,5,7,8,10,12,14,14,16,16,16,17,18,18,21,21,21,22,24,24,25,28,28,30,30,30,30,31,32,32,34,36,39,39,38,38,38,39,39,39,41,41,41,41,41,42,41,40,41,41,41,41,42,43,44,45,45,45,45,46,46,46,46,46,46,46,46,46,46,46,46,45,45,45,45,46,47,47,47
84017119,US,USA,840,17119.0,Madison,Illinois,US,38.83042506,-89.90422563,"Madison, Illinois, US",0,0,0,0,0,0,0,0,0,0,0,0,0,0,0,0,0,0,0,0,0,0,0,0,0,0,0,0,0,0,0,0,0,0,0,0,0,0,0,0,0,0,0,0,0,0,0,0,0,0,0,0,0,0,0,0,1,1,1,2,2,2,2,3,3,8,10,12,13,16,25,29,31,47,48,52,63,82,89,101,103,110,115,128,135,151,157,169,180,184,190,226,235,268,280,305,306,318,324,333,335,337,365,365,369,374,396,401,414,427,435,445,449,461,464,481,490,493,499,502,506,516,523,533,539,540,544,545,565,572,580,594,595,600,612,624,634,639,642,647,660,681,683,707,720,733,740,750,771,785,800,813
84017121,US,USA,840,17121.0,Marion,Illinois,US,38.64963204,-88.91899208,"Marion, Illinois, US",0,0,0,0,0,0,0,0,0,0,0,0,0,0,0,0,0,0,0,0,0,0,0,0,0,0,0,0,0,0,0,0,0,0,0,0,0,0,0,0,0,0,0,0,0,0,0,0,0,0,0,0,0,0,0,0,0,0,0,0,0,0,0,0,0,0,0,0,2,2,2,2,3,3,3,3,3,4,10,12,13,13,13,14,17,17,17,19,20,20,25,24,25,26,26,26,26,28,29,33,34,34,34,35,36,38,40,41,43,44,47,47,47,47,47,48,48,48,49,49,50,50,50,50,50,50,50,50,50,50,50,50,50,51,51,52,55,55,55,55,55,55,55,55,55,55,55,55,55,57,57,60
84017123,US,USA,840,17123.0,Marshall,Illinois,US,41.0327901,-89.34510444,"Marshall, Illinois, US",0,0,0,0,0,0,0,0,0,0,0,0,0,0,0,0,0,0,0,0,0,0,0,0,0,0,0,0,0,0,0,0,0,0,0,0,0,0,0,0,0,0,0,0,0,0,0,0,0,0,0,0,0,0,0,0,0,0,0,0,0,0,0,1,1,1,1,1,1,1,1,1,1,1,1,1,1,1,1,1,1,1,1,2,2,2,2,3,4,4,4,4,4,4,4,4,4,4,4,4,4,4,4,4,4,4,4,4,4,4,4,4,4,4,5,5,5,5,5,5,5,5,5,5,5,5,5,5,5,5,5,5,5,5,5,5,5,5,5,5,5,5,5,5,5,5,5,5,5,6,6,6
84017125,US,USA,840,17125.0,Mason,Illinois,US,40.23917274,-89.91824452,"Mason, Illinois, US",0,0,0,0,0,0,0,0,0,0,0,0,0,0,0,0,0,0,0,0,0,0,0,0,0,0,0,0,0,0,0,0,0,0,0,0,0,0,0,0,0,0,0,0,0,0,0,0,0,0,0,0,0,0,0,0,0,0,0,0,0,0,0,0,0,0,0,0,0,0,0,0,0,1,1,1,3,3,3,3,3,3,3,3,3,4,4,4,4,5,5,6,6,6,6,6,7,10,11,12,12,12,13,14,14,15,15,15,15,15,15,15,15,16,16,16,16,16,16,16,16,16,17,17,17,17,17,18,18,18,18,18,18,18,18,18,18,18,18,18,18,18,18,18,18,18,18,18,18,19,19,19
84017127,US,USA,840,17127.0,Massac,Illinois,US,37.22078441,-88.71036614,"Massac, Illinois, US",0,0,0,0,0,0,0,0,0,0,0,0,0,0,0,0,0,0,0,0,0,0,0,0,0,0,0,0,0,0,0,0,0,0,0,0,0,0,0,0,0,0,0,0,0,0,0,0,0,0,0,0,0,0,0,0,0,0,0,0,0,0,0,0,0,0,0,0,0,0,0,1,1,1,2,2,2,2,2,2,2,2,2,3,4,4,4,3,3,3,3,3,3,3,3,4,4,4,4,4,4,4,4,4,4,4,5,6,6,6,6,6,6,6,6,6,6,6,6,6,6,7,7,7,7,7,7,7,7,7,7,7,7,7,7,7,7,7,7,7,7,7,7,7,7,7,7,7,7,7,7,7
84017129,US,USA,840,17129.0,Menard,Illinois,US,40.02742725,-89.80246001,"Menard, Illinois, US",0,0,0,0,0,0,0,0,0,0,0,0,0,0,0,0,0,0,0,0,0,0,0,0,0,0,0,0,0,0,0,0,0,0,0,0,0,0,0,0,0,0,0,0,0,0,0,0,0,0,0,0,0,0,0,0,0,0,0,0,0,0,0,0,0,0,0,1,1,1,0,1,1,1,1,2,2,2,2,2,2,2,2,2,2,2,2,3,3,3,3,4,4,4,4,4,4,7,7,8,9,12,15,14,15,16,17,17,17,17,17,17,17,17,17,18,17,17,17,17,17,17,17,17,17,17,17,19,21,20,20,20,20,20,20,22,22,22,22,22,22,22,22,22,22,23,23,23,23,23,23,23
84017131,US,USA,840,17131.0,Mercer,Illinois,US,41.20596782,-90.74290052,"Mercer, Illinois, US",0,0,0,0,0,0,0,0,0,0,0,0,0,0,0,0,0,0,0,0,0,0,0,0,0,0,0,0,0,0,0,0,0,0,0,0,0,0,0,0,0,0,0,0,0,0,0,0,0,0,0,0,0,0,0,0,0,0,0,0,0,0,0,0,0,0,0,0,0,0,0,1,1,1,2,2,2,2,2,2,2,2,2,3,3,4,4,5,5,5,5,5,6,7,7,7,7,7,7,8,8,8,8,10,10,10,11,11,11,12,12,12,12,13,14,15,14,14,14,13,14,14,14,14,15,15,16,16,17,17,17,17,17,17,18,18,18,18,18,18,18,18,18,18,19,19,19,19,19,19,19,20
84017133,US,USA,840,17133.0,Monroe,Illinois,US,38.27594376,-90.17761038,"Monroe, Illinois, US",0,0,0,0,0,0,0,0,0,0,0,0,0,0,0,0,0,0,0,0,0,0,0,0,0,0,0,0,0,0,0,0,0,0,0,0,0,0,0,0,0,0,0,0,0,0,0,0,0,0,0,0,0,0,0,0,0,0,0,0,0,1,1,2,2,3,3,3,3,3,3,4,8,9,10,11,12,20,35,42,43,46,46,47,49,50,52,52,53,54,55,58,60,62,63,64,64,67,69,70,71,71,75,73,74,74,77,79,79,79,79,81,81,82,83,86,87,89,90,90,90,91,91,91,92,92,93,93,94,95,95,96,96,97,98,100,100,101,104,105,105,105,106,109,109,112,111,109,110,111,112,113
84017135,US,USA,840,17135.0,Montgomery,Illinois,US,39.23198845,-89.47809254,"Montgomery, Illinois, US",0,0,0,0,0,0,0,0,0,0,0,0,0,0,0,0,0,0,0,0,0,0,0,0,0,0,0,0,0,0,0,0,0,0,0,0,0,0,0,0,0,0,0,0,0,0,0,0,0,0,0,0,0,0,0,0,0,0,0,0,0,0,0,0,0,0,0,1,1,2,2,2,2,2,3,3,3,4,6,8,8,8,9,9,9,9,11,13,14,16,17,21,21,23,23,23,23,24,25,26,26,27,28,29,30,33,33,34,34,34,34,34,34,36,36,37,38,39,39,39,38,38,38,39,39,39,39,39,39,39,39,39,40,40,41,41,41,41,41,41,41,41,41,41,41,42,42,41,41,42,41,41
84017137,US,USA,840,17137.0,Morgan,Illinois,US,39.71654544,-90.20255104,"Morgan, Illinois, US",0,0,0,0,0,0,0,0,0,0,0,0,0,0,0,0,0,0,0,0,0,0,0,0,0,0,0,0,0,0,0,0,0,0,0,0,0,0,0,0,0,0,0,0,0,0,0,0,0,0,0,0,0,0,0,0,0,0,0,0,0,0,0,0,0,1,1,3,4,4,5,5,5,6,6,7,8,8,10,10,10,10,10,11,10,11,12,12,12,13,13,14,14,15,15,16,18,21,22,22,24,24,24,24,26,26,27,28,30,30,30,32,33,34,35,35,36,36,35,34,34,34,34,34,34,34,34,34,35,36,36,36,38,39,42,42,46,47,47,55,56,100,105,105,106,106,108,110,118,119,119,119
84017139,US,USA,840,17139.0,Moultrie,Illinois,US,39.64187451,-88.62099969,"Moultrie, Illinois, US",0,0,0,0,0,0,0,0,0,0,0,0,0,0,0,0,0,0,0,0,0,0,0,0,0,0,0,0,0,0,0,0,0,0,0,0,0,0,0,0,0,0,0,0,0,0,0,0,0,0,0,0,0,0,0,0,0,0,0,0,0,0,0,0,0,0,0,0,0,0,0,1,1,1,1,1,2,2,2,2,3,2,2,2,2,2,2,2,2,2,2,2,2,4,4,4,4,5,5,5,5,5,5,5,6,6,6,6,6,6,6,6,6,6,7,8,9,8,8,8,8,8,9,9,10,10,10,10,11,11,11,11,11,12,12,12,12,12,13,13,14,13,13,13,15,15,15,16,15,15,15,15
84017141,US,USA,840,17141.0,Ogle,Illinois,US,42.04165196,-89.32184679,"Ogle, Illinois, US",0,0,0,0,0,0,0,0,0,0,0,0,0,0,0,0,0,0,0,0,0,0,0,0,0,0,0,0,0,0,0,0,0,0,0,0,0,0,0,0,0,0,0,0,0,0,0,0,0,0,0,0,0,0,0,0,0,0,0,0,0,0,0,0,0,0,0,0,0,0,1,1,1,4,5,7,10,12,14,16,16,18,26,26,28,29,40,48,48,58,59,71,71,75,85,87,105,110,111,119,122,122,129,132,133,137,139,141,148,149,149,160,160,163,165,169,170,172,173,174,178,185,185,190,192,192,193,200,202,203,206,211,214,214,223,225,223,221,223,224,224,224,224,227,227,227,229,230,230,231,234,234
84017143,US,USA,840,17143.0,Peoria,Illinois,US,40.78702156,-89.76078901,"Peoria, Illinois, US",0,0,0,0,0,0,0,0,0,0,0,0,0,0,0,0,0,0,0,0,0,0,0,0,0,0,0,0,0,0,0,0,0,0,0,0,0,0,0,0,0,0,0,0,0,0,0,0,0,0,0,0,0,0,0,1,3,3,3,3,3,3,3,4,4,6,7,8,8,8,10,11,11,11,14,12,13,16,15,20,23,27,31,31,33,34,34,37,39,43,44,46,54,56,60,65,68,78,85,86,93,101,106,107,113,126,130,132,136,139,141,143,148,151,156,155,159,160,162,167,168,176,176,177,179,185,188,191,212,221,233,238,262,273,286,301,309,314,324,328,342,354,367,384,389,395,397,405,411,419,423,428
84017145,US,USA,840,17145.0,Perry,Illinois,US,38.08510853,-89.36856219,"Perry, Illinois, US",0,0,0,0,0,0,0,0,0,0,0,0,0,0,0,0,0,0,0,0,0,0,0,0,0,0,0,0,0,0,0,0,0,0,0,0,0,0,0,0,0,0,0,0,0,0,0,0,0,0,0,0,0,0,0,0,0,0,0,0,0,0,0,0,0,0,0,0,0,0,0,0,0,0,0,0,0,0,0,0,1,1,1,1,1,1,1,1,1,1,1,2,3,3,7,8,9,13,18,21,24,31,34,34,32,35,36,36,36,38,38,38,38,38,38,38,39,39,40,40,40,40,40,41,41,41,41,41,42,42,41,41,41,42,42,42,42,42,42,42,43,43,43,43,44,44,44,44,44,44,44,44
84017147,US,USA,840,17147.0,Piatt,Illinois,US,40.01360584,-88.59319339,"Piatt, Illinois, US",0,0,0,0,0,0,0,0,0,0,0,0,0,0,0,0,0,0,0,0,0,0,0,0,0,0,0,0,0,0,0,0,0,0,0,0,0,0,0,0,0,0,0,0,0,0,0,0,0,0,0,0,0,0,0,0,0,0,0,0,0,0,0,0,0,0,0,0,0,0,0,1,1,1,1,3,4,4,5,6,6,6,6,6,6,7,7,7,7,7,7,7,7,7,7,7,7,7,7,7,7,7,7,7,7,7,7,7,7,7,7,8,8,8,8,8,9,9,9,8,9,9,10,11,11,12,12,12,12,11,11,11,11,11,11,11,11,12,12,11,11,11,11,11,11,11,11,14,17,16,16,17
84017149,US,USA,840,17149.0,Pike,Illinois,US,39.62265059,-90.8877017,"Pike, Illinois, US",0,0,0,0,0,0,0,0,0,0,0,0,0,0,0,0,0,0,0,0,0,0,0,0,0,0,0,0,0,0,0,0,0,0,0,0,0,0,0,0,0,0,0,0,0,0,0,0,0,0,0,0,0,0,0,0,0,0,0,0,0,0,0,0,0,0,0,0,0,0,0,0,0,1,1,1,1,1,1,1,1,1,1,1,1,1,1,1,1,1,1,1,1,1,1,1,1,1,1,1,1,1,1,1,1,1,1,1,1,1,1,1,1,1,1,1,1,1,1,1,1,1,1,1,1,1,1,1,1,1,1,1,1,1,1,1,1,1,1,1,1,1,2,2,2,2,2,2,2,2,2,2
84017151,US,USA,840,17151.0,Pope,Illinois,US,37.41391284,-88.56152109,"Pope, Illinois, US",0,0,0,0,0,0,0,0,0,0,0,0,0,0,0,0,0,0,0,0,0,0,0,0,0,0,0,0,0,0,0,0,0,0,0,0,0,0,0,0,0,0,0,0,0,0,0,0,0,0,0,0,0,0,0,0,0,0,0,0,0,0,0,0,0,0,0,0,0,0,0,0,0,0,0,0,0,0,0,0,0,0,0,0,0,0,0,0,0,0,0,0,0,0,0,0,0,0,0,0,0,0,0,0,0,0,0,1,1,1,1,1,1,1,1,1,1,1,1,1,1,1,1,1,1,1,1,1,1,1,1,1,1,1,1,1,1,1,1,1,1,1,1,1,1,1,1,1,1,1,1,1
84017153,US,USA,840,17153.0,Pulaski,Illinois,US,37.22631423,-89.13085001,"Pulaski, Illinois, US",0,0,0,0,0,0,0,0,0,0,0,0,0,0,0,0,0,0,0,0,0,0,0,0,0,0,0,0,0,0,0,0,0,0,0,0,0,0,0,0,0,0,0,0,0,0,0,0,0,0,0,0,0,0,0,0,0,0,0,0,0,0,0,0,0,0,0,0,0,0,0,0,0,0,0,0,0,0,4,4,4,5,5,5,5,6,5,9,9,9,10,12,13,15,15,15,17,17,17,18,20,20,20,20,20,23,24,25,27,27,27,27,31,33,40,40,40,40,40,40,40,40,40,40,40,40,41,41,51,56,56,56,55,56,57,58,58,61,61,60,59,59,59,59,59,59,61,62,65,65,66,66
84017155,US,USA,840,17155.0,Putnam,Illinois,US,41.2013541,-89.2869272,"Putnam, Illinois, US",0,0,0,0,0,0,0,0,0,0,0,0,0,0,0,0,0,0,0,0,0,0,0,0,0,0,0,0,0,0,0,0,0,0,0,0,0,0,0,0,0,0,0,0,0,0,0,0,0,0,0,0,0,0,0,0,0,0,0,0,0,0,0,0,0,0,0,0,0,0,0,0,0,0,0,0,0,0,0,0,0,0,0,0,0,0,0,0,0,0,0,0,0,0,0,0,0,0,0,0,0,0,0,0,0,0,0,0,0,0,0,0,0,0,0,2,2,1,1,1,1,1,1,1,1,1,1,1,1,1,1,1,1,1,1,1,1,1,1,1,1,1,1,1,1,1,1,1,1,1,1,1
84017157,US,USA,840,17157.0,Randolph,Illinois,US,38.05095369,-89.82512254,"Randolph, Illinois, US",0,0,0,0,0,0,0,0,0,0,0,0,0,0,0,0,0,0,0,0,0,0,0,0,0,0,0,0,0,0,0,0,0,0,0,0,0,0,0,0,0,0,0,0,0,0,0,0,0,0,0,0,0,0,0,0,0,0,0,0,0,0,0,0,0,0,0,0,2,3,7,8,12,20,24,27,29,31,34,35,37,40,41,41,46,46,48,54,57,58,61,63,68,79,79,104,109,126,138,156,164,166,179,182,183,203,206,211,217,220,221,222,227,233,234,236,236,237,238,246,246,251,256,258,259,259,264,267,267,269,270,269,270,271,273,273,274,274,276,276,276,276,276,278,278,278,279,279,279,278,278,278
84017159,US,USA,840,17159.0,Richland,Illinois,US,38.71240969,-88.08475366,"Richland, Illinois, US",0,0,0,0,0,0,0,0,0,0,0,0,0,0,0,0,0,0,0,0,0,0,0,0,0,0,0,0,0,0,0,0,0,0,0,0,0,0,0,0,0,0,0,0,0,0,0,0,0,0,0,0,0,0,0,0,0,0,0,0,0,0,0,0,0,0,0,0,0,0,0,0,0,0,0,0,1,1,1,1,1,1,1,1,1,1,2,2,2,2,2,2,2,3,3,3,3,3,3,3,3,3,3,3,3,3,3,3,3,3,3,3,3,3,3,3,3,3,3,3,3,3,3,3,3,3,3,3,3,3,3,3,3,3,4,4,4,4,4,4,4,4,4,4,4,4,4,4,4,4,4,4
84017161,US,USA,840,17161.0,Rock Island,Illinois,US,41.46613806,-90.57042164,"Rock Island, Illinois, US",0,0,0,0,0,0,0,0,0,0,0,0,0,0,0,0,0,0,0,0,0,0,0,0,0,0,0,0,0,0,0,0,0,0,0,0,0,0,0,0,0,0,0,0,0,0,0,0,0,0,0,0,0,0,0,0,0,0,0,0,1,1,1,3,3,4,4,5,8,11,17,21,24,29,40,47,54,67,73,80,84,91,105,113,138,154,167,187,188,211,217,242,247,270,293,304,323,342,369,377,389,412,436,452,454,465,477,498,507,515,517,530,538,543,563,570,577,590,594,600,604,617,627,631,636,639,638,639,646,651,658,661,683,691,694,703,711,715,717,717,719,728,737,752,753,757,757,760,766,769,772,785
84017163,US,USA,840,17163.0,St. Clair,Illinois,US,38.46996033,-89.93063427,"St. Clair, Illinois, US",0,0,0,0,0,0,0,0,0,0,0,0,0,0,0,0,0,0,0,0,0,0,0,0,0,0,0,0,0,0,0,0,0,0,0,0,0,0,0,0,0,0,0,0,0,0,0,0,0,0,0,0,2,2,4,2,3,3,3,3,3,4,7,7,7,15,18,31,36,43,53,55,57,80,86,92,109,127,144,159,173,189,202,220,225,239,254,265,271,276,289,316,330,350,363,391,403,434,442,475,492,507,537,551,579,601,623,648,689,711,719,727,737,759,765,783,805,815,832,858,888,907,939,966,991,1017,1035,1050,1091,1121,1137,1152,1172,1210,1227,1262,1296,1314,1319,1340,1354,1368,1392,1422,1446,1465,1492,1520,1538,1561,1584,1604
84017165,US,USA,840,17165.0,Saline,Illinois,US,37.75332999,-88.54119706,"Saline, Illinois, US",0,0,0,0,0,0,0,0,0,0,0,0,0,0,0,0,0,0,0,0,0,0,0,0,0,0,0,0,0,0,0,0,0,0,0,0,0,0,0,0,0,0,0,0,0,0,0,0,0,0,0,0,0,0,0,0,0,0,0,0,0,0,0,0,0,0,0,0,1,1,1,1,1,1,1,1,2,2,3,3,3,3,3,3,3,3,3,3,3,3,3,3,3,3,3,3,3,3,3,3,3,3,4,4,4,4,5,5,5,5,5,5,5,6,6,6,6,6,6,6,6,6,6,6,7,7,7,7,7,7,7,7,7,7,7,7,7,7,7,7,7,7,7,7,7,7,7,7,8,8,8,8
84017167,US,USA,840,17167.0,Sangamon,Illinois,US,39.75836914,-89.65872023,"Sangamon, Illinois, US",0,0,0,0,0,0,0,0,0,0,0,0,0,0,0,0,0,0,0,0,0,0,0,0,0,0,0,0,0,0,0,0,0,0,0,0,0,0,0,0,0,0,0,0,0,0,0,0,0,0,0,0,0,2,2,4,3,4,4,4,4,4,5,5,5,7,8,9,12,14,17,18,20,25,29,31,32,33,39,42,43,43,44,50,50,54,58,61,62,64,68,69,76,81,95,104,113,159,169,178,195,207,208,212,216,231,237,253,256,258,262,276,279,289,299,304,307,309,311,319,324,325,328,329,331,332,337,343,346,348,351,350,350,353,359,360,362,363,364,366,367,375,377,376,378,382,382,382,383,387,387,387
84017169,US,USA,840,17169.0,Schuyler,Illinois,US,40.157179799999994,-90.61114163,"Schuyler, Illinois, US",0,0,0,0,0,0,0,0,0,0,0,0,0,0,0,0,0,0,0,0,0,0,0,0,0,0,0,0,0,0,0,0,0,0,0,0,0,0,0,0,0,0,0,0,0,0,0,0,0,0,0,0,0,0,0,0,0,0,0,0,0,0,0,0,0,0,0,0,0,0,0,0,0,0,0,0,0,0,1,1,1,1,1,1,1,1,1,1,1,1,1,1,1,1,1,1,1,1,1,2,1,1,1,1,2,2,3,5,7,7,7,7,7,7,7,7,7,7,7,8,8,9,10,10,10,10,12,12,12,13,13,13,13,13,13,13,13,13,13,13,13,13,13,13,13,13,13,13,13,13,13,13
84017171,US,USA,840,17171.0,Scott,Illinois,US,39.642916899999996,-90.47814431,"Scott, Illinois, US",0,0,0,0,0,0,0,0,0,0,0,0,0,0,0,0,0,0,0,0,0,0,0,0,0,0,0,0,0,0,0,0,0,0,0,0,0,0,0,0,0,0,0,0,0,0,0,0,0,0,0,0,0,0,0,0,0,0,0,0,0,0,0,0,0,0,0,0,0,0,0,0,0,0,0,0,0,0,0,0,0,0,0,0,0,0,0,0,0,0,0,0,0,0,0,0,0,0,0,0,0,0,0,0,0,0,0,0,0,0,0,0,0,0,0,0,0,0,0,0,0,0,0,0,0,0,0,0,0,0,0,0,0,0,0,0,0,0,0,0,0,0,0,0,0,0,0,0,0,0,0,0
84017173,US,USA,840,17173.0,Shelby,Illinois,US,39.39133527,-88.80611122,"Shelby, Illinois, US",0,0,0,0,0,0,0,0,0,0,0,0,0,0,0,0,0,0,0,0,0,0,0,0,0,0,0,0,0,0,0,0,0,0,0,0,0,0,0,0,0,0,0,0,0,0,0,0,0,0,0,0,0,0,0,0,0,0,0,0,0,0,0,0,0,0,0,0,0,0,0,0,0,0,0,0,2,3,3,3,3,4,4,4,4,4,4,4,4,4,4,4,5,10,9,10,10,10,10,10,10,10,10,10,10,10,10,10,10,10,10,10,10,11,12,13,13,13,15,15,15,15,16,16,16,16,16,16,16,16,16,16,16,16,16,16,16,16,16,16,16,16,16,16,16,16,16,16,16,16,16,16
84017175,US,USA,840,17175.0,Stark,Illinois,US,41.09309773,-89.79745866,"Stark, Illinois, US",0,0,0,0,0,0,0,0,0,0,0,0,0,0,0,0,0,0,0,0,0,0,0,0,0,0,0,0,0,0,0,0,0,0,0,0,0,0,0,0,0,0,0,0,0,0,0,0,0,0,0,0,0,0,0,0,0,0,0,0,0,0,0,0,0,0,0,0,0,0,0,0,0,0,0,0,0,1,1,1,1,1,1,1,1,1,1,1,1,1,1,1,1,1,1,1,1,1,1,1,1,1,1,1,1,1,1,1,1,1,1,1,1,1,1,1,1,2,2,2,2,3,3,3,3,3,3,3,3,3,3,3,3,3,3,3,3,3,3,3,3,3,3,3,3,3,3,3,3,3,3,3
84017177,US,USA,840,17177.0,Stephenson,Illinois,US,42.35129217,-89.662598,"Stephenson, Illinois, US",0,0,0,0,0,0,0,0,0,0,0,0,0,0,0,0,0,0,0,0,0,0,0,0,0,0,0,0,0,0,0,0,0,0,0,0,0,0,0,0,0,0,0,0,0,0,0,0,0,0,0,0,0,0,0,0,0,0,0,0,1,1,1,1,1,2,2,3,3,3,3,3,3,3,3,5,6,6,7,8,8,8,8,9,9,9,10,12,12,12,13,13,13,13,16,16,16,22,29,35,45,53,63,71,70,72,78,84,88,97,99,110,118,119,135,136,150,156,160,161,167,173,176,187,190,195,194,199,199,201,206,209,211,210,209,211,214,216,219,220,222,223,226,228,231,231,231,233,236,242,249,249
84017179,US,USA,840,17179.0,Tazewell,Illinois,US,40.50716185,-89.51404662,"Tazewell, Illinois, US",0,0,0,0,0,0,0,0,0,0,0,0,0,0,0,0,0,0,0,0,0,0,0,0,0,0,0,0,0,0,0,0,0,0,0,0,0,0,0,0,0,0,0,0,0,0,0,0,0,0,0,0,0,0,0,0,0,0,0,0,0,0,0,0,0,2,3,4,4,4,4,5,7,10,13,14,15,17,17,17,18,19,19,21,21,21,21,41,26,26,30,25,30,34,36,36,37,38,40,45,41,43,47,45,48,53,54,58,59,59,59,58,59,58,62,62,63,63,64,65,65,66,67,67,67,68,69,70,71,72,73,73,74,78,78,81,81,81,81,82,82,82,85,89,91,92,95,97,103,108,110,111
84017181,US,USA,840,17181.0,Union,Illinois,US,37.47119609,-89.25548938,"Union, Illinois, US",0,0,0,0,0,0,0,0,0,0,0,0,0,0,0,0,0,0,0,0,0,0,0,0,0,0,0,0,0,0,0,0,0,0,0,0,0,0,0,0,0,0,0,0,0,0,0,0,0,0,0,0,0,0,0,0,0,0,0,0,0,0,0,0,0,0,0,0,0,0,0,0,0,0,0,0,0,0,0,0,0,0,0,0,3,3,4,5,5,5,5,5,6,7,7,8,8,8,11,17,19,21,28,30,32,48,52,58,62,63,63,63,105,113,117,122,122,122,122,124,124,136,138,139,141,141,143,151,151,155,154,155,157,168,171,171,170,170,170,170,172,172,172,172,174,174,174,174,174,183,182,182
84017183,US,USA,840,17183.0,Vermilion,Illinois,US,40.18417171,-87.73384359,"Vermilion, Illinois, US",0,0,0,0,0,0,0,0,0,0,0,0,0,0,0,0,0,0,0,0,0,0,0,0,0,0,0,0,0,0,0,0,0,0,0,0,0,0,0,0,0,0,0,0,0,0,0,0,0,0,0,0,0,0,0,0,0,0,0,0,0,0,0,0,0,0,0,0,0,0,0,2,2,5,5,5,5,5,5,7,7,8,8,8,8,8,8,9,9,9,10,10,10,11,11,11,14,16,16,17,17,18,18,21,23,22,23,25,25,25,25,26,29,29,29,29,30,31,30,31,35,39,39,39,39,39,37,38,39,39,40,40,40,40,41,42,42,42,42,43,44,44,44,44,44,44,46,47,47,47,49,49
84017185,US,USA,840,17185.0,Wabash,Illinois,US,38.44272901,-87.84922065,"Wabash, Illinois, US",0,0,0,0,0,0,0,0,0,0,0,0,0,0,0,0,0,0,0,0,0,0,0,0,0,0,0,0,0,0,0,0,0,0,0,0,0,0,0,0,0,0,0,0,0,0,0,0,0,0,0,0,0,0,0,0,0,0,0,0,0,0,0,0,0,0,0,0,0,0,0,0,0,0,0,1,1,1,2,2,2,2,2,2,1,1,1,1,1,1,1,1,1,1,1,1,1,1,1,1,1,1,1,1,1,1,1,1,1,1,1,1,1,1,1,1,1,1,1,1,1,1,1,1,2,2,2,2,2,2,2,5,5,5,6,6,12,12,12,12,12,12,12,12,12,13,14,14,14,15,19,22
84017187,US,USA,840,17187.0,Warren,Illinois,US,40.84925021,-90.6147432,"Warren, Illinois, US",0,0,0,0,0,0,0,0,0,0,0,0,0,0,0,0,0,0,0,0,0,0,0,0,0,0,0,0,0,0,0,0,0,0,0,0,0,0,0,0,0,0,0,0,0,0,0,0,0,0,0,0,0,0,0,0,0,0,0,0,0,0,0,0,0,0,0,0,0,0,0,0,0,0,0,0,0,0,0,0,1,2,2,2,2,2,2,4,13,15,15,19,31,37,44,49,50,53,56,62,70,75,78,85,85,88,92,93,97,102,104,106,105,105,105,106,108,109,110,110,110,112,114,114,114,114,113,113,113,115,117,117,117,118,120,122,125,126,127,127,127,127,127,127,127,127,127,127,127,127,128,129
84017189,US,USA,840,17189.0,Washington,Illinois,US,38.35309213,-89.40982703,"Washington, Illinois, US",0,0,0,0,0,0,0,0,0,0,0,0,0,0,0,0,0,0,0,0,0,0,0,0,0,0,0,0,0,0,0,0,0,0,0,0,0,0,0,0,0,0,0,0,0,0,0,0,0,0,0,0,0,0,0,0,0,1,1,1,1,1,1,1,1,1,1,1,1,1,1,1,1,1,1,2,2,2,2,2,2,2,2,2,3,4,5,6,7,7,7,7,7,7,7,8,8,8,10,10,10,13,13,13,14,15,14,14,15,15,17,17,17,17,17,17,17,17,18,18,18,18,18,18,18,18,18,18,18,18,18,18,18,19,19,19,20,20,20,19,19,19,19,19,19,19,19,19,19,19,19,19
84017191,US,USA,840,17191.0,Wayne,Illinois,US,38.42955355,-88.42586459,"Wayne, Illinois, US",0,0,0,0,0,0,0,0,0,0,0,0,0,0,0,0,0,0,0,0,0,0,0,0,0,0,0,0,0,0,0,0,0,0,0,0,0,0,0,0,0,0,0,0,0,0,0,0,0,0,0,0,0,0,0,0,0,0,0,0,0,0,0,0,0,0,0,0,0,0,0,0,0,0,0,0,0,0,0,0,0,0,0,0,0,0,0,1,1,1,1,1,1,2,2,2,2,2,2,2,2,2,2,2,2,2,2,3,3,3,3,3,10,11,8,8,9,9,9,9,9,9,9,9,9,9,9,9,9,9,9,9,9,9,9,9,9,9,9,9,9,9,9,9,9,9,9,9,10,11,11,11
84017193,US,USA,840,17193.0,White,Illinois,US,38.08706198,-88.17657461,"White, Illinois, US",0,0,0,0,0,0,0,0,0,0,0,0,0,0,0,0,0,0,0,0,0,0,0,0,0,0,0,0,0,0,0,0,0,0,0,0,0,0,0,0,0,0,0,0,0,0,0,0,0,0,0,0,0,0,0,0,0,0,0,0,0,0,0,0,0,0,0,0,0,0,0,0,0,0,0,0,0,0,0,0,0,0,0,0,0,0,0,0,0,0,1,1,1,1,1,1,1,2,2,2,2,2,2,2,2,2,2,2,2,2,2,2,2,2,2,2,2,2,2,2,2,2,2,2,2,2,2,2,2,2,2,2,2,2,2,2,2,2,2,2,2,2,2,3,3,3,3,3,3,3,3,3
84017195,US,USA,840,17195.0,Whiteside,Illinois,US,41.75509713,-89.91556058,"Whiteside, Illinois, US",0,0,0,0,0,0,0,0,0,0,0,0,0,0,0,0,0,0,0,0,0,0,0,0,0,0,0,0,0,0,0,0,0,0,0,0,0,0,0,0,0,0,0,0,0,0,0,0,0,0,0,0,0,0,0,1,1,1,1,1,1,1,1,1,1,2,2,3,4,5,5,6,9,15,18,18,21,21,23,24,25,26,28,30,29,30,31,36,36,41,42,45,49,53,59,62,67,76,76,84,87,92,92,92,94,98,99,101,102,104,104,110,110,111,113,118,122,123,125,128,130,131,133,134,134,133,134,134,135,139,140,142,142,144,147,149,155,157,156,156,157,158,161,162,163,163,163,163,163,171,171,172
84017197,US,USA,840,17197.0,Will,Illinois,US,41.44619267,-87.97862712,"Will, Illinois, US",0,0,0,0,0,0,0,0,0,0,0,0,0,0,0,0,0,0,0,0,0,0,0,0,0,0,0,0,0,0,0,0,0,0,0,0,0,0,0,0,0,0,0,0,0,0,0,0,0,0,0,0,0,0,1,2,3,9,9,12,21,24,28,40,40,104,127,182,223,228,322,384,455,582,648,697,840,914,1010,1077,1126,1228,1283,1350,1433,1494,1566,1603,1643,1692,1736,1820,1885,2009,2060,2126,2173,2254,2369,2492,2617,2796,2868,3066,3150,3332,3434,3561,3636,3684,3740,3896,3973,4090,4277,4312,4388,4455,4560,4694,4797,4929,5012,5117,5188,5238,5279,5356,5442,5510,5566,5613,5649,5704,5742,5799,5858,5890,5917,5961,6011,6051,6086,6106,6140,6158,6191,6222,6256,6284,6317,6367
84017199,US,USA,840,17199.0,Williamson,Illinois,US,37.73033511,-88.92994027,"Williamson, Illinois, US",0,0,0,0,0,0,0,0,0,0,0,0,0,0,0,0,0,0,0,0,0,0,0,0,0,0,0,0,0,0,0,0,0,0,0,0,0,0,0,0,0,0,0,0,0,0,0,0,0,0,0,0,0,0,0,0,0,1,1,1,1,1,0,0,0,1,1,1,1,1,1,1,2,3,3,3,8,9,10,10,10,10,10,10,12,12,13,13,14,15,16,17,19,22,22,25,25,28,29,31,32,32,34,35,37,40,42,44,44,44,44,44,52,52,51,52,52,52,52,55,55,54,54,55,55,54,57,60,64,66,67,67,68,71,74,75,76,76,77,81,81,81,80,82,83,86,87,89,91,91,92,93
84017201,US,USA,840,17201.0,Winnebago,Illinois,US,42.33641854,-89.16085327,"Winnebago, Illinois, US",0,0,0,0,0,0,0,0,0,0,0,0,0,0,0,0,0,0,0,0,0,0,0,0,0,0,0,0,0,0,0,0,0,0,0,0,0,0,0,0,0,0,0,0,0,0,0,0,0,0,0,0,0,0,0,1,1,1,1,4,4,5,5,7,7,8,9,12,13,15,18,24,28,36,42,49,59,63,66,77,80,94,99,101,112,121,145,172,178,195,207,238,252,279,302,318,343,365,392,442,485,521,579,638,649,696,759,830,877,917,932,1159,1208,1337,1390,1436,1490,1537,1564,1615,1681,1780,1838,1925,1953,1993,2001,2091,2156,2209,2251,2290,2313,2354,2397,2465,2507,2545,2576,2602,2627,2652,2667,2696,2736,2744,2763,2776,2796,2810,2826,2861
84017203,US,USA,840,17203.0,Woodford,Illinois,US,40.78579374,-89.20973757,"Woodford, Illinois, US",0,0,0,0,0,0,0,0,0,0,0,0,0,0,0,0,0,0,0,0,0,0,0,0,0,0,0,0,0,0,0,0,0,0,0,0,0,0,0,0,0,0,0,0,0,0,0,0,0,0,0,0,1,1,1,1,1,2,2,2,2,2,3,3,3,3,3,4,3,3,3,3,4,6,6,6,7,7,7,7,7,7,9,10,11,11,11,11,11,11,11,11,11,11,11,11,11,12,12,13,14,13,13,13,13,15,15,15,15,15,15,15,15,14,14,14,14,16,16,17,17,17,17,17,17,18,18,18,19,19,19,21,21,21,21,21,21,21,22,22,22,22,22,23,24,27,28,28,30,31,32,32
84018001,US,USA,840,18001.0,Adams,Indiana,US,40.7457653,-84.93671406,"Adams, Indiana, US",0,0,0,0,0,0,0,0,0,0,0,0,0,0,0,0,0,0,0,0,0,0,0,0,0,0,0,0,0,0,0,0,0,0,0,0,0,0,0,0,0,0,0,0,0,0,0,0,1,1,1,1,1,1,1,1,1,1,1,1,1,1,1,1,1,1,1,1,1,1,1,1,1,2,2,2,2,2,2,4,4,5,5,6,6,6,6,7,7,7,7,7,7,7,7,8,7,7,7,7,7,8,8,8,9,8,8,8,8,8,8,8,8,9,9,9,9,10,10,11,11,11,12,12,12,12,12,13,13,17,15,17,20,20,21,23,22,22,22,23,24,24,24,25,26,27,28,28,28,28,36,36
84018003,US,USA,840,18003.0,Allen,Indiana,US,41.09194313,-85.06800636,"Allen, Indiana, US",0,0,0,0,0,0,0,0,0,0,0,0,0,0,0,0,0,0,0,0,0,0,0,0,0,0,0,0,0,0,0,0,0,0,0,0,0,0,0,0,0,0,0,0,0,0,0,0,0,0,0,0,0,0,0,0,0,2,4,4,4,4,7,7,8,21,23,26,28,30,39,46,58,59,63,87,90,95,105,119,136,147,156,167,180,224,271,293,301,327,336,343,387,400,427,439,486,504,528,560,588,600,619,664,695,718,743,781,800,816,834,867,877,898,955,985,996,1033,1053,1106,1139,1191,1213,1240,1277,1309,1353,1419,1451,1600,1618,1662,1711,1743,1753,1810,1851,1883,1896,1956,2014,2089,2127,2168,2195,2224,2261,2277,2324,2331,2368,2414
84018005,US,USA,840,18005.0,Bartholomew,Indiana,US,39.20744865,-85.89558181,"Bartholomew, Indiana, US",0,0,0,0,0,0,0,0,0,0,0,0,0,0,0,0,0,0,0,0,0,0,0,0,0,0,0,0,0,0,0,0,0,0,0,0,0,0,0,0,0,0,0,0,0,0,0,0,0,0,0,0,0,0,1,1,1,1,1,1,5,5,5,5,6,6,7,10,10,13,13,15,23,45,54,54,55,66,83,83,108,110,110,110,113,116,130,131,136,140,140,146,163,175,198,206,232,238,241,250,261,266,268,269,297,314,316,331,342,346,360,367,370,383,394,408,420,432,438,448,452,456,467,474,480,481,486,490,500,508,511,515,521,522,527,531,532,534,536,539,540,542,547,549,551,554,558,561,562,566,565,567
84018007,US,USA,840,18007.0,Benton,Indiana,US,40.60626947,-87.31093999,"Benton, Indiana, US",0,0,0,0,0,0,0,0,0,0,0,0,0,0,0,0,0,0,0,0,0,0,0,0,0,0,0,0,0,0,0,0,0,0,0,0,0,0,0,0,0,0,0,0,0,0,0,0,0,0,0,0,0,0,0,0,0,0,0,0,0,0,0,0,0,0,0,0,0,0,1,0,0,0,0,0,0,0,0,0,0,2,2,2,3,4,4,4,4,4,4,4,6,5,6,6,6,7,8,8,8,9,11,11,10,10,12,12,12,12,13,16,17,17,21,21,21,23,23,24,24,24,24,24,25,25,25,26,30,30,30,31,32,32,32,32,32,32,33,33,33,37,37,37,37,37,38,37,38,38,39,41
84018009,US,USA,840,18009.0,Blackford,Indiana,US,40.47388153,-85.32499702,"Blackford, Indiana, US",0,0,0,0,0,0,0,0,0,0,0,0,0,0,0,0,0,0,0,0,0,0,0,0,0,0,0,0,0,0,0,0,0,0,0,0,0,0,0,0,0,0,0,0,0,0,0,0,0,0,0,0,0,0,0,0,0,0,0,0,0,0,0,0,0,0,0,0,0,0,0,1,1,2,3,4,4,4,4,4,5,5,5,6,6,6,6,6,6,6,6,6,6,7,7,7,7,7,8,8,8,9,9,9,10,12,12,13,13,14,14,14,14,14,14,14,14,15,17,16,16,18,19,20,20,21,20,22,24,25,25,26,27,27,27,27,28,28,29,29,29,29,29,29,29,29,29,31,32,32,32,32
84018011,US,USA,840,18011.0,Boone,Indiana,US,40.0509304,-86.46841646,"Boone, Indiana, US",0,0,0,0,0,0,0,0,0,0,0,0,0,0,0,0,0,0,0,0,0,0,0,0,0,0,0,0,0,0,0,0,0,0,0,0,0,0,0,0,0,0,0,0,0,0,0,0,1,1,1,1,1,1,1,1,1,1,2,2,3,3,3,4,7,7,8,13,20,22,29,32,38,50,57,64,74,76,84,90,103,109,109,125,129,136,145,151,153,154,161,166,172,177,182,182,183,185,186,190,189,198,198,199,207,207,211,214,219,223,226,235,235,249,252,256,258,260,261,263,276,278,279,281,282,288,293,305,309,316,315,315,316,318,324,324,328,331,332,337,339,347,357,358,360,386,382,383,380,381,388,390
84018013,US,USA,840,18013.0,Brown,Indiana,US,39.19605589,-86.22868909,"Brown, Indiana, US",0,0,0,0,0,0,0,0,0,0,0,0,0,0,0,0,0,0,0,0,0,0,0,0,0,0,0,0,0,0,0,0,0,0,0,0,0,0,0,0,0,0,0,0,0,0,0,0,0,0,0,0,0,0,0,0,0,0,0,0,0,0,1,1,1,2,2,3,3,3,3,3,3,4,5,5,8,9,9,9,12,12,12,13,14,14,14,14,14,14,14,14,15,15,15,15,15,15,15,15,16,17,18,18,18,21,25,25,25,26,26,28,28,29,29,30,31,32,31,31,32,33,33,33,33,33,33,33,33,33,33,33,33,33,33,33,34,34,34,35,35,35,36,36,36,36,36,36,37,37,37,37
84018015,US,USA,840,18015.0,Carroll,Indiana,US,40.580783200000006,-86.56198812,"Carroll,Indiana,US",0,0,0,0,0,0,0,0,0,0,0,0,0,0,0,0,0,0,0,0,0,0,0,0,0,0,0,0,0,0,0,0,0,0,0,0,0,0,0,0,0,0,0,0,0,0,0,0,0,0,0,0,0,0,0,0,0,0,0,0,0,0,0,0,0,0,1,1,2,2,2,2,2,3,3,3,3,3,3,4,5,5,5,6,6,6,6,6,6,7,8,7,7,8,9,13,18,18,21,22,24,25,41,56,63,65,66,70,71,71,71,71,73,75,77,78,79,79,79,81,85,87,88,91,92,92,93,93,92,93,93,93,93,93,94,95,96,96,96,95,96,97,98,98,99,101,102,102,103,103,103,103
84018017,US,USA,840,18017.0,Cass,Indiana,US,40.76135835,-86.34830753,"Cass, Indiana, US",0,0,0,0,0,0,0,0,0,0,0,0,0,0,0,0,0,0,0,0,0,0,0,0,0,0,0,0,0,0,0,0,0,0,0,0,0,0,0,0,0,0,0,0,0,0,0,0,0,0,0,0,0,0,0,0,0,0,0,0,0,0,0,0,0,0,0,0,1,1,1,2,2,4,4,4,12,15,16,18,23,22,28,28,33,37,50,52,71,87,107,138,199,255,315,586,1025,1101,1125,1164,1214,1224,1293,1371,1406,1442,1469,1497,1507,1520,1524,1542,1544,1546,1551,1553,1553,1552,1560,1564,1572,1578,1579,1581,1582,1582,1586,1589,1589,1587,1587,1587,1592,1592,1592,1591,1592,1593,1593,1593,1592,1592,1596,1597,1601,1606,1608,1608,1609,1613,1624,1625
84018019,US,USA,840,18019.0,Clark,Indiana,US,38.48015445,-85.70510334,"Clark, Indiana, US",0,0,0,0,0,0,0,0,0,0,0,0,0,0,0,0,0,0,0,0,0,0,0,0,0,0,0,0,0,0,0,0,0,0,0,0,0,0,0,0,0,0,0,0,0,0,0,0,0,0,0,0,0,0,0,0,1,1,1,4,4,4,5,6,10,12,18,20,27,33,38,49,55,61,66,71,82,86,96,104,106,112,117,132,137,143,151,160,162,177,181,188,195,207,223,227,277,283,288,293,316,329,331,334,339,347,355,358,374,377,380,389,394,395,399,400,406,424,430,438,446,446,450,453,458,461,471,479,492,497,504,505,519,528,530,539,545,548,549,547,549,552,559,565,567,568,577,581,585,586,589,592
84018021,US,USA,840,18021.0,Clay,Indiana,US,39.39561833,-87.11723506,"Clay, Indiana, US",0,0,0,0,0,0,0,0,0,0,0,0,0,0,0,0,0,0,0,0,0,0,0,0,0,0,0,0,0,0,0,0,0,0,0,0,0,0,0,0,0,0,0,0,0,0,0,0,0,0,0,0,0,0,0,0,0,0,0,0,0,0,0,0,0,0,0,1,1,1,1,1,2,3,4,4,7,11,12,11,11,11,12,12,13,14,14,15,18,20,19,19,19,19,19,19,19,19,19,20,20,22,22,22,22,23,23,24,24,24,24,24,24,26,28,29,30,31,32,33,36,36,38,39,39,39,41,46,47,51,51,51,51,52,53,53,53,53,53,55,56,56,56,56,56,56,56,56,56,56,56,56
84018023,US,USA,840,18023.0,Clinton,Indiana,US,40.30319754,-86.47277257,"Clinton, Indiana, US",0,0,0,0,0,0,0,0,0,0,0,0,0,0,0,0,0,0,0,0,0,0,0,0,0,0,0,0,0,0,0,0,0,0,0,0,0,0,0,0,0,0,0,0,0,0,0,0,0,0,0,0,0,0,0,0,0,0,0,0,0,0,0,0,0,1,1,1,1,1,1,1,3,3,4,4,5,8,10,11,11,11,11,12,13,14,16,16,18,19,20,20,25,26,30,31,32,35,36,38,45,47,56,64,65,70,75,80,85,88,96,100,111,116,118,126,134,142,149,163,185,194,204,208,215,222,222,222,223,227,232,233,238,240,246,247,248,251,252,250,249,251,253,258,260,262,261,262,264,268,269,273
84018025,US,USA,840,18025.0,Crawford,Indiana,US,38.28814402,-86.44518825,"Crawford, Indiana, US",0,0,0,0,0,0,0,0,0,0,0,0,0,0,0,0,0,0,0,0,0,0,0,0,0,0,0,0,0,0,0,0,0,0,0,0,0,0,0,0,0,0,0,0,0,0,0,0,0,0,0,0,0,0,0,0,0,0,0,0,0,0,0,0,0,0,1,1,1,1,1,1,3,5,5,5,9,11,11,12,12,12,12,12,12,12,12,12,12,13,13,13,14,16,16,16,16,16,18,18,17,18,18,18,19,19,20,20,20,20,20,20,21,21,22,22,22,22,22,22,22,23,23,23,23,23,23,23,24,24,24,24,24,24,24,25,25,25,27,27,27,27,27,27,27,27,27,27,27,27,27,27
84018027,US,USA,840,18027.0,Daviess,Indiana,US,38.70186039,-87.07185406,"Daviess, Indiana, US",0,0,0,0,0,0,0,0,0,0,0,0,0,0,0,0,0,0,0,0,0,0,0,0,0,0,0,0,0,0,0,0,0,0,0,0,0,0,0,0,0,0,0,0,0,0,0,0,0,0,0,0,0,0,0,0,0,0,0,0,0,0,0,0,0,0,0,0,0,0,0,0,0,0,2,2,4,5,8,9,9,10,10,12,21,24,27,29,34,34,38,38,38,42,43,43,45,46,47,47,47,50,51,52,52,52,54,54,54,54,54,55,56,57,59,61,64,71,71,71,73,73,81,81,82,82,84,84,85,85,88,92,94,95,99,104,107,107,110,111,113,116,117,117,121,123,126,128,127,129,130,132
84018029,US,USA,840,18029.0,Dearborn,Indiana,US,39.14647946,-84.97333539,"Dearborn, Indiana, US",0,0,0,0,0,0,0,0,0,0,0,0,0,0,0,0,0,0,0,0,0,0,0,0,0,0,0,0,0,0,0,0,0,0,0,0,0,0,0,0,0,0,0,0,0,0,0,0,0,0,0,0,0,0,0,0,0,0,0,0,0,0,2,2,3,4,8,10,10,14,17,22,25,30,33,38,41,47,52,59,59,60,129,60,61,61,63,65,68,68,70,72,75,77,84,84,85,90,103,104,117,119,135,137,138,140,145,146,148,150,151,154,154,154,157,157,158,158,158,158,160,161,162,162,162,164,164,165,166,168,168,168,169,170,170,171,173,175,175,175,175,177,179,179,179,179,180,180,181,184,186,189
84018031,US,USA,840,18031.0,Decatur,Indiana,US,39.30712658,-85.50087166,"Decatur, Indiana, US",0,0,0,0,0,0,0,0,0,0,0,0,0,0,0,0,0,0,0,0,0,0,0,0,0,0,0,0,0,0,0,0,0,0,0,0,0,0,0,0,0,0,0,0,0,0,0,0,0,0,0,0,0,0,0,0,0,0,0,0,0,0,6,7,13,26,30,40,42,47,48,59,70,79,80,90,90,99,107,118,123,127,129,153,155,160,165,166,168,168,171,178,182,191,194,194,194,195,199,200,200,201,202,202,205,206,208,210,212,212,215,215,215,216,216,217,220,220,220,220,220,220,221,222,224,224,224,224,224,224,224,224,225,230,231,231,231,231,234,235,235,235,235,236,237,237,237,238,238,238,239,239
84018033,US,USA,840,18033.0,DeKalb,Indiana,US,41.39804622,-84.99906934,"DeKalb, Indiana, US",0,0,0,0,0,0,0,0,0,0,0,0,0,0,0,0,0,0,0,0,0,0,0,0,0,0,0,0,0,0,0,0,0,0,0,0,0,0,0,0,0,0,0,0,0,0,0,0,0,0,0,0,0,0,0,0,0,0,0,0,0,0,0,1,1,1,1,1,1,1,2,2,3,3,4,4,4,4,5,5,5,5,60,6,6,10,11,13,13,13,13,13,14,14,15,15,15,16,18,20,20,21,22,22,22,23,23,23,23,23,23,24,24,25,25,25,26,25,26,26,26,26,28,28,29,31,33,33,33,37,37,37,37,43,44,45,55,67,69,79,84,94,95,103,110,121,123,123,129,133,139,139
84018035,US,USA,840,18035.0,Delaware,Indiana,US,40.22787247,-85.39732772,"Delaware, Indiana, US",0,0,0,0,0,0,0,0,0,0,0,0,0,0,0,0,0,0,0,0,0,0,0,0,0,0,0,0,0,0,0,0,0,0,0,0,0,0,0,0,0,0,0,0,0,0,0,0,0,0,0,0,0,0,0,0,0,0,1,1,2,2,4,7,7,8,8,14,15,18,22,25,30,33,37,40,40,46,49,56,63,66,69,72,77,85,91,92,110,114,116,121,126,132,144,146,147,152,156,176,182,198,200,200,209,212,213,214,219,225,229,228,230,235,254,261,277,296,297,297,319,328,340,349,354,357,359,376,377,385,385,385,385,387,389,397,399,400,400,401,399,399,399,401,402,402,402,403,405,407,408,407
84018037,US,USA,840,18037.0,Dubois,Indiana,US,38.36597551,-86.87924170000002,"Dubois, Indiana, US",0,0,0,0,0,0,0,0,0,0,0,0,0,0,0,0,0,0,0,0,0,0,0,0,0,0,0,0,0,0,0,0,0,0,0,0,0,0,0,0,0,0,0,0,0,0,0,0,0,0,0,0,0,0,0,0,0,0,0,0,1,1,1,1,1,1,1,2,2,3,3,3,3,4,6,7,7,9,10,10,11,13,13,13,14,14,14,14,16,16,16,16,16,17,17,17,18,18,21,23,23,24,25,25,27,30,35,38,42,45,46,59,66,69,70,85,115,161,162,162,168,171,171,178,182,185,185,190,192,199,199,199,202,205,209,211,216,228,230,231,231,233,236,238,240,241,242,243,246,249,249,251
84018039,US,USA,840,18039.0,Elkhart,Indiana,US,41.59761169,-85.85875695,"Elkhart, Indiana, US",0,0,0,0,0,0,0,0,0,0,0,0,0,0,0,0,0,0,0,0,0,0,0,0,0,0,0,0,0,0,0,0,0,0,0,0,0,0,0,0,0,0,0,0,0,0,0,0,0,0,0,0,0,0,0,0,0,0,0,1,4,4,4,5,7,9,11,12,12,20,23,27,29,31,35,36,43,46,56,61,71,83,89,100,105,123,130,148,152,164,179,185,196,211,238,245,247,269,281,287,293,295,311,321,342,361,387,410,436,484,494,525,549,589,609,638,668,687,733,777,844,903,938,991,1008,1057,1070,1101,1163,1262,1322,1322,1384,1435,1495,1585,1637,1717,1741,1800,1832,1876,1929,2030,2081,2168,2248,2280,2400,2477,2538,2603
84018041,US,USA,840,18041.0,Fayette,Indiana,US,39.63684962,-85.17797541,"Fayette, Indiana, US",0,0,0,0,0,0,0,0,0,0,0,0,0,0,0,0,0,0,0,0,0,0,0,0,0,0,0,0,0,0,0,0,0,0,0,0,0,0,0,0,0,0,0,0,0,0,0,0,0,0,0,0,0,0,0,0,1,1,1,1,1,1,2,3,3,3,4,5,8,9,10,11,13,14,16,16,18,18,19,19,20,20,20,20,20,20,21,21,22,22,22,22,22,23,25,25,25,26,28,28,28,28,29,30,30,33,34,34,36,36,38,39,39,40,40,40,42,42,42,43,50,50,50,63,65,68,71,74,76,77,77,78,78,79,79,79,79,79,80,80,80,80,81,83,83,84,84,85,85,85,85,85
84018043,US,USA,840,18043.0,Floyd,Indiana,US,38.32117957,-85.90385377,"Floyd, Indiana, US",0,0,0,0,0,0,0,0,0,0,0,0,0,0,0,0,0,0,0,0,0,0,0,0,0,0,0,0,0,0,0,0,0,0,0,0,0,0,0,0,0,0,0,0,0,0,0,0,0,0,0,0,0,0,1,1,1,1,5,5,3,3,6,6,7,11,13,14,20,21,21,34,37,41,50,50,74,77,88,93,105,107,108,111,116,125,130,137,142,142,142,149,152,162,163,164,164,173,174,178,182,200,203,204,212,218,224,226,230,232,232,238,246,250,254,297,297,301,304,306,309,311,311,312,313,314,315,317,318,318,318,318,319,321,323,319,323,326,328,327,329,332,333,333,333,335,337,338,339,342,344,344
84018045,US,USA,840,18045.0,Fountain,Indiana,US,40.12361933,-87.24217689,"Fountain, Indiana, US",0,0,0,0,0,0,0,0,0,0,0,0,0,0,0,0,0,0,0,0,0,0,0,0,0,0,0,0,0,0,0,0,0,0,0,0,0,0,0,0,0,0,0,0,0,0,0,0,0,0,0,0,0,0,0,0,0,0,0,0,0,0,0,0,1,1,1,1,1,1,1,2,2,2,2,2,2,2,2,3,3,3,3,3,3,4,4,5,6,8,8,8,8,9,9,9,9,10,10,11,12,12,13,14,14,14,14,14,15,16,16,16,16,16,16,18,18,18,18,18,19,17,17,17,18,18,18,18,20,21,21,21,22,22,22,22,22,23,23,23,24,23,23,23,24,24,24,24,24,24,24,24
84018047,US,USA,840,18047.0,Franklin,Indiana,US,39.4142482,-85.06062647,"Franklin, Indiana, US",0,0,0,0,0,0,0,0,0,0,0,0,0,0,0,0,0,0,0,0,0,0,0,0,0,0,0,0,0,0,0,0,0,0,0,0,0,0,0,0,0,0,0,0,0,0,0,0,0,0,0,0,0,0,0,2,2,2,2,2,4,4,7,7,13,21,23,26,28,35,39,45,48,50,53,55,60,61,64,66,67,69,69,74,75,75,87,89,89,90,91,91,92,92,94,94,94,95,96,97,97,97,97,99,99,101,101,104,104,104,106,106,106,107,107,106,106,106,106,106,106,106,106,106,106,106,106,109,109,110,110,110,110,115,116,116,117,117,117,118,119,119,119,119,120,120,120,120,120,120,120,121
84018049,US,USA,840,18049.0,Fulton,Indiana,US,41.0469907,-86.26252745,"Fulton, Indiana, US",0,0,0,0,0,0,0,0,0,0,0,0,0,0,0,0,0,0,0,0,0,0,0,0,0,0,0,0,0,0,0,0,0,0,0,0,0,0,0,0,0,0,0,0,0,0,0,0,0,0,0,0,0,0,0,0,0,0,0,0,0,0,0,0,0,1,1,1,1,1,1,1,1,2,2,3,3,3,3,3,3,3,3,3,3,3,4,5,6,6,6,6,7,7,10,13,23,26,26,27,30,31,33,33,34,34,34,34,36,36,36,37,37,39,39,42,43,44,45,47,46,46,46,46,47,47,47,47,48,49,49,49,49,50,50,51,51,51,51,51,51,52,53,53,55,55,56,56,58,60,61,62
84018051,US,USA,840,18051.0,Gibson,Indiana,US,38.30393723,-87.58054938,"Gibson, Indiana, US",0,0,0,0,0,0,0,0,0,0,0,0,0,0,0,0,0,0,0,0,0,0,0,0,0,0,0,0,0,0,0,0,0,0,0,0,0,0,0,0,0,0,0,0,0,0,0,0,0,0,0,0,0,0,0,0,0,0,0,0,0,0,2,2,3,3,4,4,4,4,4,4,4,4,4,4,4,4,4,4,4,4,4,4,4,4,4,5,5,5,5,5,6,6,6,6,6,6,6,7,7,7,7,7,7,7,7,7,7,8,8,8,8,8,9,10,10,10,10,11,13,13,13,13,14,14,14,14,14,15,17,17,17,18,19,20,20,20,20,21,21,22,22,22,23,24,24,24,24,25,26,27
84018053,US,USA,840,18053.0,Grant,Indiana,US,40.51587228,-85.65468702,"Grant, Indiana, US",0,0,0,0,0,0,0,0,0,0,0,0,0,0,0,0,0,0,0,0,0,0,0,0,0,0,0,0,0,0,0,0,0,0,0,0,0,0,0,0,0,0,0,0,0,0,0,0,0,0,0,0,0,0,0,0,0,0,1,1,2,2,3,3,3,5,5,7,7,7,9,11,12,15,18,20,20,22,26,32,35,36,37,40,41,45,47,55,75,78,97,101,102,112,113,114,117,119,120,129,138,143,144,146,146,149,151,151,153,153,153,153,153,155,157,161,163,166,167,168,172,174,178,181,185,191,195,197,206,210,211,213,219,221,225,229,235,235,240,244,245,250,253,259,261,262,264,265,269,272,275,278
84018055,US,USA,840,18055.0,Greene,Indiana,US,39.03630547,-86.96223202,"Greene, Indiana, US",0,0,0,0,0,0,0,0,0,0,0,0,0,0,0,0,0,0,0,0,0,0,0,0,0,0,0,0,0,0,0,0,0,0,0,0,0,0,0,0,0,0,0,0,0,0,0,0,0,0,0,0,0,0,0,0,0,0,0,1,1,1,1,0,0,0,0,1,1,2,3,8,9,9,10,10,11,12,12,14,14,19,25,25,28,36,37,42,42,42,44,44,44,45,46,47,47,48,55,56,90,95,96,96,97,101,132,146,147,147,147,151,151,153,154,154,158,160,161,162,165,167,167,167,167,167,168,168,168,169,169,169,169,171,172,172,174,175,175,175,177,177,177,177,179,181,181,182,182,183,184,184
84018057,US,USA,840,18057.0,Hamilton,Indiana,US,40.07306535,-86.05244729,"Hamilton, Indiana, US",0,0,0,0,0,0,0,0,0,0,0,0,0,0,0,0,0,0,0,0,0,0,0,0,0,0,0,0,0,0,0,0,0,0,0,0,0,0,0,0,0,0,0,0,0,0,0,0,0,0,0,0,0,1,1,1,2,2,5,10,18,18,25,30,40,52,64,83,106,127,179,207,220,265,300,335,363,392,395,431,443,478,490,499,510,520,542,563,583,598,615,624,645,670,699,704,720,729,746,755,794,810,824,845,859,882,894,902,920,925,936,956,960,968,977,1001,1021,1033,1042,1054,1071,1084,1092,1096,1099,1115,1123,1132,1156,1154,1159,1162,1170,1180,1183,1191,1203,1205,1209,1221,1242,1245,1250,1257,1277,1357,1368,1371,1349,1359,1365,1369
84018059,US,USA,840,18059.0,Hancock,Indiana,US,39.82304555,-85.77566351,"Hancock, Indiana, US",0,0,0,0,0,0,0,0,0,0,0,0,0,0,0,0,0,0,0,0,0,0,0,0,0,0,0,0,0,0,0,0,0,0,0,0,0,0,0,0,0,0,0,0,0,0,0,0,0,0,1,1,1,1,1,0,0,0,0,1,2,2,4,8,9,13,19,22,28,26,33,37,41,57,61,72,89,99,100,109,112,118,118,121,129,127,132,135,143,151,149,151,160,171,177,178,183,204,213,218,227,229,230,231,233,236,241,246,264,264,270,270,276,278,282,287,291,292,301,303,310,312,315,317,319,321,323,327,327,331,338,340,345,349,351,354,360,362,366,367,367,367,371,374,379,386,381,382,382,385,388,391
84018061,US,USA,840,18061.0,Harrison,Indiana,US,38.19467379,-86.10948271,"Harrison, Indiana, US",0,0,0,0,0,0,0,0,0,0,0,0,0,0,0,0,0,0,0,0,0,0,0,0,0,0,0,0,0,0,0,0,0,0,0,0,0,0,0,0,0,0,0,0,0,0,0,0,0,0,0,0,0,0,0,0,0,0,0,0,0,0,0,2,2,4,7,14,15,15,15,18,23,28,33,33,48,48,51,50,54,55,58,58,59,61,65,85,87,101,103,105,108,111,115,118,121,125,127,129,129,135,138,138,138,145,150,153,156,157,160,162,165,166,168,167,170,173,174,175,178,179,183,184,185,187,188,189,192,194,194,194,196,196,195,196,196,195,197,198,198,198,198,198,198,198,199,200,201,200,200,200
84018063,US,USA,840,18063.0,Hendricks,Indiana,US,39.76719009,-86.51037283,"Hendricks, Indiana, US",0,0,0,0,0,0,0,0,0,0,0,0,0,0,0,0,0,0,0,0,0,0,0,0,0,0,0,0,0,0,0,0,0,0,0,0,0,0,0,0,0,0,0,0,0,0,1,2,2,2,2,2,2,2,3,3,4,4,4,6,8,8,13,15,21,28,36,48,58,70,91,116,138,163,177,196,225,243,256,287,301,315,330,350,360,378,407,435,471,499,511,518,565,582,611,644,643,645,658,667,701,745,764,774,785,883,893,927,951,958,973,984,989,997,1012,1020,1032,1039,1050,1060,1087,1095,1103,1117,1123,1130,1135,1142,1161,1166,1169,1171,1177,1180,1192,1204,1212,1218,1219,1223,1234,1246,1261,1266,1270,1276,1281,1283,1286,1296,1307,1318
84018065,US,USA,840,18065.0,Henry,Indiana,US,39.93029017,-85.39625719,"Henry, Indiana, US",0,0,0,0,0,0,0,0,0,0,0,0,0,0,0,0,0,0,0,0,0,0,0,0,0,0,0,0,0,0,0,0,0,0,0,0,0,0,0,0,0,0,0,0,0,0,0,0,0,0,0,0,0,0,0,0,0,0,0,0,0,0,0,0,0,1,1,2,2,1,4,6,7,8,11,13,16,19,19,20,22,23,23,22,23,24,26,29,31,31,28,29,30,31,32,33,34,36,37,39,40,43,44,48,47,47,59,70,72,81,85,92,97,100,107,123,125,128,137,139,152,153,155,156,159,161,170,169,169,172,182,184,184,184,184,185,186,188,189,190,192,200,201,201,203,204,204,204,204,205,206,209
84018067,US,USA,840,18067.0,Howard,Indiana,US,40.48527731,-86.11351892,"Howard, Indiana, US",0,0,0,0,0,0,0,0,0,0,0,0,0,0,0,0,0,0,0,0,0,0,0,0,0,0,0,0,0,0,0,0,0,0,0,0,0,0,0,0,0,0,0,0,0,0,0,0,0,1,1,1,1,1,2,2,2,5,5,5,6,6,6,6,6,7,9,12,14,16,20,24,25,27,27,32,37,44,42,46,46,48,50,50,60,61,61,68,68,72,71,75,76,81,83,117,152,158,169,172,176,185,191,202,211,220,225,234,242,245,256,260,258,258,262,285,285,297,303,331,336,339,344,345,356,365,376,378,395,404,408,415,429,437,440,442,444,444,446,449,451,454,458,463,469,472,476,479,492,494,497,499
84018069,US,USA,840,18069.0,Huntington,Indiana,US,40.82907273,-85.48822092,"Huntington, Indiana, US",0,0,0,0,0,0,0,0,0,0,0,0,0,0,0,0,0,0,0,0,0,0,0,0,0,0,0,0,0,0,0,0,0,0,0,0,0,0,0,0,0,0,0,0,0,0,0,0,0,0,0,0,0,0,0,0,0,0,0,0,0,0,0,0,0,1,1,1,2,2,2,3,3,5,4,4,6,6,6,6,6,7,6,6,6,6,6,6,6,6,6,6,6,6,6,7,9,9,9,9,9,10,11,11,11,12,12,13,13,14,14,17,17,18,19,20,21,21,20,20,20,20,22,22,26,26,26,26,27,27,28,28,28,34,38,38,39,42,44,46,49,49,49,51,51,52,55,55,57,58,57,60
84018071,US,USA,840,18071.0,Jackson,Indiana,US,38.90915820000001,-86.03851889,"Jackson, Indiana, US",0,0,0,0,0,0,0,0,0,0,0,0,0,0,0,0,0,0,0,0,0,0,0,0,0,0,0,0,0,0,0,0,0,0,0,0,0,0,0,0,0,0,0,0,0,0,0,0,0,0,0,0,0,0,0,0,0,0,0,0,0,0,1,1,2,4,7,7,8,8,10,19,25,28,36,37,40,46,53,57,64,70,70,70,74,77,77,84,90,89,98,97,100,101,108,114,118,125,128,138,157,163,165,166,183,188,219,251,274,278,282,285,299,304,313,320,327,332,336,338,345,351,353,359,361,367,368,372,379,382,389,392,394,394,399,401,401,403,404,406,407,413,414,416,416,419,421,422,428,427,428,431
84018073,US,USA,840,18073.0,Jasper,Indiana,US,41.02078733,-87.11553319,"Jasper, Indiana, US",0,0,0,0,0,0,0,0,0,0,0,0,0,0,0,0,0,0,0,0,0,0,0,0,0,0,0,0,0,0,0,0,0,0,0,0,0,0,0,0,0,0,0,0,0,0,0,0,0,0,0,0,0,0,0,0,0,0,0,0,0,0,0,1,3,4,5,6,6,8,9,11,13,15,12,15,14,14,16,15,16,17,18,18,19,19,22,21,22,25,26,24,27,34,34,28,29,40,45,46,33,33,36,36,37,37,37,36,37,39,40,39,40,40,42,43,43,43,42,48,48,50,52,54,56,58,62,66,65,66,67,68,68,70,73,74,75,75,76,80,82,81,81,82,83,84,85,86,87,89,90,91
84018075,US,USA,840,18075.0,Jay,Indiana,US,40.43781032,-85.00576229,"Jay, Indiana, US",0,0,0,0,0,0,0,0,0,0,0,0,0,0,0,0,0,0,0,0,0,0,0,0,0,0,0,0,0,0,0,0,0,0,0,0,0,0,0,0,0,0,0,0,0,0,0,0,0,0,0,0,0,0,0,0,0,0,0,0,0,0,0,0,0,0,0,0,0,0,1,1,2,2,3,3,3,3,4,4,4,4,7,7,7,7,8,8,9,10,9,9,10,10,11,11,12,12,14,15,16,16,16,18,18,18,18,18,21,22,22,22,22,23,25,28,29,32,32,32,32,38,41,43,43,44,46,49,50,50,52,53,53,53,54,58,58,58,59,59,59,60,60,61,62,62,62,64,64,63,63,63
84018077,US,USA,840,18077.0,Jefferson,Indiana,US,38.78576239,-85.43633383,"Jefferson, Indiana, US",0,0,0,0,0,0,0,0,0,0,0,0,0,0,0,0,0,0,0,0,0,0,0,0,0,0,0,0,0,0,0,0,0,0,0,0,0,0,0,0,0,0,0,0,0,0,0,0,0,0,0,0,0,0,0,0,0,0,0,0,0,0,0,0,0,0,0,0,0,1,1,3,5,5,5,6,6,7,10,10,13,12,12,16,15,15,18,18,18,20,21,21,22,22,22,22,26,26,26,26,29,30,30,30,30,30,32,34,34,35,35,35,35,35,35,34,35,39,40,41,41,41,41,41,41,41,42,43,43,45,45,45,46,47,49,49,49,49,51,52,51,51,52,53,53,53,53,54,55,55,56,56
84018079,US,USA,840,18079.0,Jennings,Indiana,US,38.99588883,-85.62710784,"Jennings, Indiana, US",0,0,0,0,0,0,0,0,0,0,0,0,0,0,0,0,0,0,0,0,0,0,0,0,0,0,0,0,0,0,0,0,0,0,0,0,0,0,0,0,0,0,0,0,0,0,0,0,0,0,0,0,0,0,0,0,1,1,1,1,1,1,2,3,4,5,10,13,14,15,17,23,31,35,35,37,41,42,45,46,54,56,56,58,60,63,63,63,64,64,64,64,67,68,71,72,72,72,74,75,78,81,82,82,86,87,89,93,95,96,96,98,108,109,111,112,116,116,117,121,123,125,126,126,127,127,128,129,130,130,130,130,131,131,132,132,132,132,133,133,135,136,139,140,142,142,142,142,145,158,159,161
84018081,US,USA,840,18081.0,Johnson,Indiana,US,39.48994426,-86.10149107,"Johnson, Indiana, US",0,0,0,0,0,0,0,0,0,0,0,0,0,0,0,0,0,0,0,0,0,0,0,0,0,0,0,0,0,0,0,0,0,0,0,0,0,0,0,0,0,0,0,0,0,0,0,0,0,3,3,3,3,3,3,3,3,3,4,7,12,12,18,24,36,42,52,71,81,101,118,126,136,153,167,195,212,230,248,270,287,317,327,329,347,358,371,393,411,426,451,456,478,511,530,533,538,548,563,579,616,668,706,718,730,746,754,769,790,807,827,840,838,952,959,980,992,1002,1016,1029,1049,1052,1065,1080,1082,1086,1092,1092,1093,1097,1105,1115,1117,1120,1121,1125,1129,1133,1139,1143,1155,1157,1160,1168,1168,1172,1174,1177,1185,1185,1189,1200
84018083,US,USA,840,18083.0,Knox,Indiana,US,38.68861576,-87.4194665,"Knox, Indiana, US",0,0,0,0,0,0,0,0,0,0,0,0,0,0,0,0,0,0,0,0,0,0,0,0,0,0,0,0,0,0,0,0,0,0,0,0,0,0,0,0,0,0,0,0,0,0,0,0,0,0,0,0,0,0,0,0,0,0,0,0,0,0,0,0,0,0,0,2,2,2,3,4,4,5,7,8,9,10,10,13,13,15,15,15,16,16,16,17,18,18,18,18,18,19,20,20,20,20,20,20,20,20,20,20,20,20,20,20,20,21,21,21,22,22,22,22,22,22,22,23,23,23,24,24,24,25,25,25,29,28,28,28,29,31,31,31,32,32,33,33,33,34,34,35,35,35,37,38,40,40,41,44
84018085,US,USA,840,18085.0,Kosciusko,Indiana,US,41.24521668,-85.86312322,"Kosciusko, Indiana, US",0,0,0,0,0,0,0,0,0,0,0,0,0,0,0,0,0,0,0,0,0,0,0,0,0,0,0,0,0,0,0,0,0,0,0,0,0,0,0,0,0,0,0,0,0,0,0,0,0,0,0,0,0,0,0,0,0,0,0,0,0,0,0,0,0,1,2,3,4,5,5,5,8,11,12,14,14,16,16,17,17,18,18,19,19,21,22,22,22,22,22,23,24,25,27,29,29,30,33,34,36,36,36,37,38,39,39,39,39,41,45,47,48,50,55,57,56,58,60,60,61,71,71,78,86,94,97,101,111,127,135,150,156,166,179,205,209,227,232,242,252,271,277,294,306,311,330,335,354,362,374,381
84018087,US,USA,840,18087.0,LaGrange,Indiana,US,41.64232188,-85.42674232,"LaGrange, Indiana, US",0,0,0,0,0,0,0,0,0,0,0,0,0,0,0,0,0,0,0,0,0,0,0,0,0,0,0,0,0,0,0,0,0,0,0,0,0,0,0,0,0,0,0,0,0,0,0,0,0,0,0,0,0,0,0,0,0,0,0,0,0,0,0,0,0,2,2,2,2,2,2,2,4,4,4,6,6,6,7,9,10,12,13,13,14,15,16,15,16,17,18,18,19,19,21,22,23,24,24,25,25,27,28,30,33,36,36,36,37,38,38,41,41,46,48,49,49,50,52,56,57,58,59,60,60,60,62,68,71,76,81,84,93,102,116,128,139,159,171,181,188,219,235,248,267,277,294,320,336,354,365,377
84018089,US,USA,840,18089.0,Lake,Indiana,US,41.41874274,-87.38277575,"Lake, Indiana, US",0,0,0,0,0,0,0,0,0,0,0,0,0,0,0,0,0,0,0,0,0,0,0,0,0,0,0,0,0,0,0,0,0,0,0,0,0,0,0,0,0,0,0,0,0,0,0,0,0,0,0,0,0,0,0,2,3,4,6,7,10,10,17,19,31,47,68,85,97,146,180,215,244,313,335,369,418,461,525,576,676,744,796,819,876,978,1026,1095,1105,1182,1227,1292,1346,1445,1515,1533,1586,1715,1786,1846,1929,1993,2036,2098,2161,2233,2288,2359,2392,2445,2493,2534,2588,2684,2747,2812,2843,2886,2946,3024,3087,3128,3191,3260,3299,3320,3347,3494,3538,3573,3616,3639,3689,3806,3833,3876,3915,3940,3959,4005,4033,4057,4081,4109,4133,4172,4211,4222,4297,4326,4356,4400
84018091,US,USA,840,18091.0,LaPorte,Indiana,US,41.54366008,-86.74072188,"LaPorte, Indiana, US",0,0,0,0,0,0,0,0,0,0,0,0,0,0,0,0,0,0,0,0,0,0,0,0,0,0,0,0,0,0,0,0,0,0,0,0,0,0,0,0,0,0,0,0,0,0,0,0,0,0,0,0,1,1,1,1,1,1,1,2,2,2,2,2,2,2,4,6,6,8,11,14,17,19,21,21,25,28,30,31,31,33,34,36,42,112,129,134,140,140,140,144,148,149,156,188,192,199,209,218,224,229,251,254,268,284,303,307,321,324,329,335,340,346,352,355,358,360,360,365,373,376,387,399,408,415,415,420,424,430,433,438,434,436,446,448,455,457,460,462,463,465,465,467,470,470,471,473,479,482,483,486
84018093,US,USA,840,18093.0,Lawrence,Indiana,US,38.84112637,-86.48361629,"Lawrence, Indiana, US",0,0,0,0,0,0,0,0,0,0,0,0,0,0,0,0,0,0,0,0,0,0,0,0,0,0,0,0,0,0,0,0,0,0,0,0,0,0,0,0,0,0,0,0,0,0,0,0,0,0,0,0,0,0,0,0,0,0,0,0,0,0,1,1,2,5,5,8,9,9,11,12,22,36,39,39,44,55,56,59,63,68,71,73,73,74,76,77,79,81,83,83,86,87,92,92,93,95,94,99,99,105,105,108,109,111,112,115,116,116,120,122,124,124,127,133,133,139,141,140,141,141,142,142,143,144,146,152,154,159,163,165,165,165,167,171,171,171,172,172,172,172,176,176,181,182,182,186,187,187,189,193
84018095,US,USA,840,18095.0,Madison,Indiana,US,40.16143691,-85.71964711,"Madison, Indiana, US",0,0,0,0,0,0,0,0,0,0,0,0,0,0,0,0,0,0,0,0,0,0,0,0,0,0,0,0,0,0,0,0,0,0,0,0,0,0,0,0,0,0,0,0,0,0,0,0,0,0,0,0,0,0,0,0,0,1,1,1,2,2,3,4,4,7,12,18,29,38,46,62,67,72,86,101,137,143,146,204,235,254,261,263,273,283,305,323,332,340,346,351,359,379,395,394,396,401,409,420,428,434,439,450,452,462,474,479,497,503,509,512,527,527,535,538,543,551,553,568,573,576,576,580,582,582,582,584,585,586,586,593,594,597,599,600,603,603,605,605,606,610,612,612,614,614,615,615,618,618,618,620
84018097,US,USA,840,18097.0,Marion,Indiana,US,39.78163624,-86.13826325,"Marion, Indiana, US",0,0,0,0,0,0,0,0,0,0,0,0,0,0,0,0,0,0,0,0,0,0,0,0,0,0,0,0,0,0,0,0,0,0,0,0,0,0,0,0,0,0,0,0,1,1,1,1,1,1,2,2,3,6,7,9,11,19,25,46,82,82,161,226,293,484,584,676,804,964,1117,1304,1429,1570,1760,1956,2141,2290,2415,2600,2742,2887,3012,3063,3204,3320,3518,3624,3889,4052,4176,4263,4408,4537,4727,4796,4926,5080,5295,5530,5754,5983,6176,6327,6419,6730,6914,7078,7245,7336,7510,7632,7703,7793,7995,8151,8303,8406,8541,8656,8815,8928,9040,9132,9189,9268,9371,9524,9616,9761,9853,9900,9978,10037,10095,10188,10276,10326,10358,10444,10464,10492,10577,10619,10662,10788,10834,10862,10852,10885,10904,10945
84018099,US,USA,840,18099.0,Marshall,Indiana,US,41.32467367,-86.26185087,"Marshall, Indiana, US",0,0,0,0,0,0,0,0,0,0,0,0,0,0,0,0,0,0,0,0,0,0,0,0,0,0,0,0,0,0,0,0,0,0,0,0,0,0,0,0,0,0,0,0,0,0,0,0,0,0,0,0,0,0,0,0,0,0,0,0,0,0,0,0,1,4,3,3,3,3,3,4,4,4,6,8,10,11,11,12,14,19,17,17,19,20,22,22,23,24,24,26,25,25,26,27,29,28,28,29,30,30,31,31,32,31,31,31,32,33,34,36,37,39,39,40,43,42,44,50,51,54,61,64,64,76,80,80,90,102,108,111,128,147,178,187,196,214,227,230,247,261,276,287,301,305,315,322,338,344,347,359
84018101,US,USA,840,18101.0,Martin,Indiana,US,38.7099921,-86.80373186,"Martin, Indiana, US",0,0,0,0,0,0,0,0,0,0,0,0,0,0,0,0,0,0,0,0,0,0,0,0,0,0,0,0,0,0,0,0,0,0,0,0,0,0,0,0,0,0,0,0,0,0,0,0,0,0,0,0,0,0,0,0,0,0,0,0,0,0,0,0,0,0,0,0,0,0,0,0,0,1,1,2,1,1,2,2,2,5,5,5,5,5,5,5,5,6,6,6,6,7,7,7,7,7,7,7,7,7,7,7,7,7,7,7,7,7,7,7,7,7,7,7,7,8,8,8,8,8,10,9,9,9,9,9,11,11,11,11,12,12,13,14,14,15,15,15,15,15,15,15,16,16,16,16,20,20,20,21
84018103,US,USA,840,18103.0,Miami,Indiana,US,40.76940965,-86.04525048,"Miami, Indiana, US",0,0,0,0,0,0,0,0,0,0,0,0,0,0,0,0,0,0,0,0,0,0,0,0,0,0,0,0,0,0,0,0,0,0,0,0,0,0,0,0,0,0,0,0,0,0,0,0,0,0,0,0,0,0,0,0,0,0,0,0,1,1,1,1,1,1,1,1,3,3,3,4,5,8,7,7,9,12,13,14,15,16,16,17,17,22,21,21,22,22,26,27,31,38,42,65,93,96,100,104,107,109,115,119,120,121,121,122,123,125,126,130,129,129,129,130,130,130,130,132,134,134,135,137,139,139,139,140,141,140,140,140,141,141,144,146,149,150,151,152,152,153,161,163,169,170,176,177,177,177,176,176
84018105,US,USA,840,18105.0,Monroe,Indiana,US,39.16130004,-86.52414358,"Monroe, Indiana, US",0,0,0,0,0,0,0,0,0,0,0,0,0,0,0,0,0,0,0,0,0,0,0,0,0,0,0,0,0,0,0,0,0,0,0,0,0,0,0,0,0,0,0,0,0,0,0,0,0,0,0,0,0,0,0,0,0,1,0,1,1,1,3,4,6,8,16,22,26,30,33,36,40,45,48,48,54,60,61,70,75,83,87,91,95,102,108,113,114,114,115,118,118,118,120,120,120,122,122,123,126,130,130,131,132,135,137,141,142,143,145,145,145,146,144,144,150,149,152,154,156,157,158,158,160,160,162,165,166,167,166,166,169,170,170,171,174,174,176,179,181,184,185,185,187,188,190,202,203,207,208,208
84018107,US,USA,840,18107.0,Montgomery,Indiana,US,40.04034823,-86.89335024,"Montgomery, Indiana, US",0,0,0,0,0,0,0,0,0,0,0,0,0,0,0,0,0,0,0,0,0,0,0,0,0,0,0,0,0,0,0,0,0,0,0,0,0,0,0,0,0,0,0,0,0,0,0,0,0,0,0,0,0,0,0,0,0,0,0,0,0,0,1,1,2,3,4,5,6,6,6,10,12,14,14,15,16,17,19,20,21,22,22,23,25,25,25,25,25,26,26,27,29,29,30,33,35,37,40,67,88,96,100,102,106,110,111,114,125,127,140,144,147,154,160,167,173,173,187,191,199,202,211,221,227,231,233,234,235,238,241,245,244,244,248,249,252,252,254,259,259,260,262,263,264,266,267,268,268,270,272,272
84018109,US,USA,840,18109.0,Morgan,Indiana,US,39.47899078,-86.44573375,"Morgan, Indiana, US",0,0,0,0,0,0,0,0,0,0,0,0,0,0,0,0,0,0,0,0,0,0,0,0,0,0,0,0,0,0,0,0,0,0,0,0,0,0,0,0,0,0,0,0,0,0,0,0,0,0,0,0,0,0,0,0,0,0,0,0,1,1,3,5,7,10,14,20,23,32,41,48,52,60,65,76,79,82,82,89,94,101,103,104,105,108,111,111,116,119,124,124,125,128,133,131,132,136,140,152,156,160,163,168,171,176,183,182,194,197,208,210,224,226,240,241,244,247,250,250,251,253,257,258,261,262,270,277,278,278,277,280,281,283,284,286,287,290,291,294,294,294,296,297,298,299,300,300,301,301,304,306
84018111,US,USA,840,18111.0,Newton,Indiana,US,40.95610449,-87.39635768,"Newton, Indiana, US",0,0,0,0,0,0,0,0,0,0,0,0,0,0,0,0,0,0,0,0,0,0,0,0,0,0,0,0,0,0,0,0,0,0,0,0,0,0,0,0,0,0,0,0,0,0,0,0,0,0,0,0,0,0,0,0,0,0,0,0,0,0,0,0,0,0,1,1,1,1,1,1,1,1,4,4,6,6,6,7,9,26,27,29,29,29,29,31,31,31,33,38,40,40,44,46,46,46,46,46,60,61,61,62,61,61,61,64,64,64,64,67,68,68,71,71,71,71,71,71,72,72,72,74,74,74,74,76,77,77,78,78,78,78,78,80,81,81,81,81,82,86,87,87,87,88,88,88,88,87,88,88
84018113,US,USA,840,18113.0,Noble,Indiana,US,41.39672484,-85.41966713,"Noble, Indiana, US",0,0,0,0,0,0,0,0,0,0,0,0,0,0,0,0,0,0,0,0,0,0,0,0,0,0,0,0,0,0,0,0,0,0,0,0,0,0,0,0,0,0,0,0,0,0,0,0,1,1,1,1,1,1,1,1,1,1,1,1,1,1,1,1,1,1,2,2,2,2,3,3,5,9,11,11,11,11,13,14,14,14,15,17,25,27,29,34,36,38,40,45,47,51,51,54,56,58,68,69,71,84,83,86,122,123,124,127,128,132,135,136,142,144,147,148,152,152,152,155,161,167,174,181,185,189,192,204,211,228,232,237,238,251,268,278,286,296,299,305,310,311,318,322,331,337,341,346,354,358,356,367
84018115,US,USA,840,18115.0,Ohio,Indiana,US,38.955304999999996,-84.96515993,"Ohio, Indiana, US",0,0,0,0,0,0,0,0,0,0,0,0,0,0,0,0,0,0,0,0,0,0,0,0,0,0,0,0,0,0,0,0,0,0,0,0,0,0,0,0,0,0,0,0,0,0,0,0,0,0,0,0,0,0,0,0,0,0,0,0,0,0,1,1,1,1,1,1,1,1,1,1,1,1,1,1,1,1,1,1,1,1,1,1,1,1,1,1,1,1,2,2,3,3,3,3,3,4,4,4,4,4,5,6,6,7,7,7,9,9,9,10,11,11,11,12,12,13,13,13,13,13,13,13,13,13,13,13,13,13,13,13,13,13,13,13,13,13,13,13,13,13,13,13,13,13,13,13,13,13,13,13
84018117,US,USA,840,18117.0,Orange,Indiana,US,38.54118920000001,-86.49523093,"Orange, Indiana, US",0,0,0,0,0,0,0,0,0,0,0,0,0,0,0,0,0,0,0,0,0,0,0,0,0,0,0,0,0,0,0,0,0,0,0,0,0,0,0,0,0,0,0,0,0,0,0,0,0,0,0,0,0,0,0,0,0,0,0,0,0,0,0,0,1,1,1,1,2,3,3,3,5,5,7,9,14,11,12,13,16,17,18,18,19,22,24,25,30,34,34,38,39,56,57,60,60,63,64,76,101,104,104,105,106,107,106,108,113,114,113,118,118,119,120,120,122,122,122,122,122,122,122,124,124,124,124,124,125,126,128,130,130,131,131,131,131,132,132,132,132,132,132,132,132,132,132,132,132,132,132,132
84018119,US,USA,840,18119.0,Owen,Indiana,US,39.31145587,-86.83900724,"Owen, Indiana, US",0,0,0,0,0,0,0,0,0,0,0,0,0,0,0,0,0,0,0,0,0,0,0,0,0,0,0,0,0,0,0,0,0,0,0,0,0,0,0,0,0,0,0,0,0,0,0,0,0,0,0,0,0,0,0,0,0,1,1,1,1,1,2,4,4,5,7,9,10,11,12,12,13,13,15,15,17,17,17,18,18,19,19,19,19,21,21,21,21,21,22,22,22,22,22,22,22,22,22,23,23,24,24,25,24,24,24,26,28,28,28,27,27,27,27,27,27,27,27,28,29,29,30,31,31,34,34,35,34,34,35,35,34,34,34,34,36,36,36,36,37,37,37,37,37,37,37,39,40,39,40,40
84018121,US,USA,840,18121.0,Parke,Indiana,US,39.77202286,-87.20375833,"Parke, Indiana, US",0,0,0,0,0,0,0,0,0,0,0,0,0,0,0,0,0,0,0,0,0,0,0,0,0,0,0,0,0,0,0,0,0,0,0,0,0,0,0,0,0,0,0,0,0,0,0,0,0,0,0,0,0,0,0,0,0,0,0,0,0,0,0,0,0,0,0,0,0,0,0,0,1,2,2,5,6,5,5,6,7,7,7,7,7,7,8,7,9,9,9,9,10,11,12,12,12,12,12,12,12,12,12,12,13,13,13,14,16,17,16,16,16,16,17,18,18,18,17,17,17,17,17,17,17,17,18,19,17,17,18,18,17,18,18,18,18,19,19,19,19,19,20,20,20,20,20,20,20,20,20,20
84018123,US,USA,840,18123.0,Perry,Indiana,US,38.07809328,-86.63741946,"Perry, Indiana, US",0,0,0,0,0,0,0,0,0,0,0,0,0,0,0,0,0,0,0,0,0,0,0,0,0,0,0,0,0,0,0,0,0,0,0,0,0,0,0,0,0,0,0,0,0,0,0,0,0,0,0,0,0,0,0,0,0,0,0,0,0,0,0,0,0,0,0,0,0,0,0,0,0,0,0,0,0,0,0,3,3,3,3,3,4,4,4,5,5,6,6,6,6,6,6,6,8,10,10,10,10,11,11,11,11,11,13,14,16,17,21,19,19,19,19,19,19,19,20,20,22,22,23,23,27,26,26,28,31,32,33,33,33,34,39,39,41,42,44,47,48,55,68,83,91,92,92,94,101,101,103,105
84018125,US,USA,840,18125.0,Pike,Indiana,US,38.40112197,-87.23574907,"Pike, Indiana, US",0,0,0,0,0,0,0,0,0,0,0,0,0,0,0,0,0,0,0,0,0,0,0,0,0,0,0,0,0,0,0,0,0,0,0,0,0,0,0,0,0,0,0,0,0,0,0,0,0,0,0,0,0,0,0,0,0,0,0,0,0,0,0,0,0,0,0,0,0,0,0,0,0,0,0,0,0,0,0,0,0,1,1,2,1,1,1,1,1,1,1,1,1,1,1,1,1,1,1,1,2,2,2,2,2,2,2,2,2,3,3,3,3,3,3,5,5,5,5,5,5,5,5,6,6,6,6,6,6,6,6,6,6,6,6,6,6,6,6,6,6,6,6,6,6,6,6,6,6,6,6,6
84018127,US,USA,840,18127.0,Porter,Indiana,US,41.45986947,-87.06848888,"Porter, Indiana, US",0,0,0,0,0,0,0,0,0,0,0,0,0,0,0,0,0,0,0,0,0,0,0,0,0,0,0,0,0,0,0,0,0,0,0,0,0,0,0,0,0,0,0,0,0,0,0,0,0,0,0,0,0,0,0,0,0,0,0,0,0,0,1,3,5,6,9,14,15,21,27,35,45,51,59,79,84,85,93,95,107,118,120,127,135,143,155,168,175,180,183,193,198,204,210,212,215,228,232,238,240,250,252,258,266,281,294,303,308,313,331,353,363,372,381,388,394,405,412,421,425,458,465,473,487,490,495,505,516,534,539,543,547,553,558,562,564,571,574,575,576,582,585,586,587,589,593,597,606,611,613,615
84018129,US,USA,840,18129.0,Posey,Indiana,US,38.02097333,-87.86480429,"Posey, Indiana, US",0,0,0,0,0,0,0,0,0,0,0,0,0,0,0,0,0,0,0,0,0,0,0,0,0,0,0,0,0,0,0,0,0,0,0,0,0,0,0,0,0,0,0,0,0,0,0,0,0,0,0,0,0,0,0,0,0,0,0,0,0,0,0,0,1,1,2,3,3,4,4,4,5,5,5,5,5,5,5,5,5,5,5,5,6,6,6,6,7,7,8,8,8,8,9,9,9,9,9,11,12,12,12,13,14,14,15,15,15,15,15,16,16,16,16,16,16,16,16,16,16,16,17,17,17,17,16,16,16,16,16,16,16,16,16,16,16,16,16,17,17,18,18,18,19,19,20,22,23,23,24,24
84018131,US,USA,840,18131.0,Pulaski,Indiana,US,41.04166107,-86.69890683,"Pulaski, Indiana, US",0,0,0,0,0,0,0,0,0,0,0,0,0,0,0,0,0,0,0,0,0,0,0,0,0,0,0,0,0,0,0,0,0,0,0,0,0,0,0,0,0,0,0,0,0,0,0,0,0,0,0,0,0,0,0,0,0,0,0,0,0,0,0,0,0,0,0,0,0,0,0,0,0,0,0,0,1,1,1,1,1,1,1,1,1,1,1,1,1,1,1,1,4,7,9,13,18,21,23,23,25,26,29,29,29,31,33,33,34,34,34,34,34,34,34,34,34,35,35,38,37,37,38,39,39,39,40,41,46,46,46,46,47,49,50,50,51,51,51,52,52,52,52,52,53,53,53,53,53,53,54,54
84018133,US,USA,840,18133.0,Putnam,Indiana,US,39.66437981,-86.84517605,"Putnam, Indiana, US",0,0,0,0,0,0,0,0,0,0,0,0,0,0,0,0,0,0,0,0,0,0,0,0,0,0,0,0,0,0,0,0,0,0,0,0,0,0,0,0,0,0,0,0,0,0,0,0,0,0,0,0,0,0,0,0,0,0,0,0,1,1,1,2,2,2,5,5,7,7,11,11,13,14,17,21,25,27,30,31,32,32,33,38,42,43,47,50,51,51,53,53,54,56,58,58,58,59,63,66,71,71,76,78,80,80,79,84,85,84,89,91,92,94,95,117,120,120,123,126,127,127,129,131,133,133,134,135,136,136,137,137,137,137,142,142,142,143,144,147,148,149,152,154,155,156,159,158,159,158,158,158
84018135,US,USA,840,18135.0,Randolph,Indiana,US,40.15734772,-85.01139319,"Randolph, Indiana, US",0,0,0,0,0,0,0,0,0,0,0,0,0,0,0,0,0,0,0,0,0,0,0,0,0,0,0,0,0,0,0,0,0,0,0,0,0,0,0,0,0,0,0,0,0,0,0,0,0,0,0,0,0,0,0,0,0,0,0,0,0,0,0,0,0,0,1,1,1,3,3,3,4,5,5,5,7,7,7,8,8,10,11,11,11,10,10,12,12,12,12,12,14,13,14,14,14,15,15,15,15,15,16,16,17,18,18,21,21,21,23,24,26,27,29,30,32,32,30,30,32,35,37,38,40,43,45,45,46,47,47,48,48,50,52,52,53,55,55,57,57,62,64,65,67,68,68,68,69,71,71,71
84018137,US,USA,840,18137.0,Ripley,Indiana,US,39.10235626,-85.26212744,"Ripley, Indiana, US",0,0,0,0,0,0,0,0,0,0,0,0,0,0,0,0,0,0,0,0,0,0,0,0,0,0,0,0,0,0,0,0,0,0,0,0,0,0,0,0,0,0,0,0,0,0,0,0,0,0,0,0,0,0,0,0,0,0,0,0,1,1,6,7,11,14,15,19,25,31,33,39,47,51,60,70,76,76,77,79,81,84,86,89,88,89,77,80,82,82,83,86,87,87,89,89,90,91,92,92,93,94,94,97,98,99,98,98,98,101,101,104,105,105,106,107,107,108,107,107,110,110,112,112,112,112,113,110,108,108,109,109,108,108,108,108,108,108,109,110,109,109,109,109,109,109,111,111,111,111,111,112
84018139,US,USA,840,18139.0,Rush,Indiana,US,39.62002287,-85.4655599,"Rush, Indiana, US",0,0,0,0,0,0,0,0,0,0,0,0,0,0,0,0,0,0,0,0,0,0,0,0,0,0,0,0,0,0,0,0,0,0,0,0,0,0,0,0,0,0,0,0,0,0,0,0,0,0,0,0,0,0,0,0,0,0,0,0,0,0,0,1,1,3,3,2,4,4,5,7,8,10,10,12,14,14,14,12,13,15,17,16,17,17,20,19,19,21,22,21,21,26,28,29,30,31,31,31,32,33,34,35,36,37,37,37,37,37,37,37,37,39,40,40,41,42,42,42,43,44,45,45,45,45,45,45,46,46,47,47,48,50,51,51,49,49,49,50,50,50,49,50,50,51,51,51,51,51,51,52
84018141,US,USA,840,18141.0,St. Joseph,Indiana,US,41.61756781,-86.29040834,"St. Joseph, Indiana, US",0,0,0,0,0,0,0,0,0,0,0,0,0,0,0,0,0,0,0,0,0,0,0,0,0,0,0,0,0,0,0,0,0,0,0,0,0,0,0,0,0,0,0,0,0,0,0,0,0,1,1,1,1,1,1,1,1,3,6,6,8,17,18,19,21,27,31,32,36,49,57,65,72,89,102,112,129,142,150,165,186,192,194,234,273,306,358,388,402,412,442,454,475,515,553,576,586,602,620,633,642,645,658,668,687,714,730,773,785,810,829,847,857,897,921,947,971,984,1014,1054,1082,1097,1132,1155,1170,1205,1218,1221,1248,1266,1274,1286,1309,1320,1337,1358,1377,1406,1418,1437,1453,1481,1496,1512,1539,1552,1571,1583,1612,1628,1646,1662
84018143,US,USA,840,18143.0,Scott,Indiana,US,38.68672078,-85.74627859,"Scott, Indiana, US",0,0,0,0,0,0,0,0,0,0,0,0,0,0,0,0,0,0,0,0,0,0,0,0,0,0,0,0,0,0,0,0,0,0,0,0,0,0,0,0,0,0,0,0,0,0,0,0,0,0,0,0,0,0,0,0,0,0,0,1,1,1,1,1,1,1,1,1,1,1,1,5,6,7,8,8,8,11,12,12,14,17,17,17,17,19,20,22,24,24,25,27,28,33,36,37,38,39,41,46,47,51,52,52,54,54,63,73,79,81,81,85,89,90,90,93,96,97,98,101,105,106,115,116,118,118,118,120,119,119,120,120,121,122,126,126,128,128,129,131,132,140,142,143,144,144,146,145,148,147,149,149
84018145,US,USA,840,18145.0,Shelby,Indiana,US,39.52305623,-85.79158570000001,"Shelby, Indiana, US",0,0,0,0,0,0,0,0,0,0,0,0,0,0,0,0,0,0,0,0,0,0,0,0,0,0,0,0,0,0,0,0,0,0,0,0,0,0,0,0,0,0,0,0,0,0,0,0,0,0,0,0,0,0,0,0,0,0,1,1,1,1,1,2,2,6,10,12,13,15,19,24,26,32,37,45,51,56,61,63,68,71,75,77,79,86,97,99,105,111,120,125,145,154,176,180,184,191,194,201,213,218,222,224,229,241,243,250,255,261,272,272,273,275,278,280,287,297,298,302,303,309,311,312,314,315,321,368,368,371,373,373,375,398,397,397,397,398,401,402,403,406,405,405,405,406,408,408,408,408,407,408
84018147,US,USA,840,18147.0,Spencer,Indiana,US,38.01519732,-87.0079644,"Spencer, Indiana, US",0,0,0,0,0,0,0,0,0,0,0,0,0,0,0,0,0,0,0,0,0,0,0,0,0,0,0,0,0,0,0,0,0,0,0,0,0,0,0,0,0,0,0,0,0,0,0,0,0,0,0,0,0,0,0,0,0,0,0,0,0,0,0,0,0,0,0,0,0,0,0,1,1,1,1,1,1,1,1,1,2,3,3,3,4,4,4,4,4,4,5,5,5,5,5,5,5,5,5,5,5,5,5,5,5,6,6,7,7,7,7,7,7,7,7,8,11,12,12,13,13,14,14,14,16,17,17,19,19,20,20,20,21,21,21,22,22,22,22,22,22,22,22,22,23,23,23,23,23,24,24,24
84018149,US,USA,840,18149.0,Starke,Indiana,US,41.27890281,-86.64686895,"Starke, Indiana, US",0,0,0,0,0,0,0,0,0,0,0,0,0,0,0,0,0,0,0,0,0,0,0,0,0,0,0,0,0,0,0,0,0,0,0,0,0,0,0,0,0,0,0,0,0,0,0,0,0,0,0,0,0,0,0,0,0,0,0,0,0,1,2,1,1,1,1,1,1,1,1,2,2,2,3,4,5,6,6,8,8,9,9,10,10,10,10,11,11,11,11,11,13,13,13,15,15,15,16,16,16,16,17,17,17,17,19,21,21,21,21,23,24,24,26,27,28,28,27,28,29,30,30,31,31,31,31,32,36,39,39,39,39,39,39,42,45,46,46,46,47,48,48,51,51,52,54,55,58,58,58,60
84018151,US,USA,840,18151.0,Steuben,Indiana,US,41.64423868,-85.00101094,"Steuben, Indiana, US",0,0,0,0,0,0,0,0,0,0,0,0,0,0,0,0,0,0,0,0,0,0,0,0,0,0,0,0,0,0,0,0,0,0,0,0,0,0,0,0,0,0,0,0,0,0,0,0,0,0,0,0,0,0,0,0,0,0,0,0,0,0,0,0,0,0,0,1,1,1,2,2,2,4,6,8,9,10,12,12,12,12,12,12,13,14,16,17,17,17,17,18,18,20,21,21,21,21,22,23,25,26,26,41,51,59,61,63,62,62,62,62,64,67,67,65,65,67,69,71,73,77,76,79,79,80,80,81,81,83,83,84,85,87,88,90,90,93,95,95,98,100,102,103,105,105,106,107,107,108,108,109
84018153,US,USA,840,18153.0,Sullivan,Indiana,US,39.08952258,-87.41414469,"Sullivan, Indiana, US",0,0,0,0,0,0,0,0,0,0,0,0,0,0,0,0,0,0,0,0,0,0,0,0,0,0,0,0,0,0,0,0,0,0,0,0,0,0,0,0,0,0,0,0,0,0,0,0,0,0,0,0,0,0,0,0,0,0,0,0,0,0,0,1,1,1,1,1,1,2,3,3,3,3,3,3,3,4,4,4,5,6,6,6,6,7,7,7,8,9,10,10,10,12,12,13,13,13,16,16,16,16,16,16,16,16,18,19,20,20,20,20,22,24,25,25,29,28,28,29,30,31,31,32,32,32,33,34,34,35,36,36,36,37,37,37,37,38,39,39,39,41,41,41,41,41,41,41,42,41,41,41
84018155,US,USA,840,18155.0,Switzerland,Indiana,US,38.82767338,-85.03022429,"Switzerland, Indiana, US",0,0,0,0,0,0,0,0,0,0,0,0,0,0,0,0,0,0,0,0,0,0,0,0,0,0,0,0,0,0,0,0,0,0,0,0,0,0,0,0,0,0,0,0,0,0,0,0,0,0,0,0,0,0,0,0,0,0,0,0,0,0,0,0,0,0,1,3,3,3,3,4,6,7,9,11,11,11,13,12,13,13,12,12,12,12,12,13,13,13,13,13,14,14,14,14,14,15,15,15,15,15,15,15,15,15,15,15,14,14,14,14,14,14,15,16,16,17,18,18,18,19,19,19,19,19,19,19,20,20,20,20,21,21,21,22,21,21,21,21,21,21,22,22,22,22,22,22,22,22,22,22
84018157,US,USA,840,18157.0,Tippecanoe,Indiana,US,40.38872739,-86.89413959,"Tippecanoe, Indiana, US",0,0,0,0,0,0,0,0,0,0,0,0,0,0,0,0,0,0,0,0,0,0,0,0,0,0,0,0,0,0,0,0,0,0,0,0,0,0,0,0,0,0,0,0,0,0,0,0,0,0,0,0,0,0,0,0,0,1,2,2,2,2,3,4,7,8,11,11,14,14,18,19,26,28,29,34,36,38,40,42,43,45,45,46,46,51,53,55,56,58,59,59,62,64,71,75,90,95,102,110,115,120,156,181,190,197,202,207,225,233,244,248,261,268,281,291,303,307,313,331,342,348,356,369,373,375,380,382,390,393,402,414,418,421,429,434,441,453,456,460,466,466,472,479,486,491,492,497,506,510,526,530
84018159,US,USA,840,18159.0,Tipton,Indiana,US,40.31123252,-86.05234925,"Tipton, Indiana, US",0,0,0,0,0,0,0,0,0,0,0,0,0,0,0,0,0,0,0,0,0,0,0,0,0,0,0,0,0,0,0,0,0,0,0,0,0,0,0,0,0,0,0,0,0,0,0,0,0,0,0,0,0,0,0,0,0,0,0,0,1,1,2,2,2,2,2,4,4,4,5,5,5,6,6,6,8,9,9,9,9,9,10,10,10,10,10,10,13,13,14,14,14,17,17,17,18,18,18,18,20,20,20,20,20,20,20,20,21,21,21,21,21,21,21,21,21,21,21,21,21,21,22,22,22,25,24,24,25,25,25,25,25,26,26,26,26,26,26,27,27,27,27,27,28,28,28,28,28,28,28,28
84018161,US,USA,840,18161.0,Union,Indiana,US,39.62550777,-84.92497066,"Union, Indiana, US",0,0,0,0,0,0,0,0,0,0,0,0,0,0,0,0,0,0,0,0,0,0,0,0,0,0,0,0,0,0,0,0,0,0,0,0,0,0,0,0,0,0,0,0,0,0,0,0,0,0,0,0,0,0,0,0,0,0,0,0,0,0,0,0,0,0,0,0,0,0,0,0,0,2,3,3,3,5,5,5,5,5,9,6,6,6,6,6,6,6,6,6,6,7,7,6,6,6,7,7,7,7,7,7,7,8,8,8,8,8,8,8,8,8,8,8,8,8,8,8,8,8,8,8,8,8,8,8,8,9,9,9,9,9,9,10,10,12,12,12,12,12,12,12,12,12,12,12,12,12,12,12
84018163,US,USA,840,18163.0,Vanderburgh,Indiana,US,38.02658833,-87.58763124,"Vanderburgh, Indiana, US",0,0,0,0,0,0,0,0,0,0,0,0,0,0,0,0,0,0,0,0,0,0,0,0,0,0,0,0,0,0,0,0,0,0,0,0,0,0,0,0,0,0,0,0,0,0,0,0,0,0,0,0,0,0,0,0,0,0,1,1,1,1,1,1,4,6,10,17,17,18,20,23,33,35,37,40,41,41,49,53,53,56,57,60,65,71,76,80,85,87,88,96,104,104,113,117,119,126,131,135,143,147,151,150,153,163,169,175,182,185,189,195,194,195,201,201,207,219,223,225,229,230,240,242,248,248,253,259,265,266,274,282,284,290,289,291,299,301,303,308,313,316,321,323,326,330,329,335,336,337,341,342
84018165,US,USA,840,18165.0,Vermillion,Indiana,US,39.8523352,-87.46160542,"Vermillion, Indiana, US",0,0,0,0,0,0,0,0,0,0,0,0,0,0,0,0,0,0,0,0,0,0,0,0,0,0,0,0,0,0,0,0,0,0,0,0,0,0,0,0,0,0,0,0,0,0,0,0,0,0,0,0,0,0,0,0,0,0,0,0,0,0,0,0,0,0,0,0,0,0,0,0,2,2,2,2,2,2,3,3,3,3,3,3,4,4,5,5,6,6,6,7,7,7,7,7,7,7,7,7,7,7,7,7,7,7,7,7,7,7,7,7,7,7,7,7,7,7,7,8,8,8,8,9,9,9,10,10,10,10,10,10,10,10,10,10,10,10,10,10,10,10,11,11,11,11,12,12,13,13,13,13
84018167,US,USA,840,18167.0,Vigo,Indiana,US,39.42944561,-87.39169027,"Vigo, Indiana, US",0,0,0,0,0,0,0,0,0,0,0,0,0,0,0,0,0,0,0,0,0,0,0,0,0,0,0,0,0,0,0,0,0,0,0,0,0,0,0,0,0,0,0,0,0,0,0,0,0,0,0,0,0,0,0,0,0,1,1,2,2,2,3,3,3,3,4,7,7,8,8,10,9,10,18,25,25,32,36,40,41,42,42,42,43,46,48,51,57,58,60,60,60,62,62,62,62,62,62,64,64,67,67,69,71,73,75,74,77,80,83,86,86,98,103,106,113,118,119,126,130,131,135,141,147,147,150,153,164,168,169,169,171,175,178,182,185,194,196,197,197,198,198,198,200,200,201,202,203,207,208,210
84018169,US,USA,840,18169.0,Wabash,Indiana,US,40.84704239,-85.79328272,"Wabash, Indiana, US",0,0,0,0,0,0,0,0,0,0,0,0,0,0,0,0,0,0,0,0,0,0,0,0,0,0,0,0,0,0,0,0,0,0,0,0,0,0,0,0,0,0,0,0,0,0,0,0,0,0,0,0,0,0,0,0,0,0,0,0,0,0,0,0,0,1,1,1,1,1,1,1,1,1,1,3,5,5,6,7,7,7,7,7,7,8,9,9,9,10,10,10,12,12,12,19,22,28,38,42,51,55,60,63,63,63,64,64,64,64,64,67,67,68,69,71,71,71,71,71,71,71,72,72,72,72,73,74,76,77,78,79,79,80,80,81,83,83,84,86,87,88,88,88,88,88,88,88,89,89,92,93
84018171,US,USA,840,18171.0,Warren,Indiana,US,40.34728141,-87.35602659,"Warren, Indiana, US",0,0,0,0,0,0,0,0,0,0,0,0,0,0,0,0,0,0,0,0,0,0,0,0,0,0,0,0,0,0,0,0,0,0,0,0,0,0,0,0,0,0,0,0,0,0,0,0,0,0,0,0,0,0,0,0,0,0,0,0,0,0,0,0,1,1,1,2,2,2,2,2,2,2,2,2,2,2,2,2,2,3,3,3,3,5,5,6,7,7,7,7,8,11,11,11,11,11,11,11,11,11,11,11,12,12,12,12,12,12,12,12,12,12,12,12,12,12,12,12,12,12,12,12,12,12,12,12,12,12,12,12,12,12,12,13,13,13,13,13,13,14,14,14,14,14,14,15,14,14,14,14
84018173,US,USA,840,18173.0,Warrick,Indiana,US,38.08922676,-87.2716085,"Warrick, Indiana, US",0,0,0,0,0,0,0,0,0,0,0,0,0,0,0,0,0,0,0,0,0,0,0,0,0,0,0,0,0,0,0,0,0,0,0,0,0,0,0,0,0,0,0,0,0,0,0,0,0,0,0,0,0,0,0,0,0,0,0,0,0,0,1,0,3,3,6,8,8,8,8,8,10,12,13,19,23,26,30,33,34,36,38,39,41,51,53,55,58,59,69,68,77,78,80,82,83,84,88,96,94,101,101,103,106,110,116,119,121,123,123,128,133,140,145,148,150,151,151,154,157,158,163,164,164,164,165,165,166,166,166,166,166,167,167,167,167,167,167,168,170,170,171,172,173,175,176,176,178,178,179,180
84018175,US,USA,840,18175.0,Washington,Indiana,US,38.60219804,-86.1049363,"Washington, Indiana, US",0,0,0,0,0,0,0,0,0,0,0,0,0,0,0,0,0,0,0,0,0,0,0,0,0,0,0,0,0,0,0,0,0,0,0,0,0,0,0,0,0,0,0,0,0,0,0,0,0,0,0,0,0,0,0,0,0,0,0,0,1,1,2,2,3,4,4,5,6,6,9,12,14,16,18,18,20,21,23,23,23,25,26,26,27,28,27,28,29,31,31,31,33,36,40,40,40,41,41,43,44,44,45,45,45,45,45,45,48,48,48,48,49,50,50,50,50,50,50,52,52,52,52,52,52,52,52,51,52,52,52,52,51,51,50,50,51,51,52,52,56,56,56,56,57,58,58,59,60,61,61,62
84018177,US,USA,840,18177.0,Wayne,Indiana,US,39.863344399999995,-85.01044989,"Wayne, Indiana, US",0,0,0,0,0,0,0,0,0,0,0,0,0,0,0,0,0,0,0,0,0,0,0,0,0,0,0,0,0,0,0,0,0,0,0,0,0,0,0,0,0,0,0,0,0,0,0,0,0,0,0,0,0,0,0,0,0,1,1,1,1,1,0,0,1,1,1,1,1,2,3,3,6,6,8,10,13,16,16,16,17,17,19,19,20,21,22,23,27,28,28,30,30,31,31,31,33,33,36,34,35,37,38,39,41,44,49,51,52,53,53,57,56,58,60,61,61,61,62,63,64,65,66,69,69,71,75,75,77,78,82,85,85,86,86,90,90,90,90,90,91,94,96,98,103,104,103,104,104,107,107,108
84018179,US,USA,840,18179.0,Wells,Indiana,US,40.72934187,-85.22132966,"Wells, Indiana, US",0,0,0,0,0,0,0,0,0,0,0,0,0,0,0,0,0,0,0,0,0,0,0,0,0,0,0,0,0,0,0,0,0,0,0,0,0,0,0,0,0,0,0,0,0,0,0,0,0,0,0,0,1,1,1,1,1,1,1,1,1,1,1,1,1,1,1,1,1,2,2,2,2,2,2,2,2,2,3,3,3,4,4,4,4,4,5,5,5,5,6,6,5,5,6,5,5,5,5,5,5,6,7,7,7,7,9,9,10,10,11,12,12,13,15,16,16,16,18,20,21,22,22,22,23,24,26,27,28,31,32,32,32,32,34,35,38,39,40,43,45,47,49,53,54,56,62,63,65,65,65,65
84018181,US,USA,840,18181.0,White,Indiana,US,40.74911165,-86.86492015,"White, Indiana, US",0,0,0,0,0,0,0,0,0,0,0,0,0,0,0,0,0,0,0,0,0,0,0,0,0,0,0,0,0,0,0,0,0,0,0,0,0,0,0,0,0,0,0,0,0,0,0,0,0,0,0,0,0,0,0,0,0,0,0,0,0,0,0,0,0,0,1,1,2,2,2,3,3,3,3,3,3,3,3,3,3,3,4,5,5,5,6,6,7,8,8,11,12,14,18,26,34,42,43,47,51,57,82,99,100,106,130,139,145,148,152,165,165,164,164,178,179,183,186,188,201,206,212,221,226,226,228,230,231,233,235,237,238,238,238,239,243,243,243,242,242,241,240,242,242,245,242,242,242,245,246,249
84018183,US,USA,840,18183.0,Whitley,Indiana,US,41.13863784,-85.50791236,"Whitley, Indiana, US",0,0,0,0,0,0,0,0,0,0,0,0,0,0,0,0,0,0,0,0,0,0,0,0,0,0,0,0,0,0,0,0,0,0,0,0,0,0,0,0,0,0,0,0,0,0,0,0,0,0,0,0,0,0,0,0,0,0,0,0,0,0,0,0,0,0,1,1,1,2,3,3,4,5,6,8,8,8,8,10,11,12,13,14,14,15,14,15,16,16,16,16,16,16,16,16,16,16,16,19,20,21,21,21,22,22,22,22,22,22,22,23,23,27,28,28,28,28,27,28,29,31,34,34,39,40,41,38,39,41,42,43,43,44,45,45,48,50,51,55,58,62,60,61,62,64,64,65,65,69,71,71
84019001,US,USA,840,19001.0,Adair,Iowa,US,41.33075609,-94.47105874,"Adair, Iowa, US",0,0,0,0,0,0,0,0,0,0,0,0,0,0,0,0,0,0,0,0,0,0,0,0,0,0,0,0,0,0,0,0,0,0,0,0,0,0,0,0,0,0,0,0,0,0,0,0,0,0,0,0,0,0,0,0,1,1,1,1,1,1,1,1,1,1,1,1,1,1,1,1,1,1,1,1,1,1,1,1,1,1,1,1,1,1,1,1,1,1,1,1,1,1,1,1,1,1,1,1,1,1,1,1,2,3,3,3,3,3,3,3,4,4,4,4,5,6,6,6,6,6,7,8,8,7,7,8,9,9,9,9,9,9,9,9,9,9,9,9,10,10,11,11,11,11,11,12,12,12,12,12
84019003,US,USA,840,19003.0,Adams,Iowa,US,41.02903567,-94.69932645,"Adams, Iowa, US",0,0,0,0,0,0,0,0,0,0,0,0,0,0,0,0,0,0,0,0,0,0,0,0,0,0,0,0,0,0,0,0,0,0,0,0,0,0,0,0,0,0,0,0,0,0,0,0,0,0,0,0,0,0,0,0,0,0,0,0,0,0,0,0,0,0,0,0,0,0,0,0,0,0,0,0,0,0,0,0,0,0,0,0,0,0,0,0,0,0,0,0,0,0,0,0,0,0,0,0,0,0,0,0,0,0,0,0,0,0,0,0,0,0,0,0,1,1,1,2,3,4,4,5,5,5,7,7,7,7,7,7,7,7,7,7,7,7,7,7,7,7,7,7,7,8,8,8,7,7,7,7
84019005,US,USA,840,19005.0,Allamakee,Iowa,US,43.28383218,-91.37860922,"Allamakee, Iowa, US",0,0,0,0,0,0,0,0,0,0,0,0,0,0,0,0,0,0,0,0,0,0,0,0,0,0,0,0,0,0,0,0,0,0,0,0,0,0,0,0,0,0,0,0,0,0,0,0,0,0,0,0,0,0,2,2,2,2,3,5,5,6,6,7,7,7,7,7,7,7,7,15,16,16,17,18,17,19,19,20,21,21,23,24,24,26,27,34,36,40,44,45,46,50,56,68,72,86,88,89,90,93,98,99,98,98,99,101,101,111,112,113,113,115,116,116,114,114,115,116,118,118,118,118,118,118,119,120,120,120,121,120,120,120,120,120,120,120,120,120,121,121,121,121,121,120,121,121,121,121,121,121
84019007,US,USA,840,19007.0,Appanoose,Iowa,US,40.74324454,-92.86865906,"Appanoose, Iowa, US",0,0,0,0,0,0,0,0,0,0,0,0,0,0,0,0,0,0,0,0,0,0,0,0,0,0,0,0,0,0,0,0,0,0,0,0,0,0,0,0,0,0,0,0,0,0,0,0,0,0,0,0,0,0,0,0,0,0,0,0,0,0,0,0,1,1,1,1,1,1,1,1,1,1,1,1,1,1,1,1,1,1,1,1,1,2,2,2,2,2,2,2,2,2,2,2,2,2,2,2,3,3,3,4,4,4,6,6,6,6,6,7,7,7,7,7,8,8,8,8,8,8,9,12,12,13,13,14,14,15,15,14,14,14,17,17,17,17,16,16,16,16,16,16,16,17,17,17,18,18,18,20
84019009,US,USA,840,19009.0,Audubon,Iowa,US,41.6844628,-94.90581859,"Audubon, Iowa, US",0,0,0,0,0,0,0,0,0,0,0,0,0,0,0,0,0,0,0,0,0,0,0,0,0,0,0,0,0,0,0,0,0,0,0,0,0,0,0,0,0,0,0,0,0,0,0,0,0,0,0,0,0,0,0,0,0,0,0,0,0,0,0,0,0,0,0,0,1,1,1,1,1,1,1,1,1,1,1,1,1,1,1,1,1,1,1,1,1,1,1,1,1,1,1,1,1,1,1,1,2,2,5,5,8,8,8,9,9,10,10,10,10,11,11,11,11,11,11,11,11,11,11,11,11,12,12,12,12,12,12,12,13,13,13,13,13,13,13,13,13,13,13,13,14,14,14,14,14,15,15,15
84019011,US,USA,840,19011.0,Benton,Iowa,US,42.08011739,-92.06463573,"Benton, Iowa, US",0,0,0,0,0,0,0,0,0,0,0,0,0,0,0,0,0,0,0,0,0,0,0,0,0,0,0,0,0,0,0,0,0,0,0,0,0,0,0,0,0,0,0,0,0,0,0,0,0,0,0,0,0,0,0,0,0,0,0,0,0,0,0,2,2,3,4,4,7,7,7,7,7,7,9,10,11,12,15,15,16,17,20,20,19,20,21,21,23,23,24,24,24,25,26,27,27,30,30,31,31,32,33,34,34,34,35,34,34,35,35,35,35,36,37,36,36,36,36,36,37,37,37,37,37,39,39,39,40,41,43,43,43,44,43,43,43,44,45,46,46,46,46,46,46,46,46,48,50,50,51,52
84019013,US,USA,840,19013.0,Black Hawk,Iowa,US,42.4704581,-92.30524729,"Black Hawk, Iowa, US",0,0,0,0,0,0,0,0,0,0,0,0,0,0,0,0,0,0,0,0,0,0,0,0,0,0,0,0,0,0,0,0,0,0,0,0,0,0,0,0,0,0,0,0,0,0,0,0,0,0,0,0,0,0,0,0,1,1,1,3,3,3,4,4,5,7,6,6,6,7,7,8,8,10,12,12,15,19,21,35,41,47,62,78,85,109,138,166,192,259,366,379,420,530,691,714,844,941,1082,1140,1195,1255,1306,1361,1378,1396,1450,1463,1477,1493,1512,1521,1528,1533,1548,1571,1587,1603,1628,1636,1654,1662,1669,1676,1682,1692,1713,1724,1730,1739,1746,1747,1759,1759,1775,1788,1789,1794,1801,1802,1813,1817,1824,1826,1834,1836,1838,1843,1860,1870,1881,1892
84019015,US,USA,840,19015.0,Boone,Iowa,US,42.03657094,-93.9313999,"Boone, Iowa, US",0,0,0,0,0,0,0,0,0,0,0,0,0,0,0,0,0,0,0,0,0,0,0,0,0,0,0,0,0,0,0,0,0,0,0,0,0,0,0,0,0,0,0,0,0,0,0,0,0,0,0,0,0,0,0,0,0,0,0,0,0,0,0,0,0,0,1,1,1,1,1,2,2,2,3,3,3,3,4,4,4,4,4,4,4,4,4,4,6,6,6,6,6,6,6,7,7,8,10,12,16,23,23,28,28,29,33,33,34,34,36,36,41,41,41,41,42,42,46,49,50,52,53,54,55,55,56,57,58,61,62,65,67,67,70,72,72,77,78,78,79,81,93,95,100,101,101,101,104,107,107,117
84019017,US,USA,840,19017.0,Bremer,Iowa,US,42.77461496,-92.31795937,"Bremer, Iowa, US",0,0,0,0,0,0,0,0,0,0,0,0,0,0,0,0,0,0,0,0,0,0,0,0,0,0,0,0,0,0,0,0,0,0,0,0,0,0,0,0,0,0,0,0,0,0,0,0,0,0,0,0,0,0,0,0,0,0,0,0,0,0,0,0,0,0,0,0,0,0,0,1,1,2,2,2,2,2,2,2,3,3,4,9,9,10,23,26,26,28,32,33,34,35,38,41,45,48,50,51,51,52,53,55,55,55,56,57,58,58,58,60,62,62,63,64,64,64,65,65,65,65,67,67,67,67,67,67,69,69,70,69,69,69,70,71,71,72,74,74,74,74,74,74,74,74,74,75,81,81,81,82
84019019,US,USA,840,19019.0,Buchanan,Iowa,US,42.4709188,-91.83510825,"Buchanan, Iowa, US",0,0,0,0,0,0,0,0,0,0,0,0,0,0,0,0,0,0,0,0,0,0,0,0,0,0,0,0,0,0,0,0,0,0,0,0,0,0,0,0,0,0,0,0,0,0,0,0,0,0,0,0,0,0,0,0,0,0,0,0,0,0,1,1,1,1,2,2,2,2,2,3,3,3,5,5,5,5,6,6,6,7,8,8,8,8,8,8,8,11,11,11,11,13,12,12,12,14,16,17,18,19,20,20,22,22,22,23,23,23,23,23,24,24,26,26,26,26,26,29,29,31,30,31,32,31,31,32,32,33,33,33,33,33,33,34,34,34,34,34,34,34,34,35,35,35,35,35,35,36,37,37
84019021,US,USA,840,19021.0,Buena Vista,Iowa,US,42.73545875,-95.15100162,"Buena Vista, Iowa, US",0,0,0,0,0,0,0,0,0,0,0,0,0,0,0,0,0,0,0,0,0,0,0,0,0,0,0,0,0,0,0,0,0,0,0,0,0,0,0,0,0,0,0,0,0,0,0,0,0,0,0,0,0,0,0,0,0,0,0,0,0,0,0,0,0,0,0,0,0,0,0,0,0,0,0,0,0,1,1,1,2,2,2,2,2,2,2,2,2,2,2,2,3,3,3,4,4,4,4,4,6,6,8,11,15,16,18,32,30,31,39,41,45,74,83,82,102,113,117,124,134,140,227,231,243,252,682,702,721,735,783,810,852,918,997,1067,1112,1142,1212,1257,1343,1415,1475,1563,1588,1595,1600,1620,1624,1640,1647,1666
84019023,US,USA,840,19023.0,Butler,Iowa,US,42.73172833,-92.79015971,"Butler, Iowa, US",0,0,0,0,0,0,0,0,0,0,0,0,0,0,0,0,0,0,0,0,0,0,0,0,0,0,0,0,0,0,0,0,0,0,0,0,0,0,0,0,0,0,0,0,0,0,0,0,0,0,0,0,0,0,0,0,0,0,0,0,0,0,0,0,0,1,1,1,1,1,1,1,1,1,1,1,1,1,1,1,1,1,1,1,1,1,1,1,1,1,2,2,2,2,4,4,8,8,8,9,9,9,9,9,10,10,11,12,12,12,12,12,12,13,13,13,14,14,14,14,14,15,15,15,15,15,15,15,15,15,16,17,17,17,16,16,16,16,16,16,18,19,19,20,22,23,23,27,31,31,32,35
84019025,US,USA,840,19025.0,Calhoun,Iowa,US,42.38521079,-94.64046046,"Calhoun, Iowa, US",0,0,0,0,0,0,0,0,0,0,0,0,0,0,0,0,0,0,0,0,0,0,0,0,0,0,0,0,0,0,0,0,0,0,0,0,0,0,0,0,0,0,0,0,0,0,0,0,0,0,0,0,0,0,0,0,0,0,0,0,0,0,0,0,0,0,0,0,0,0,0,0,0,0,0,0,0,0,0,0,0,0,0,0,0,0,0,0,0,0,0,0,0,0,0,0,0,0,0,0,1,1,1,1,1,1,1,1,1,1,1,1,1,1,1,1,1,1,2,2,2,2,2,2,2,2,2,2,2,2,2,2,3,4,6,10,11,14,13,14,16,17,19,20,23,24,24,24,25,25,25,25
84019027,US,USA,840,19027.0,Carroll,Iowa,US,42.03617207,-94.86032705,"Carroll, Iowa, US",0,0,0,0,0,0,0,0,0,0,0,0,0,0,0,0,0,0,0,0,0,0,0,0,0,0,0,0,0,0,0,0,0,0,0,0,0,0,0,0,0,0,0,0,0,0,0,0,0,0,0,1,1,1,1,1,1,1,1,1,1,1,1,1,1,1,1,1,1,1,1,1,1,1,1,1,1,1,1,1,1,1,1,1,1,1,1,1,1,1,1,1,1,1,1,1,1,1,1,2,2,3,5,5,5,5,5,6,6,6,6,6,7,8,8,8,8,8,7,7,7,8,8,9,9,9,9,9,9,9,10,11,12,13,13,15,16,17,17,17,17,20,33,41,47,48,49,57,63,66,67,70
84019029,US,USA,840,19029.0,Cass,Iowa,US,41.33149454,-94.92792482,"Cass, Iowa, US",0,0,0,0,0,0,0,0,0,0,0,0,0,0,0,0,0,0,0,0,0,0,0,0,0,0,0,0,0,0,0,0,0,0,0,0,0,0,0,0,0,0,0,0,0,0,0,0,0,0,0,0,0,0,0,0,0,0,0,0,0,0,0,0,0,0,0,0,0,0,0,0,0,0,0,0,0,0,0,0,0,0,1,1,1,1,1,1,1,1,1,1,1,1,1,1,1,1,1,1,1,1,1,1,1,1,1,1,1,1,1,1,1,1,1,1,2,2,2,3,6,6,10,11,11,11,11,11,12,12,12,12,12,12,12,13,13,13,13,13,13,14,13,14,14,14,14,14,16,16,16,16
84019031,US,USA,840,19031.0,Cedar,Iowa,US,41.77233777,-91.13246684,"Cedar, Iowa, US",0,0,0,0,0,0,0,0,0,0,0,0,0,0,0,0,0,0,0,0,0,0,0,0,0,0,0,0,0,0,0,0,0,0,0,0,0,0,0,0,0,0,0,0,0,0,0,0,0,0,0,0,0,0,0,0,0,0,0,0,0,0,1,1,4,5,6,7,8,9,9,11,11,11,12,13,13,18,19,20,20,20,21,21,22,23,23,25,26,26,26,27,27,28,28,28,28,29,29,29,30,31,31,33,35,38,39,39,40,42,43,44,44,43,42,42,42,42,43,41,44,44,44,45,46,46,46,46,46,46,47,48,49,49,49,50,50,50,53,52,52,52,53,53,54,54,54,54,54,56,56,60
84019033,US,USA,840,19033.0,Cerro Gordo,Iowa,US,43.08177563,-93.2612239,"Cerro Gordo, Iowa, US",0,0,0,0,0,0,0,0,0,0,0,0,0,0,0,0,0,0,0,0,0,0,0,0,0,0,0,0,0,0,0,0,0,0,0,0,0,0,0,0,0,0,0,0,0,0,0,0,0,0,0,0,0,0,0,0,0,0,0,0,2,2,2,2,2,3,4,6,7,7,8,10,10,10,10,12,12,12,13,13,13,13,13,14,14,14,14,14,14,14,14,14,14,14,14,14,14,14,14,14,14,14,14,14,14,14,14,14,15,14,14,14,14,15,15,17,18,18,17,20,19,20,21,22,22,22,22,25,27,28,29,29,29,30,33,33,34,34,32,32,36,39,40,42,42,44,48,48,54,57,57,59
84019035,US,USA,840,19035.0,Cherokee,Iowa,US,42.73538914,-95.62389402,"Cherokee, Iowa, US",0,0,0,0,0,0,0,0,0,0,0,0,0,0,0,0,0,0,0,0,0,0,0,0,0,0,0,0,0,0,0,0,0,0,0,0,0,0,0,0,0,0,0,0,0,0,0,0,0,0,0,0,0,0,0,0,0,0,0,0,0,0,0,0,0,0,0,0,0,0,0,0,0,0,0,0,0,0,0,0,0,0,0,0,0,0,0,0,0,0,1,1,1,2,2,2,2,2,2,2,2,3,4,4,4,4,4,4,4,4,6,6,6,6,8,9,9,9,9,10,8,10,14,15,16,18,23,24,27,28,28,31,32,36,37,41,46,46,45,48,51,54,56,58,59,59,59,62,63,65,65,66
84019037,US,USA,840,19037.0,Chickasaw,Iowa,US,43.06001295,-92.31773347,"Chickasaw, Iowa, US",0,0,0,0,0,0,0,0,0,0,0,0,0,0,0,0,0,0,0,0,0,0,0,0,0,0,0,0,0,0,0,0,0,0,0,0,0,0,0,0,0,0,0,0,0,0,0,0,0,0,0,0,0,0,0,0,0,0,0,0,0,0,0,0,0,0,0,0,0,0,0,0,0,0,0,1,1,1,2,2,2,2,2,2,2,2,2,2,3,3,3,3,3,3,4,4,4,4,5,5,5,5,5,5,6,6,6,6,6,6,7,7,7,7,7,7,7,7,7,8,8,8,8,8,8,8,8,8,10,10,10,10,12,12,13,13,13,13,15,15,15,15,15,15,15,15,15,15,16,17,19,21
84019039,US,USA,840,19039.0,Clarke,Iowa,US,41.02868181,-93.78499767,"Clarke, Iowa, US",0,0,0,0,0,0,0,0,0,0,0,0,0,0,0,0,0,0,0,0,0,0,0,0,0,0,0,0,0,0,0,0,0,0,0,0,0,0,0,0,0,0,0,0,0,0,0,0,0,0,0,0,0,0,0,0,0,0,0,0,0,0,0,0,0,0,0,0,0,0,0,0,0,0,1,1,1,1,1,2,2,2,2,2,2,2,2,3,2,2,2,2,2,2,2,2,2,2,2,2,2,2,3,3,3,3,4,5,5,6,8,8,9,11,11,14,17,18,23,23,25,29,30,32,35,35,40,45,50,53,55,56,62,64,66,69,71,75,75,78,83,85,86,87,88,89,89,89,96,109,111,112
84019041,US,USA,840,19041.0,Clay,Iowa,US,43.08247182,-95.15096481,"Clay, Iowa, US",0,0,0,0,0,0,0,0,0,0,0,0,0,0,0,0,0,0,0,0,0,0,0,0,0,0,0,0,0,0,0,0,0,0,0,0,0,0,0,0,0,0,0,0,0,0,0,0,0,0,0,0,0,0,0,0,0,0,0,0,0,0,0,0,0,0,0,0,0,0,1,2,2,2,2,2,2,2,2,2,2,2,2,2,2,2,2,2,3,3,3,3,3,3,3,3,3,3,3,4,4,4,5,6,7,7,8,9,9,9,9,9,9,9,10,10,9,9,9,9,9,9,10,10,10,10,13,13,13,15,16,17,18,21,25,27,29,34,34,36,38,50,59,65,73,77,83,85,93,102,103,105
84019043,US,USA,840,19043.0,Clayton,Iowa,US,42.84443388,-91.34133693,"Clayton, Iowa, US",0,0,0,0,0,0,0,0,0,0,0,0,0,0,0,0,0,0,0,0,0,0,0,0,0,0,0,0,0,0,0,0,0,0,0,0,0,0,0,0,0,0,0,0,0,0,0,0,0,0,0,0,0,0,0,0,0,0,0,0,0,0,0,0,1,1,1,1,1,1,2,2,3,3,4,4,5,5,5,6,7,7,7,7,7,7,7,7,7,7,8,8,8,9,11,12,13,12,12,14,17,18,15,17,18,18,19,21,22,23,23,28,28,28,28,28,28,30,30,30,30,30,30,30,30,31,31,32,33,34,35,34,34,34,34,34,34,34,34,34,34,35,35,35,35,35,35,35,35,35,35,35
84019045,US,USA,840,19045.0,Clinton,Iowa,US,41.89981633,-90.53275096,"Clinton, Iowa, US",0,0,0,0,0,0,0,0,0,0,0,0,0,0,0,0,0,0,0,0,0,0,0,0,0,0,0,0,0,0,0,0,0,0,0,0,0,0,0,0,0,0,0,0,0,0,0,0,0,0,0,0,0,0,0,0,0,0,0,0,0,0,0,0,0,1,1,1,2,5,6,9,15,15,16,17,17,19,21,24,28,29,33,36,38,39,39,40,41,42,44,44,44,47,47,47,48,48,48,48,49,50,50,50,51,51,53,53,55,56,58,58,58,60,60,60,61,61,61,61,61,61,61,60,60,60,60,60,60,61,61,64,64,65,65,65,65,65,67,67,67,67,68,67,68,68,68,70,70,70,73,75
84019047,US,USA,840,19047.0,Crawford,Iowa,US,42.03718237,-95.3819718,"Crawford, Iowa, US",0,0,0,0,0,0,0,0,0,0,0,0,0,0,0,0,0,0,0,0,0,0,0,0,0,0,0,0,0,0,0,0,0,0,0,0,0,0,0,0,0,0,0,0,0,0,0,0,0,0,0,0,0,0,0,0,0,0,0,0,0,0,0,0,0,0,0,0,1,1,1,1,4,4,4,5,5,6,6,6,6,6,6,6,6,6,6,6,6,6,6,6,6,8,10,14,14,19,21,21,24,31,51,78,96,103,124,149,175,176,191,197,207,300,336,348,380,384,394,410,435,445,460,477,486,487,488,489,501,514,516,528,530,542,547,551,567,573,575,582,587,592,593,611,618,622,622,628,631,635,635,640
84019049,US,USA,840,19049.0,Dallas,Iowa,US,41.68560356,-94.04127625,"Dallas, Iowa, US",0,0,0,0,0,0,0,0,0,0,0,0,0,0,0,0,0,0,0,0,0,0,0,0,0,0,0,0,0,0,0,0,0,0,0,0,0,0,0,0,0,0,0,0,0,0,0,0,0,0,0,0,0,1,2,2,5,5,5,5,6,6,7,7,7,9,15,17,21,25,27,31,33,33,35,35,35,35,36,36,37,37,36,37,38,42,44,45,45,52,55,59,67,99,130,169,179,198,258,318,408,515,537,578,613,626,644,654,660,676,701,712,741,755,757,773,776,788,795,802,816,821,836,849,857,864,873,875,886,892,904,916,924,929,940,952,957,959,961,969,973,980,995,1016,1025,1029,1029,1038,1050,1062,1065,1073
84019051,US,USA,840,19051.0,Davis,Iowa,US,40.74773536,-92.41005468,"Davis, Iowa, US",0,0,0,0,0,0,0,0,0,0,0,0,0,0,0,0,0,0,0,0,0,0,0,0,0,0,0,0,0,0,0,0,0,0,0,0,0,0,0,0,0,0,0,0,0,0,0,0,0,0,0,0,0,0,0,0,0,0,0,0,0,0,0,0,0,0,0,0,0,0,0,0,0,0,0,0,0,0,0,0,0,0,0,0,0,0,0,0,0,0,0,0,0,0,0,0,0,0,1,1,1,1,1,2,4,5,7,8,9,9,11,11,12,13,13,13,13,13,13,13,15,17,18,20,20,20,20,20,20,21,22,23,25,27,28,28,28,28,29,29,30,31,33,33,34,34,34,34,36,36,36,36
84019053,US,USA,840,19053.0,Decatur,Iowa,US,40.73742757,-93.78645949,"Decatur, Iowa, US",0,0,0,0,0,0,0,0,0,0,0,0,0,0,0,0,0,0,0,0,0,0,0,0,0,0,0,0,0,0,0,0,0,0,0,0,0,0,0,0,0,0,0,0,0,0,0,0,0,0,0,0,0,0,0,0,0,0,0,0,0,0,0,0,0,0,0,0,0,0,0,0,0,0,0,0,0,0,0,0,0,0,0,0,0,0,0,0,0,0,0,0,0,0,0,0,0,0,0,0,1,1,1,0,0,0,0,0,0,0,0,0,0,0,0,0,0,0,0,0,0,0,1,0,0,0,1,1,1,1,1,1,1,1,1,1,2,2,3,3,3,3,4,4,4,7,9,8,8,9,9,9
84019055,US,USA,840,19055.0,Delaware,Iowa,US,42.47104597,-91.3664492,"Delaware, Iowa, US",0,0,0,0,0,0,0,0,0,0,0,0,0,0,0,0,0,0,0,0,0,0,0,0,0,0,0,0,0,0,0,0,0,0,0,0,0,0,0,0,0,0,0,0,0,0,0,0,0,0,0,0,0,0,0,0,0,0,0,0,0,0,0,0,0,0,0,0,0,0,0,1,0,0,0,0,1,1,1,1,2,2,2,2,2,2,2,2,2,2,3,3,3,3,4,4,4,4,4,8,8,10,10,5,8,8,8,7,7,9,9,10,10,11,11,12,12,12,12,13,13,14,14,14,15,15,15,15,15,15,15,17,17,19,19,19,19,19,20,20,25,26,27,27,27,27,27,29,29,32,32,33
84019057,US,USA,840,19057.0,Des Moines,Iowa,US,40.92012606,-91.18326592,"Des Moines, Iowa, US",0,0,0,0,0,0,0,0,0,0,0,0,0,0,0,0,0,0,0,0,0,0,0,0,0,0,0,0,0,0,0,0,0,0,0,0,0,0,0,0,0,0,0,0,0,0,0,0,0,0,0,0,0,0,0,0,0,0,0,0,0,0,0,1,1,1,1,1,1,1,2,1,1,1,1,1,3,3,3,3,3,4,5,7,7,7,8,8,11,13,13,13,13,14,16,16,17,17,17,16,16,16,18,19,21,24,29,31,37,39,40,43,44,46,39,37,37,39,39,43,51,52,56,53,55,59,58,59,62,62,63,65,66,66,67,68,68,70,68,68,68,67,68,67,68,66,66,66,67,67,74,76
84019059,US,USA,840,19059.0,Dickinson,Iowa,US,43.37787725,-95.1510206,"Dickinson, Iowa, US",0,0,0,0,0,0,0,0,0,0,0,0,0,0,0,0,0,0,0,0,0,0,0,0,0,0,0,0,0,0,0,0,0,0,0,0,0,0,0,0,0,0,0,0,0,0,0,0,0,0,0,0,0,0,0,0,0,0,0,0,0,0,0,0,0,1,1,1,1,1,1,1,1,1,1,1,1,1,1,1,1,1,1,1,1,1,1,1,1,1,2,3,3,4,5,5,5,6,6,6,6,6,6,6,6,6,6,6,6,6,6,6,6,6,6,6,6,6,7,8,8,8,8,8,9,9,13,16,19,20,21,21,25,27,33,35,41,51,60,63,84,101,119,130,133,151,158,168,181,190,195,200
84019061,US,USA,840,19061.0,Dubuque,Iowa,US,42.46815349,-90.88181925,"Dubuque, Iowa, US",0,0,0,0,0,0,0,0,0,0,0,0,0,0,0,0,0,0,0,0,0,0,0,0,0,0,0,0,0,0,0,0,0,0,0,0,0,0,0,0,0,0,0,0,0,0,0,0,0,0,0,0,0,0,0,0,0,1,1,2,4,6,6,6,6,8,12,16,21,21,22,22,23,24,24,25,28,28,31,32,32,35,35,35,37,39,40,43,44,46,48,49,52,62,70,80,87,88,97,102,109,125,136,152,156,162,175,181,188,191,197,203,235,238,249,258,264,276,286,296,300,307,317,319,323,323,330,334,341,345,344,346,350,351,355,359,362,364,367,373,371,377,381,384,384,387,390,393,397,411,411,415
84019063,US,USA,840,19063.0,Emmet,Iowa,US,43.37782951,-94.67858943,"Emmet, Iowa, US",0,0,0,0,0,0,0,0,0,0,0,0,0,0,0,0,0,0,0,0,0,0,0,0,0,0,0,0,0,0,0,0,0,0,0,0,0,0,0,0,0,0,0,0,0,0,0,0,0,0,0,0,0,0,0,0,0,0,0,0,0,0,0,0,0,0,0,0,0,0,0,0,0,0,0,0,0,0,0,0,0,0,0,0,0,0,0,0,0,0,0,0,0,0,0,1,0,0,0,0,0,0,0,0,0,0,0,0,0,0,0,0,1,1,1,1,1,1,2,6,6,7,7,7,7,7,8,12,13,14,15,16,18,19,24,27,28,31,32,34,34,34,38,37,39,39,41,45,45,46,48,57
84019065,US,USA,840,19065.0,Fayette,Iowa,US,42.86271799,-91.84412309999999,"Fayette, Iowa, US",0,0,0,0,0,0,0,0,0,0,0,0,0,0,0,0,0,0,0,0,0,0,0,0,0,0,0,0,0,0,0,0,0,0,0,0,0,0,0,0,0,0,0,0,0,0,0,0,0,0,0,0,0,0,0,0,0,0,0,1,1,1,1,1,1,1,2,2,2,2,2,2,3,3,3,3,3,3,3,4,4,4,5,5,5,5,6,6,6,6,7,7,7,10,12,15,16,17,20,20,21,22,22,23,23,24,24,24,24,24,24,24,24,24,25,25,25,25,25,25,25,26,26,26,26,26,26,26,26,27,27,27,27,27,28,27,27,28,28,28,28,28,28,28,28,28,28,28,28,28,28,29
84019067,US,USA,840,19067.0,Floyd,Iowa,US,43.06000529999999,-92.78940097,"Floyd, Iowa, US",0,0,0,0,0,0,0,0,0,0,0,0,0,0,0,0,0,0,0,0,0,0,0,0,0,0,0,0,0,0,0,0,0,0,0,0,0,0,0,0,0,0,0,0,0,0,0,0,0,0,0,0,0,0,0,0,0,0,0,0,0,0,0,0,0,0,0,0,0,0,0,0,0,0,0,0,0,0,0,0,0,0,0,0,0,0,0,0,0,0,0,0,0,0,0,0,0,0,0,0,1,1,1,1,1,2,2,2,3,4,5,6,9,9,10,11,11,11,11,11,15,15,17,18,18,18,18,18,19,19,19,19,19,19,19,19,19,19,19,19,19,20,20,20,20,20,21,22,26,30,31,33
84019069,US,USA,840,19069.0,Franklin,Iowa,US,42.73270384,-93.26256925,"Franklin, Iowa, US",0,0,0,0,0,0,0,0,0,0,0,0,0,0,0,0,0,0,0,0,0,0,0,0,0,0,0,0,0,0,0,0,0,0,0,0,0,0,0,0,0,0,0,0,0,0,0,0,0,0,0,0,0,0,0,0,0,0,0,0,0,0,0,0,0,0,0,0,0,0,0,0,0,0,0,1,1,1,1,1,1,1,1,1,1,1,1,1,1,1,1,1,1,1,2,2,2,2,2,2,3,3,3,3,5,6,7,7,6,6,6,7,7,7,7,7,7,7,7,7,6,7,7,8,8,8,9,10,12,13,13,14,13,15,17,20,25,30,32,35,38,42,41,44,44,49,50,51,55,61,60,60
84019071,US,USA,840,19071.0,Fremont,Iowa,US,40.74542720000001,-95.60129045,"Fremont, Iowa, US",0,0,0,0,0,0,0,0,0,0,0,0,0,0,0,0,0,0,0,0,0,0,0,0,0,0,0,0,0,0,0,0,0,0,0,0,0,0,0,0,0,0,0,0,0,0,0,0,0,0,0,0,0,0,0,0,0,0,0,0,0,0,0,0,0,0,0,0,0,0,0,0,0,0,0,0,0,0,0,0,0,0,0,0,0,0,0,0,0,0,0,0,0,0,0,0,0,0,0,0,0,0,0,0,0,0,0,1,1,1,1,3,3,3,3,3,3,3,4,4,4,4,4,4,4,4,4,4,4,4,4,4,4,4,4,4,4,4,4,4,4,4,4,4,4,4,4,4,4,5,4,4
84019073,US,USA,840,19073.0,Greene,Iowa,US,42.03614551,-94.39658081,"Greene, Iowa, US",0,0,0,0,0,0,0,0,0,0,0,0,0,0,0,0,0,0,0,0,0,0,0,0,0,0,0,0,0,0,0,0,0,0,0,0,0,0,0,0,0,0,0,0,0,0,0,0,0,0,0,0,0,0,0,0,0,0,0,0,0,0,0,0,0,0,0,0,0,0,0,0,0,0,0,0,0,1,1,1,1,1,1,1,1,1,1,1,1,1,1,1,1,1,1,1,2,2,2,5,7,10,11,11,11,11,13,13,13,13,13,13,13,14,13,13,13,13,13,13,13,13,13,13,13,13,13,13,13,13,13,13,13,13,15,15,15,14,14,14,15,16,20,21,21,21,21,23,26,27,27,28
84019075,US,USA,840,19075.0,Grundy,Iowa,US,42.40183723,-92.78829551,"Grundy, Iowa, US",0,0,0,0,0,0,0,0,0,0,0,0,0,0,0,0,0,0,0,0,0,0,0,0,0,0,0,0,0,0,0,0,0,0,0,0,0,0,0,0,0,0,0,0,0,0,0,0,0,0,0,0,0,0,0,0,0,0,0,0,0,0,0,0,0,0,0,0,0,0,0,0,0,1,1,1,1,1,1,1,1,1,1,1,1,1,2,2,4,5,6,6,6,7,8,8,9,11,11,11,11,15,15,16,17,17,16,17,15,15,15,16,16,18,17,17,17,17,17,17,19,20,19,19,19,19,19,19,20,20,20,20,20,20,20,20,19,19,20,20,23,23,23,23,23,23,23,24,25,26,26,26
84019077,US,USA,840,19077.0,Guthrie,Iowa,US,41.68378965,-94.50111014,"Guthrie, Iowa, US",0,0,0,0,0,0,0,0,0,0,0,0,0,0,0,0,0,0,0,0,0,0,0,0,0,0,0,0,0,0,0,0,0,0,0,0,0,0,0,0,0,0,0,0,0,0,0,0,0,0,0,0,0,0,0,0,0,0,0,0,0,0,0,0,0,0,0,0,1,1,1,1,1,1,1,1,1,1,1,1,1,1,1,1,3,3,3,4,4,4,4,4,5,5,6,6,6,6,10,12,13,19,22,29,31,31,32,32,33,33,35,35,36,36,37,37,37,38,40,40,42,42,42,43,43,43,44,46,50,50,50,51,53,53,54,55,55,55,55,55,55,55,57,58,58,59,59,60,61,61,61,62
84019079,US,USA,840,19079.0,Hamilton,Iowa,US,42.38382428,-93.70197703,"Hamilton, Iowa, US",0,0,0,0,0,0,0,0,0,0,0,0,0,0,0,0,0,0,0,0,0,0,0,0,0,0,0,0,0,0,0,0,0,0,0,0,0,0,0,0,0,0,0,0,0,0,0,0,0,0,0,0,0,0,0,0,0,0,0,0,0,0,0,0,0,0,0,0,0,0,0,0,0,0,1,1,2,2,2,2,2,2,2,2,2,2,2,2,2,2,2,2,3,7,7,7,7,7,7,7,7,7,7,7,7,7,9,9,9,10,11,11,11,11,11,11,11,11,11,12,15,15,19,26,26,25,28,29,30,35,37,43,44,45,61,76,81,83,82,96,104,108,112,118,119,123,125,130,141,148,150,158
84019081,US,USA,840,19081.0,Hancock,Iowa,US,43.08178477,-93.73454884,"Hancock, Iowa, US",0,0,0,0,0,0,0,0,0,0,0,0,0,0,0,0,0,0,0,0,0,0,0,0,0,0,0,0,0,0,0,0,0,0,0,0,0,0,0,0,0,0,0,0,0,0,0,0,0,0,0,0,0,0,0,0,0,0,0,0,0,2,2,3,3,3,3,3,3,3,3,3,3,3,3,3,3,3,3,3,3,3,3,3,3,3,3,3,3,3,3,3,3,3,3,3,3,3,3,3,3,3,3,3,3,3,3,3,3,3,3,3,3,3,3,3,5,5,5,7,10,11,12,12,12,14,14,16,16,16,16,16,16,16,16,18,18,22,22,22,24,25,26,27,27,32,32,30,34,35,35,37
84019083,US,USA,840,19083.0,Hardin,Iowa,US,42.38353877,-93.23654611,"Hardin, Iowa, US",0,0,0,0,0,0,0,0,0,0,0,0,0,0,0,0,0,0,0,0,0,0,0,0,0,0,0,0,0,0,0,0,0,0,0,0,0,0,0,0,0,0,0,0,0,0,0,0,0,0,0,0,0,0,0,0,0,0,0,0,0,0,0,0,0,1,1,1,1,1,1,1,1,1,1,1,1,1,1,1,1,1,2,2,1,1,1,2,2,3,4,4,4,4,5,6,7,7,7,8,9,9,9,9,9,9,11,12,12,12,12,12,12,11,11,12,12,12,12,13,13,13,13,13,13,13,15,16,16,16,17,17,17,19,21,24,30,32,33,32,36,40,42,42,44,45,45,46,51,52,52,53
84019085,US,USA,840,19085.0,Harrison,Iowa,US,41.68330137,-95.81558439,"Harrison, Iowa, US",0,0,0,0,0,0,0,0,0,0,0,0,0,0,0,0,0,0,0,0,0,0,0,0,0,0,0,0,0,0,0,0,0,0,0,0,0,0,0,0,0,0,0,0,0,0,0,0,0,0,0,1,1,1,1,1,1,1,1,1,3,3,3,3,3,7,8,8,8,9,10,10,10,10,10,10,10,11,11,12,12,12,12,12,12,12,12,12,13,14,14,15,15,15,15,15,15,15,16,16,16,16,16,16,17,17,17,17,17,17,17,17,17,17,17,17,17,18,18,18,18,18,18,19,19,19,19,19,21,22,23,23,25,26,26,26,26,26,27,27,28,32,33,39,39,40,40,40,41,41,41,42
84019087,US,USA,840,19087.0,Henry,Iowa,US,40.98767962,-91.54436349,"Henry, Iowa, US",0,0,0,0,0,0,0,0,0,0,0,0,0,0,0,0,0,0,0,0,0,0,0,0,0,0,0,0,0,0,0,0,0,0,0,0,0,0,0,0,0,0,0,0,0,0,0,0,0,0,0,0,0,0,0,0,0,0,0,1,1,1,1,1,1,2,2,3,3,3,5,5,6,6,8,9,13,15,15,17,19,19,20,22,22,22,26,27,27,27,29,30,30,31,31,31,32,32,32,32,32,32,33,34,37,40,42,42,43,43,43,43,43,43,44,44,47,46,47,49,50,56,57,61,61,67,67,67,70,71,71,71,72,72,72,73,74,74,73,73,74,73,73,73,73,74,74,75,75,75,76,78
84019089,US,USA,840,19089.0,Howard,Iowa,US,43.35671042,-92.31702714,"Howard, Iowa, US",0,0,0,0,0,0,0,0,0,0,0,0,0,0,0,0,0,0,0,0,0,0,0,0,0,0,0,0,0,0,0,0,0,0,0,0,0,0,0,0,0,0,0,0,0,0,0,0,0,0,0,0,0,0,0,0,0,0,0,0,0,0,0,0,0,0,0,0,0,0,0,0,0,1,1,1,1,1,1,1,1,1,1,1,1,2,2,4,4,4,4,4,4,4,4,6,6,7,10,10,10,10,10,12,12,12,13,12,12,12,12,12,12,12,12,12,12,12,12,12,12,12,12,12,12,12,12,12,12,12,12,12,12,12,12,12,12,12,12,12,12,12,12,12,12,12,12,12,12,13,13,14
84019091,US,USA,840,19091.0,Humboldt,Iowa,US,42.7764426,-94.20722537,"Humboldt, Iowa, US",0,0,0,0,0,0,0,0,0,0,0,0,0,0,0,0,0,0,0,0,0,0,0,0,0,0,0,0,0,0,0,0,0,0,0,0,0,0,0,0,0,0,0,0,0,0,0,0,0,0,0,0,0,0,0,0,0,0,0,0,0,0,0,0,0,0,0,0,0,0,0,0,0,0,0,0,0,0,0,0,0,0,0,0,0,0,0,0,0,0,1,2,2,4,4,4,4,4,4,4,4,4,4,4,4,4,6,6,6,7,7,7,7,7,7,7,7,7,7,7,9,10,11,13,13,13,14,15,16,17,18,18,19,18,19,20,20,20,23,24,26,27,30,32,33,34,34,34,37,39,39,40
84019093,US,USA,840,19093.0,Ida,Iowa,US,42.38696136,-95.51355387,"Ida, Iowa, US",0,0,0,0,0,0,0,0,0,0,0,0,0,0,0,0,0,0,0,0,0,0,0,0,0,0,0,0,0,0,0,0,0,0,0,0,0,0,0,0,0,0,0,0,0,0,0,0,0,0,0,0,0,0,0,0,0,0,0,0,0,0,0,0,0,0,0,0,0,0,0,0,0,0,0,0,0,0,0,0,0,0,0,0,0,0,0,0,0,0,0,0,0,0,0,0,0,0,0,0,0,0,0,0,0,0,0,0,0,0,0,1,2,2,4,3,3,7,8,8,8,8,9,10,13,13,14,14,14,14,14,14,14,14,15,15,15,15,15,15,15,17,17,17,18,18,18,19,19,19,19,20
84019095,US,USA,840,19095.0,Iowa,Iowa,US,41.68630265,-92.0643373,"Iowa, Iowa, US",0,0,0,0,0,0,0,0,0,0,0,0,0,0,0,0,0,0,0,0,0,0,0,0,0,0,0,0,0,0,0,0,0,0,0,0,0,0,0,0,0,0,0,0,0,0,0,0,0,0,0,0,0,0,0,0,0,0,0,0,0,0,0,0,0,1,1,2,3,4,5,5,5,6,6,6,6,6,7,7,7,7,7,7,7,8,8,10,12,13,13,13,13,14,16,17,18,19,19,19,20,20,21,22,22,24,26,27,27,24,27,26,26,28,27,28,29,29,30,31,32,35,32,32,33,33,36,35,34,33,33,33,34,33,33,34,33,33,33,33,35,34,34,34,34,34,34,35,35,35,35,39
84019097,US,USA,840,19097.0,Jackson,Iowa,US,42.17178824,-90.57354837,"Jackson, Iowa, US",0,0,0,0,0,0,0,0,0,0,0,0,0,0,0,0,0,0,0,0,0,0,0,0,0,0,0,0,0,0,0,0,0,0,0,0,0,0,0,0,0,0,0,0,0,0,0,0,0,0,0,0,0,0,0,0,0,0,0,0,0,0,0,0,0,0,0,0,1,1,1,1,2,3,3,4,4,4,4,4,4,4,4,4,4,4,4,4,4,5,5,5,5,5,5,5,5,5,5,5,5,5,6,5,5,5,7,7,7,7,7,7,7,7,8,8,8,8,8,8,8,9,11,11,12,12,13,11,12,12,12,12,12,13,13,14,14,14,14,14,14,14,14,14,14,14,14,14,14,15,15,19
84019099,US,USA,840,19099.0,Jasper,Iowa,US,41.68576082,-93.05567785,"Jasper, Iowa, US",0,0,0,0,0,0,0,0,0,0,0,0,0,0,0,0,0,0,0,0,0,0,0,0,0,0,0,0,0,0,0,0,0,0,0,0,0,0,0,0,0,0,0,0,0,0,0,0,0,0,0,0,0,0,0,0,0,0,0,0,0,0,1,1,2,2,3,4,5,6,7,7,8,8,8,8,8,8,9,10,10,11,12,15,17,23,28,33,36,42,53,53,55,73,78,83,91,109,130,130,155,175,193,210,219,220,229,235,238,238,238,239,239,240,241,242,247,249,250,250,249,250,254,256,256,257,257,258,260,261,260,260,261,263,269,269,269,274,273,274,276,278,279,279,282,282,282,286,289,290,291,296
84019101,US,USA,840,19101.0,Jefferson,Iowa,US,41.03192394,-91.94849466,"Jefferson, Iowa, US",0,0,0,0,0,0,0,0,0,0,0,0,0,0,0,0,0,0,0,0,0,0,0,0,0,0,0,0,0,0,0,0,0,0,0,0,0,0,0,0,0,0,0,0,0,0,0,0,0,0,0,0,0,0,0,0,0,0,0,0,0,0,0,0,0,0,0,0,0,0,0,1,2,3,3,3,3,3,3,3,4,4,4,4,4,4,4,4,4,6,7,7,7,6,6,6,6,6,6,6,6,6,6,6,6,6,6,6,6,6,7,8,9,9,10,12,12,12,12,13,14,14,14,15,18,18,19,19,21,23,27,30,34,33,35,36,36,36,38,40,43,42,44,44,45,47,46,46,46,46,46,47
84019103,US,USA,840,19103.0,Johnson,Iowa,US,41.67169354,-91.58754744,"Johnson, Iowa, US",0,0,0,0,0,0,0,0,0,0,0,0,0,0,0,0,0,0,0,0,0,0,0,0,0,0,0,0,0,0,0,0,0,0,0,0,0,0,0,0,0,0,0,0,0,0,0,3,7,12,13,14,14,14,15,15,21,22,22,27,32,35,37,43,49,58,61,65,70,73,76,80,83,96,106,118,134,147,171,185,194,203,210,216,226,234,246,265,285,303,372,388,391,410,418,426,437,448,453,461,475,487,498,505,518,530,543,546,549,551,555,559,558,562,565,567,569,574,574,579,585,591,593,598,602,605,605,607,610,614,614,614,616,616,618,619,624,626,625,630,633,629,635,637,638,643,650,668,686,711,722,756
84019105,US,USA,840,19105.0,Jones,Iowa,US,42.12118609,-91.13139641,"Jones, Iowa, US",0,0,0,0,0,0,0,0,0,0,0,0,0,0,0,0,0,0,0,0,0,0,0,0,0,0,0,0,0,0,0,0,0,0,0,0,0,0,0,0,0,0,0,0,0,0,0,0,0,0,0,0,0,0,0,0,0,0,0,0,0,0,0,0,0,0,0,0,1,4,4,5,5,5,6,6,6,6,8,8,8,8,10,11,11,12,13,14,14,15,16,17,18,18,18,18,19,19,20,21,22,24,24,24,25,25,30,31,31,31,34,34,34,35,36,36,36,36,36,36,36,36,36,36,36,36,36,36,36,36,36,36,37,37,37,37,37,37,37,38,38,38,40,41,41,41,41,41,42,43,43,46
84019107,US,USA,840,19107.0,Keokuk,Iowa,US,41.33649833,-92.1785067,"Keokuk, Iowa, US",0,0,0,0,0,0,0,0,0,0,0,0,0,0,0,0,0,0,0,0,0,0,0,0,0,0,0,0,0,0,0,0,0,0,0,0,0,0,0,0,0,0,0,0,0,0,0,0,0,0,0,0,0,0,0,0,0,0,0,0,0,0,0,0,0,0,1,1,1,2,1,1,1,2,2,2,2,2,2,2,2,2,2,2,2,2,2,4,3,3,3,3,3,3,4,2,2,2,2,2,3,3,3,3,3,3,6,7,7,7,9,9,9,9,9,10,11,11,12,13,13,13,13,13,14,14,14,14,14,15,15,14,14,14,14,14,15,15,15,15,15,16,15,15,15,15,16,16,16,16,16,16
84019109,US,USA,840,19109.0,Kossuth,Iowa,US,43.20405458,-94.20691791,"Kossuth, Iowa, US",0,0,0,0,0,0,0,0,0,0,0,0,0,0,0,0,0,0,0,0,0,0,0,0,0,0,0,0,0,0,0,0,0,0,0,0,0,0,0,0,0,0,0,0,0,0,0,0,0,0,0,0,0,0,0,0,0,0,0,0,1,1,1,1,1,1,1,1,1,1,1,1,1,1,1,1,1,1,1,1,1,1,1,1,1,1,1,1,1,1,1,1,1,1,1,1,1,1,1,2,2,2,2,2,2,2,2,2,2,2,2,2,2,2,2,2,3,5,4,7,7,7,7,7,7,8,8,9,9,9,9,10,13,13,14,16,16,16,16,16,16,16,16,17,17,19,19,20,23,21,22,24
84019111,US,USA,840,19111.0,Lee,Iowa,US,40.64181461,-91.48183025,"Lee, Iowa, US",0,0,0,0,0,0,0,0,0,0,0,0,0,0,0,0,0,0,0,0,0,0,0,0,0,0,0,0,0,0,0,0,0,0,0,0,0,0,0,0,0,0,0,0,0,0,0,0,0,0,0,0,0,0,0,0,0,0,0,0,0,0,0,0,0,0,0,0,0,0,0,0,0,1,1,1,1,1,1,1,1,1,2,2,2,3,3,3,3,3,3,3,3,4,4,5,5,7,8,8,9,12,13,14,16,16,17,18,18,18,18,18,18,18,18,18,18,19,20,20,20,20,20,22,22,21,23,24,25,25,27,27,27,28,29,29,30,31,31,34,36,37,37,38,38,40,40,40,41,41,42,45
84019113,US,USA,840,19113.0,Linn,Iowa,US,42.07923082,-91.59809485,"Linn, Iowa, US",0,0,0,0,0,0,0,0,0,0,0,0,0,0,0,0,0,0,0,0,0,0,0,0,0,0,0,0,0,0,0,0,0,0,0,0,0,0,0,0,0,0,0,0,0,0,0,0,0,0,0,0,0,0,0,0,0,0,0,3,4,6,6,7,12,22,36,42,71,90,94,103,118,139,161,176,186,197,215,225,235,243,258,265,276,280,304,332,395,409,460,466,479,509,548,573,613,632,652,669,673,705,731,757,767,770,805,813,819,827,841,849,858,871,882,892,896,899,899,902,910,916,922,927,935,936,938,941,945,949,955,953,958,967,971,978,981,985,994,1001,1005,1007,1012,1016,1018,1019,1021,1036,1048,1057,1072,1095
84019115,US,USA,840,19115.0,Louisa,Iowa,US,41.21842119,-91.26102611,"Louisa, Iowa, US",0,0,0,0,0,0,0,0,0,0,0,0,0,0,0,0,0,0,0,0,0,0,0,0,0,0,0,0,0,0,0,0,0,0,0,0,0,0,0,0,0,0,0,0,0,0,0,0,0,0,0,0,0,0,0,0,0,0,0,0,0,0,0,0,0,0,0,0,0,0,0,0,1,1,6,7,20,30,41,56,70,76,79,149,166,166,169,177,212,215,242,248,251,259,261,266,267,269,269,269,274,277,277,277,279,279,280,281,282,282,285,287,289,291,304,306,307,310,315,322,326,327,334,334,334,336,336,342,341,343,344,345,346,346,349,350,350,350,350,351,354,355,355,355,355,355,355,354,354,354,354,356
84019117,US,USA,840,19117.0,Lucas,Iowa,US,41.02958964,-93.32780803,"Lucas, Iowa, US",0,0,0,0,0,0,0,0,0,0,0,0,0,0,0,0,0,0,0,0,0,0,0,0,0,0,0,0,0,0,0,0,0,0,0,0,0,0,0,0,0,0,0,0,0,0,0,0,0,0,0,0,0,0,0,0,0,0,0,0,0,0,0,0,0,0,0,0,0,0,0,0,0,0,0,0,0,0,0,0,0,0,0,0,0,0,0,0,0,0,0,0,0,0,0,0,0,0,0,0,0,0,0,0,0,0,0,0,0,0,0,0,0,0,0,0,1,1,2,3,3,4,4,6,6,6,7,12,13,17,17,17,19,19,22,22,22,22,22,22,22,22,23,23,24,25,25,25,25,26,26,26
84019119,US,USA,840,19119.0,Lyon,Iowa,US,43.38107862,-96.20926845,"Lyon, Iowa, US",0,0,0,0,0,0,0,0,0,0,0,0,0,0,0,0,0,0,0,0,0,0,0,0,0,0,0,0,0,0,0,0,0,0,0,0,0,0,0,0,0,0,0,0,0,0,0,0,0,0,0,0,0,0,0,0,0,0,0,0,0,0,0,0,0,0,0,0,0,0,0,0,1,2,2,2,2,2,2,2,2,3,4,4,4,5,5,5,5,5,5,5,5,5,6,7,9,11,11,13,13,13,14,15,15,15,15,16,16,16,16,16,16,16,16,16,19,19,19,19,19,19,19,19,19,19,19,19,20,21,24,24,24,25,24,24,25,26,26,26,26,26,29,30,31,31,31,32,32,32,32,32
84019121,US,USA,840,19121.0,Madison,Iowa,US,41.33081904,-94.01554631,"Madison, Iowa, US",0,0,0,0,0,0,0,0,0,0,0,0,0,0,0,0,0,0,0,0,0,0,0,0,0,0,0,0,0,0,0,0,0,0,0,0,0,0,0,0,0,0,0,0,0,0,0,0,0,0,0,0,0,0,0,0,0,0,0,0,0,0,0,0,0,0,0,0,0,0,1,1,1,1,1,1,1,1,1,1,2,2,2,3,3,3,3,3,3,3,4,4,3,3,3,3,3,4,5,5,8,8,9,9,9,10,10,10,11,11,11,12,13,13,14,16,16,16,16,20,21,21,22,24,24,25,26,27,27,28,28,29,30,29,29,29,29,29,29,29,30,30,31,33,34,34,34,34,34,34,34,35
84019123,US,USA,840,19123.0,Mahaska,Iowa,US,41.33521503,-92.64083907,"Mahaska, Iowa, US",0,0,0,0,0,0,0,0,0,0,0,0,0,0,0,0,0,0,0,0,0,0,0,0,0,0,0,0,0,0,0,0,0,0,0,0,0,0,0,0,0,0,0,0,0,0,0,0,0,0,0,0,0,0,0,0,0,0,0,0,0,0,0,0,1,2,2,2,2,2,2,3,3,3,3,3,4,4,4,4,4,4,5,5,7,7,7,7,8,8,8,8,8,8,8,9,9,9,9,10,14,16,16,17,18,19,20,20,20,20,20,21,21,21,22,23,24,29,37,45,47,48,51,52,85,85,88,91,92,93,94,95,97,97,99,99,99,100,102,103,104,107,107,107,108,108,108,108,108,109,109,111
84019125,US,USA,840,19125.0,Marion,Iowa,US,41.33445101,-93.09934783,"Marion, Iowa, US",0,0,0,0,0,0,0,0,0,0,0,0,0,0,0,0,0,0,0,0,0,0,0,0,0,0,0,0,0,0,0,0,0,0,0,0,0,0,0,0,0,0,0,0,0,0,0,0,0,0,0,0,0,0,0,0,0,0,0,0,0,0,0,0,0,0,0,0,0,0,0,0,0,0,1,1,2,2,2,2,3,3,3,3,3,3,3,4,4,5,5,5,5,6,6,7,7,8,8,8,10,12,12,12,12,12,12,13,13,13,14,16,17,17,19,20,21,22,22,24,27,28,29,29,29,30,30,31,32,32,32,32,34,34,35,35,35,35,36,37,38,39,40,42,43,42,41,41,41,45,45,45
84019127,US,USA,840,19127.0,Marshall,Iowa,US,42.03586837,-92.99908190000001,"Marshall, Iowa, US",0,0,0,0,0,0,0,0,0,0,0,0,0,0,0,0,0,0,0,0,0,0,0,0,0,0,0,0,0,0,0,0,0,0,0,0,0,0,0,0,0,0,0,0,0,0,0,0,0,0,0,0,0,0,0,0,0,0,0,0,0,0,0,0,0,1,5,6,6,8,8,9,10,10,10,12,14,15,18,20,28,31,37,42,44,49,75,83,155,173,224,239,239,271,345,380,408,434,459,467,500,545,603,630,647,655,686,701,702,721,734,738,748,759,771,778,794,804,817,827,842,852,859,866,870,875,878,882,891,892,894,896,898,901,912,914,919,924,928,931,931,937,940,941,941,941,942,944,953,963,968,974
84019129,US,USA,840,19129.0,Mills,Iowa,US,41.03299766,-95.61920963,"Mills, Iowa, US",0,0,0,0,0,0,0,0,0,0,0,0,0,0,0,0,0,0,0,0,0,0,0,0,0,0,0,0,0,0,0,0,0,0,0,0,0,0,0,0,0,0,0,0,0,0,0,0,0,0,0,0,0,0,0,0,0,0,0,0,0,0,0,0,0,0,0,0,0,0,0,0,0,1,1,1,1,1,1,1,1,1,2,2,2,2,2,2,2,2,2,2,2,2,2,2,3,2,2,2,2,3,3,3,3,5,5,7,8,8,8,9,9,9,9,10,10,12,12,13,13,14,14,14,16,16,16,16,16,19,19,19,19,20,20,20,20,20,21,21,21,22,22,23,24,24,24,24,26,29,29,31
84019131,US,USA,840,19131.0,Mitchell,Iowa,US,43.35638371,-92.78887719,"Mitchell, Iowa, US",0,0,0,0,0,0,0,0,0,0,0,0,0,0,0,0,0,0,0,0,0,0,0,0,0,0,0,0,0,0,0,0,0,0,0,0,0,0,0,0,0,0,0,0,0,0,0,0,0,0,0,0,0,0,0,0,0,0,0,0,0,0,0,0,0,0,0,0,0,0,2,2,2,2,2,2,2,2,2,2,2,2,2,2,2,2,2,2,2,2,2,2,2,2,2,2,2,2,2,2,3,3,3,3,3,3,3,3,3,3,3,3,3,3,4,4,4,4,4,4,5,4,4,4,4,4,5,5,5,4,4,4,4,4,4,4,4,4,4,5,6,6,6,7,7,8,8,8,8,9,8,8
84019133,US,USA,840,19133.0,Monona,Iowa,US,42.05220391,-95.95743843,"Monona, Iowa, US",0,0,0,0,0,0,0,0,0,0,0,0,0,0,0,0,0,0,0,0,0,0,0,0,0,0,0,0,0,0,0,0,0,0,0,0,0,0,0,0,0,0,0,0,0,0,0,0,0,0,0,0,0,0,0,0,0,0,0,0,0,0,0,0,1,2,2,2,5,5,5,5,6,6,6,6,6,6,6,6,6,6,6,6,6,6,6,6,6,7,7,7,7,7,7,7,7,7,7,7,9,10,10,10,10,11,11,11,12,12,12,13,13,14,15,15,15,15,16,18,19,19,21,23,24,24,24,24,24,24,24,25,25,25,25,26,27,27,27,27,29,29,31,43,43,49,49,52,55,56,57,59
84019135,US,USA,840,19135.0,Monroe,Iowa,US,41.02988815,-92.8690667,"Monroe, Iowa, US",0,0,0,0,0,0,0,0,0,0,0,0,0,0,0,0,0,0,0,0,0,0,0,0,0,0,0,0,0,0,0,0,0,0,0,0,0,0,0,0,0,0,0,0,0,0,0,0,0,0,0,0,0,0,0,0,0,0,0,0,0,0,0,0,0,0,0,0,0,0,0,0,0,0,0,0,0,0,0,0,0,0,0,0,0,0,0,0,0,0,0,0,0,0,0,0,0,0,0,0,0,0,1,1,1,1,2,2,4,4,8,7,18,18,18,19,19,22,22,22,27,29,32,33,33,35,35,38,38,38,38,38,38,38,41,41,43,43,44,45,45,46,47,47,47,47,47,48,48,49,49,49
84019137,US,USA,840,19137.0,Montgomery,Iowa,US,41.03018714,-95.15642896,"Montgomery, Iowa, US",0,0,0,0,0,0,0,0,0,0,0,0,0,0,0,0,0,0,0,0,0,0,0,0,0,0,0,0,0,0,0,0,0,0,0,0,0,0,0,0,0,0,0,0,0,0,0,0,0,0,0,0,0,0,0,0,0,0,0,0,0,0,0,0,0,1,1,1,1,1,1,1,1,1,1,1,1,1,1,1,1,1,1,1,1,1,1,1,1,1,1,1,1,1,1,1,1,1,1,1,1,1,1,1,1,1,2,3,4,4,4,5,5,5,5,6,6,5,5,5,5,5,5,6,6,6,6,6,6,7,7,8,8,8,9,9,9,9,9,9,9,9,9,9,9,9,9,9,9,10,10,10
84019139,US,USA,840,19139.0,Muscatine,Iowa,US,41.48370744,-91.11216970000001,"Muscatine, Iowa, US",0,0,0,0,0,0,0,0,0,0,0,0,0,0,0,0,0,0,0,0,0,0,0,0,0,0,0,0,0,0,0,0,0,0,0,0,0,0,0,0,0,0,0,0,0,0,0,0,0,0,0,0,0,0,0,0,0,1,1,2,2,3,5,6,6,7,10,10,13,16,18,19,22,27,33,41,51,61,70,80,91,96,102,122,133,148,163,176,207,218,230,240,252,270,295,305,311,319,329,336,346,360,372,387,415,435,441,446,471,488,495,502,513,515,519,524,532,532,531,535,540,540,541,543,545,545,547,549,554,556,557,557,558,563,565,567,568,566,566,568,568,569,571,572,574,574,574,575,577,581,581,583
84019141,US,USA,840,19141.0,O'Brien,Iowa,US,43.08310673,-95.62474482,"O'Brien, Iowa, US",0,0,0,0,0,0,0,0,0,0,0,0,0,0,0,0,0,0,0,0,0,0,0,0,0,0,0,0,0,0,0,0,0,0,0,0,0,0,0,0,0,0,0,0,0,0,0,0,0,0,0,0,0,0,0,0,0,0,0,0,0,0,0,0,0,0,0,0,0,0,0,2,3,3,3,3,3,3,3,3,3,3,3,3,3,3,3,3,3,3,3,3,3,5,4,5,6,7,7,8,9,10,11,11,11,11,13,13,15,15,16,18,19,21,20,22,22,22,21,21,24,24,24,24,24,27,27,27,28,27,31,30,33,36,39,40,46,50,54,55,60,61,64,64,65,66,66,68,69,70,70,71
84019143,US,USA,840,19143.0,Osceola,Iowa,US,43.37824276,-95.62422844,"Osceola, Iowa, US",0,0,0,0,0,0,0,0,0,0,0,0,0,0,0,0,0,0,0,0,0,0,0,0,0,0,0,0,0,0,0,0,0,0,0,0,0,0,0,0,0,0,0,0,0,0,0,0,0,0,0,0,0,0,0,0,0,0,0,0,0,0,0,0,0,0,0,0,0,0,0,0,0,0,0,0,0,0,0,1,1,2,2,2,2,2,2,3,3,3,4,4,6,6,7,7,8,8,8,9,10,10,13,13,13,13,17,18,19,19,20,23,23,25,25,26,26,27,28,29,30,30,30,32,32,32,31,32,32,33,33,34,34,34,34,36,37,38,41,41,41,49,49,49,49,49,49,49,49,49,49,49
84019145,US,USA,840,19145.0,Page,Iowa,US,40.7393172,-95.1497813,"Page, Iowa, US",0,0,0,0,0,0,0,0,0,0,0,0,0,0,0,0,0,0,0,0,0,0,0,0,0,0,0,0,0,0,0,0,0,0,0,0,0,0,0,0,0,0,0,0,0,0,0,0,0,0,0,0,0,0,0,0,0,0,0,0,0,0,0,0,1,2,2,2,2,2,2,2,2,3,2,3,3,3,3,3,3,3,3,3,3,3,3,3,4,4,4,4,5,5,5,5,5,5,5,6,7,8,8,9,9,9,9,10,9,10,10,10,10,10,10,10,10,10,10,10,10,10,10,10,10,10,10,11,11,13,13,14,14,14,14,14,16,16,16,16,16,16,16,16,16,16,17,17,18,18,18,18
84019147,US,USA,840,19147.0,Palo Alto,Iowa,US,43.08193849,-94.67824621,"Palo Alto, Iowa, US",0,0,0,0,0,0,0,0,0,0,0,0,0,0,0,0,0,0,0,0,0,0,0,0,0,0,0,0,0,0,0,0,0,0,0,0,0,0,0,0,0,0,0,0,0,0,0,0,0,0,0,0,0,0,0,0,0,0,0,0,0,0,0,0,0,0,0,0,0,0,0,0,0,0,0,0,0,0,0,0,0,0,0,0,0,0,0,0,0,0,0,0,0,0,0,0,0,0,0,0,0,0,0,0,0,0,0,1,1,1,1,1,1,1,1,2,2,2,2,2,3,3,3,3,3,3,3,3,6,6,6,7,7,7,7,7,7,7,8,9,9,12,13,13,13,16,16,16,18,19,21,22
84019149,US,USA,840,19149.0,Plymouth,Iowa,US,42.737633,-96.21366621,"Plymouth, Iowa, US",0,0,0,0,0,0,0,0,0,0,0,0,0,0,0,0,0,0,0,0,0,0,0,0,0,0,0,0,0,0,0,0,0,0,0,0,0,0,0,0,0,0,0,0,0,0,0,0,0,0,0,0,0,0,0,0,0,0,0,0,0,0,0,0,0,0,0,0,0,0,0,0,1,3,4,4,4,4,4,4,4,4,4,4,4,5,6,8,8,8,9,9,9,8,11,11,10,12,12,12,14,17,23,27,33,34,44,48,51,59,62,67,71,74,78,82,83,86,89,89,98,101,103,108,116,118,119,119,127,129,132,133,135,139,146,152,155,163,169,172,173,186,190,196,200,201,203,205,212,226,229,243
84019151,US,USA,840,19151.0,Pocahontas,Iowa,US,42.73420133,-94.67862564,"Pocahontas, Iowa, US",0,0,0,0,0,0,0,0,0,0,0,0,0,0,0,0,0,0,0,0,0,0,0,0,0,0,0,0,0,0,0,0,0,0,0,0,0,0,0,0,0,0,0,0,0,0,0,0,0,0,0,0,0,0,0,0,0,0,0,0,0,0,0,0,0,0,0,0,0,0,0,0,0,0,0,0,0,0,0,0,0,0,0,0,0,0,0,0,0,0,0,0,0,0,0,0,1,1,1,1,3,3,3,3,3,3,3,3,3,3,3,3,3,3,3,3,3,3,3,3,3,3,4,4,4,4,9,10,11,11,12,13,13,14,15,20,20,20,21,21,29,29,30,30,30,30,30,31,32,35,38,38
84019153,US,USA,840,19153.0,Polk,Iowa,US,41.68679484,-93.57767461,"Polk, Iowa, US",0,0,0,0,0,0,0,0,0,0,0,0,0,0,0,0,0,0,0,0,0,0,0,0,0,0,0,0,0,0,0,0,0,0,0,0,0,0,0,0,0,0,0,0,0,0,0,0,0,0,0,0,0,0,1,1,3,6,6,10,10,12,15,20,24,28,40,50,61,76,81,87,100,109,122,125,127,134,140,147,163,177,195,213,224,256,277,293,333,387,415,437,486,575,660,732,756,813,905,985,1176,1350,1476,1661,1778,1875,2053,2150,2194,2238,2368,2447,2551,2634,2767,2845,2922,3001,3128,3230,3381,3518,3603,3714,3774,3821,3876,3930,4056,4160,4227,4236,4342,4406,4541,4614,4679,4741,4820,4863,4906,4969,5026,5090,5151,5175,5199,5244,5312,5367,5430,5498
84019155,US,USA,840,19155.0,Pottawattamie,Iowa,US,41.33640314,-95.53907776,"Pottawattamie, Iowa, US",0,0,0,0,0,0,0,0,0,0,0,0,0,0,0,0,0,0,0,0,0,0,0,0,0,0,0,0,0,0,0,0,0,0,0,0,0,0,0,0,0,0,0,0,0,0,0,0,1,1,1,1,1,1,1,1,1,1,1,2,2,2,2,2,3,3,3,3,3,4,5,5,6,8,7,8,9,11,11,12,12,12,12,14,14,15,18,18,18,18,18,18,18,20,20,25,27,28,30,33,37,41,44,49,61,63,71,76,82,85,86,91,105,138,151,150,161,170,174,175,190,196,205,210,212,220,227,234,244,257,263,269,273,296,311,319,341,343,372,385,438,454,482,500,507,510,517,532,551,578,586,620
84019157,US,USA,840,19157.0,Poweshiek,Iowa,US,41.68625425,-92.53155731,"Poweshiek, Iowa, US",0,0,0,0,0,0,0,0,0,0,0,0,0,0,0,0,0,0,0,0,0,0,0,0,0,0,0,0,0,0,0,0,0,0,0,0,0,0,0,0,0,0,0,0,0,0,0,0,0,0,0,0,0,0,0,0,0,0,0,0,1,1,2,4,4,4,5,5,5,5,6,7,6,6,6,6,6,6,6,6,6,6,6,6,6,7,7,8,10,13,14,14,20,39,50,50,50,50,55,56,57,61,68,73,73,73,78,78,79,79,81,81,83,83,83,85,86,86,87,88,88,87,88,88,88,88,88,89,89,90,90,90,90,91,92,92,92,93,94,94,94,95,95,95,95,95,95,95,95,95,95,96
84019159,US,USA,840,19159.0,Ringgold,Iowa,US,40.73518949,-94.24368535,"Ringgold, Iowa, US",0,0,0,0,0,0,0,0,0,0,0,0,0,0,0,0,0,0,0,0,0,0,0,0,0,0,0,0,0,0,0,0,0,0,0,0,0,0,0,0,0,0,0,0,0,0,0,0,0,0,0,0,0,0,0,0,0,0,0,0,0,0,0,0,0,0,0,0,0,0,0,0,0,0,0,0,0,0,0,0,0,0,0,0,0,0,0,0,0,0,0,0,0,0,0,0,0,0,0,0,0,0,0,0,0,0,0,0,0,0,0,0,0,0,0,0,0,0,1,1,1,2,2,4,4,4,4,4,4,4,4,4,4,4,4,4,4,4,4,6,7,8,8,8,8,8,8,9,10,10,11,11
84019161,US,USA,840,19161.0,Sac,Iowa,US,42.38624071,-95.10547892,"Sac, Iowa, US",0,0,0,0,0,0,0,0,0,0,0,0,0,0,0,0,0,0,0,0,0,0,0,0,0,0,0,0,0,0,0,0,0,0,0,0,0,0,0,0,0,0,0,0,0,0,0,0,0,0,0,0,0,0,0,0,0,0,0,0,0,0,0,0,0,0,0,0,0,0,0,0,0,0,0,0,0,0,0,0,0,0,0,0,0,0,0,0,0,0,0,0,0,0,0,0,0,0,0,0,1,1,1,1,1,2,2,2,2,2,3,2,3,4,4,4,4,5,6,7,8,8,13,13,13,13,17,17,18,18,19,20,21,25,28,28,30,30,31,34,34,36,37,37,38,38,38,40,41,43,43,47
84019163,US,USA,840,19163.0,Scott,Iowa,US,41.63935978,-90.61959493,"Scott, Iowa, US",0,0,0,0,0,0,0,0,0,0,0,0,0,0,0,0,0,0,0,0,0,0,0,0,0,0,0,0,0,0,0,0,0,0,0,0,0,0,0,0,0,0,0,0,0,0,0,0,0,0,0,0,0,0,0,0,0,0,0,1,1,1,1,3,7,7,10,10,16,18,21,25,31,38,41,52,66,77,88,99,111,115,118,124,129,146,155,159,159,171,179,182,188,196,206,208,216,218,222,226,230,236,241,245,255,260,274,276,279,280,286,286,291,293,297,301,307,309,309,313,323,329,329,331,337,341,346,352,357,358,359,361,365,368,380,385,384,387,393,393,397,399,401,405,406,407,408,413,418,425,432,445
84019165,US,USA,840,19165.0,Shelby,Iowa,US,41.6850066,-95.31015553,"Shelby, Iowa, US",0,0,0,0,0,0,0,0,0,0,0,0,0,0,0,0,0,0,0,0,0,0,0,0,0,0,0,0,0,0,0,0,0,0,0,0,0,0,0,0,0,0,0,0,0,0,0,0,0,0,0,0,0,0,0,0,0,0,0,0,0,0,0,0,0,0,1,1,3,3,3,3,5,5,6,6,6,6,6,6,6,6,6,6,7,7,9,9,9,9,9,9,9,9,9,9,9,9,9,9,9,9,12,12,14,13,13,16,18,19,19,21,20,20,20,20,21,23,24,24,27,28,31,31,31,31,35,34,35,37,37,37,37,37,37,37,38,38,39,40,42,45,43,47,48,49,50,56,62,69,73,78
84019167,US,USA,840,19167.0,Sioux,Iowa,US,43.08221074,-96.17675679999999,"Sioux, Iowa, US",0,0,0,0,0,0,0,0,0,0,0,0,0,0,0,0,0,0,0,0,0,0,0,0,0,0,0,0,0,0,0,0,0,0,0,0,0,0,0,0,0,0,0,0,0,0,0,0,0,0,0,0,0,0,0,0,0,0,0,0,1,1,1,1,2,2,2,2,2,3,4,4,5,7,7,7,7,7,7,7,7,7,7,7,7,7,7,7,7,7,7,7,7,7,7,7,7,8,8,9,11,11,17,23,24,25,31,37,42,84,93,100,103,111,126,131,135,139,146,159,181,188,194,199,207,204,210,213,214,219,275,283,287,290,298,306,311,319,321,323,332,341,349,354,355,359,362,362,372,408,409,419
84019169,US,USA,840,19169.0,Story,Iowa,US,42.03621213,-93.46499005,"Story, Iowa, US",0,0,0,0,0,0,0,0,0,0,0,0,0,0,0,0,0,0,0,0,0,0,0,0,0,0,0,0,0,0,0,0,0,0,0,0,0,0,0,0,0,0,0,0,0,0,0,0,0,0,0,0,0,0,0,0,0,0,0,1,1,1,2,2,2,2,2,2,2,2,4,4,5,5,5,5,6,6,7,7,7,7,8,11,11,16,17,17,18,20,19,20,22,22,22,23,25,26,27,27,31,32,33,38,39,40,52,54,55,58,61,64,65,66,73,75,75,79,81,82,86,88,90,94,95,95,96,99,105,109,115,116,119,118,126,131,143,149,155,157,169,187,210,233,247,255,259,301,342,378,416,469
84019171,US,USA,840,19171.0,Tama,Iowa,US,42.07991767,-92.53266945,"Tama, Iowa, US",0,0,0,0,0,0,0,0,0,0,0,0,0,0,0,0,0,0,0,0,0,0,0,0,0,0,0,0,0,0,0,0,0,0,0,0,0,0,0,0,0,0,0,0,0,0,0,0,0,0,0,0,0,0,0,0,0,0,0,0,3,3,4,4,4,5,8,9,10,11,14,17,22,29,30,35,42,46,63,70,77,86,101,108,111,114,121,123,187,197,223,225,225,236,261,263,259,263,264,266,270,278,286,292,297,303,321,322,327,329,336,341,345,348,350,354,356,358,362,368,378,383,390,390,394,398,400,400,401,402,403,403,405,408,410,411,413,415,417,417,419,419,426,427,427,429,429,429,429,429,430,431
84019173,US,USA,840,19173.0,Taylor,Iowa,US,40.73710579,-94.69778563,"Taylor, Iowa, US",0,0,0,0,0,0,0,0,0,0,0,0,0,0,0,0,0,0,0,0,0,0,0,0,0,0,0,0,0,0,0,0,0,0,0,0,0,0,0,0,0,0,0,0,0,0,0,0,0,0,0,0,0,0,0,0,0,0,0,0,0,0,0,0,0,0,1,1,1,1,1,1,1,1,1,1,1,1,1,1,1,1,1,1,1,1,1,1,1,1,1,1,1,1,1,1,1,1,1,1,1,1,1,1,1,1,1,1,1,1,1,1,1,1,1,1,2,2,3,4,5,6,10,37,39,40,48,49,51,54,56,56,58,59,64,66,66,67,68,68,69,70,71,73,73,74,74,74,75,75,75,76
84019175,US,USA,840,19175.0,Union,Iowa,US,41.0277278,-94.24234847,"Union, Iowa, US",0,0,0,0,0,0,0,0,0,0,0,0,0,0,0,0,0,0,0,0,0,0,0,0,0,0,0,0,0,0,0,0,0,0,0,0,0,0,0,0,0,0,0,0,0,0,0,0,0,0,0,0,0,0,0,0,0,0,0,0,0,0,0,0,0,0,0,0,0,0,0,0,0,0,0,0,0,0,0,1,1,1,1,1,1,1,1,1,1,1,1,1,1,1,1,1,1,1,1,1,1,1,1,1,1,1,1,1,1,1,2,2,2,1,1,2,2,2,2,4,4,5,5,6,7,6,6,7,7,7,8,9,10,9,9,10,10,11,11,11,10,10,10,10,10,10,10,11,12,12,12,12
84019177,US,USA,840,19177.0,Van Buren,Iowa,US,40.75326764,-91.95017958,"Van Buren, Iowa, US",0,0,0,0,0,0,0,0,0,0,0,0,0,0,0,0,0,0,0,0,0,0,0,0,0,0,0,0,0,0,0,0,0,0,0,0,0,0,0,0,0,0,0,0,0,0,0,0,0,0,0,0,0,0,0,0,0,0,0,0,0,0,0,0,0,0,0,0,1,1,2,3,5,6,6,6,6,6,6,6,6,6,8,8,8,8,8,8,8,8,8,8,8,8,8,8,8,8,8,8,8,8,8,8,8,8,8,8,8,8,8,8,8,8,8,8,8,8,8,8,8,8,8,8,10,9,9,9,9,9,9,9,9,9,9,9,9,10,10,10,11,11,11,11,11,11,12,11,11,11,11,12
84019179,US,USA,840,19179.0,Wapello,Iowa,US,41.03064984,-92.40954728,"Wapello, Iowa, US",0,0,0,0,0,0,0,0,0,0,0,0,0,0,0,0,0,0,0,0,0,0,0,0,0,0,0,0,0,0,0,0,0,0,0,0,0,0,0,0,0,0,0,0,0,0,0,0,0,0,0,0,0,0,0,0,0,0,0,0,0,1,1,1,1,1,1,1,1,1,1,1,1,1,1,2,2,2,2,3,4,4,6,7,7,6,6,7,6,6,6,6,6,7,7,9,10,10,10,10,17,27,61,94,108,125,165,192,212,218,259,283,306,328,350,360,379,396,405,417,450,462,477,500,514,517,538,545,556,558,593,597,610,607,628,636,641,643,654,657,661,667,672,673,675,675,675,678,681,681,681,688
84019181,US,USA,840,19181.0,Warren,Iowa,US,41.33559454,-93.56007641,"Warren, Iowa, US",0,0,0,0,0,0,0,0,0,0,0,0,0,0,0,0,0,0,0,0,0,0,0,0,0,0,0,0,0,0,0,0,0,0,0,0,0,0,0,0,0,0,0,0,0,0,0,0,0,0,0,0,0,0,0,0,0,0,0,0,0,0,1,1,1,1,1,1,1,3,4,6,8,9,10,11,12,13,13,15,15,16,14,15,16,17,17,18,18,20,20,18,18,19,19,19,20,20,21,22,25,25,26,27,28,34,35,39,42,42,44,49,52,53,63,66,72,77,87,87,90,97,100,106,111,112,114,116,121,126,132,135,144,153,166,167,173,174,173,176,182,187,191,192,196,197,197,200,201,205,209,210
84019183,US,USA,840,19183.0,Washington,Iowa,US,41.33577126,-91.71725711,"Washington, Iowa, US",0,0,0,0,0,0,0,0,0,0,0,0,0,0,0,0,0,0,0,0,0,0,0,0,0,0,0,0,0,0,0,0,0,0,0,0,0,0,0,0,0,0,0,0,0,0,0,0,0,0,0,0,0,0,0,0,1,1,1,2,3,3,4,6,8,11,11,13,18,24,34,36,43,47,49,52,57,62,65,70,79,81,89,95,101,106,109,113,118,121,124,124,124,131,132,132,136,138,139,141,144,145,148,149,149,152,154,155,156,159,162,163,163,163,163,170,172,172,173,173,174,178,179,179,180,184,185,185,187,188,189,189,190,192,195,196,199,200,200,202,206,205,206,208,208,208,208,209,210,210,210,212
84019185,US,USA,840,19185.0,Wayne,Iowa,US,40.73969028,-93.32752197,"Wayne, Iowa, US",0,0,0,0,0,0,0,0,0,0,0,0,0,0,0,0,0,0,0,0,0,0,0,0,0,0,0,0,0,0,0,0,0,0,0,0,0,0,0,0,0,0,0,0,0,0,0,0,0,0,0,0,0,0,0,0,0,0,0,0,0,0,0,0,0,0,0,0,0,0,0,0,0,0,0,0,0,0,0,0,0,0,0,0,0,0,0,0,0,0,0,0,0,0,0,0,0,0,0,0,1,1,1,1,1,1,1,1,1,1,1,1,1,1,1,1,1,1,1,1,1,1,1,1,1,1,1,1,1,1,1,1,1,1,1,1,2,2,2,3,3,4,4,4,4,5,5,5,5,5,5,5
84019187,US,USA,840,19187.0,Webster,Iowa,US,42.42853483,-94.17987389,"Webster, Iowa, US",0,0,0,0,0,0,0,0,0,0,0,0,0,0,0,0,0,0,0,0,0,0,0,0,0,0,0,0,0,0,0,0,0,0,0,0,0,0,0,0,0,0,0,0,0,0,0,0,0,0,0,0,0,0,0,0,0,0,0,0,0,0,0,0,0,1,1,1,1,1,1,1,1,1,1,1,1,2,2,2,2,2,2,2,2,2,2,3,3,4,3,2,2,4,4,4,4,4,5,5,5,6,6,6,6,8,8,9,9,9,10,10,12,13,13,13,13,13,13,19,20,25,27,27,27,28,29,32,37,39,40,42,43,44,62,74,78,81,82,87,88,90,94,96,97,99,101,103,108,110,113,120
84019189,US,USA,840,19189.0,Winnebago,Iowa,US,43.37751174,-93.73407298,"Winnebago, Iowa, US",0,0,0,0,0,0,0,0,0,0,0,0,0,0,0,0,0,0,0,0,0,0,0,0,0,0,0,0,0,0,0,0,0,0,0,0,0,0,0,0,0,0,0,0,0,0,0,0,0,0,0,0,0,0,0,0,0,0,0,0,0,0,0,0,0,0,0,0,0,0,0,0,0,0,0,1,1,1,1,2,2,2,2,2,2,2,2,2,2,2,2,2,2,2,2,2,2,2,2,2,2,2,2,3,3,3,3,3,3,3,5,5,5,6,6,6,6,7,7,8,9,10,10,10,10,10,11,11,11,11,11,11,11,11,11,11,11,11,12,12,12,12,12,12,12,13,13,13,12,13,13,15
84019191,US,USA,840,19191.0,Winneshiek,Iowa,US,43.29094334,-91.84422722,"Winneshiek, Iowa, US",0,0,0,0,0,0,0,0,0,0,0,0,0,0,0,0,0,0,0,0,0,0,0,0,0,0,0,0,0,0,0,0,0,0,0,0,0,0,0,0,0,0,0,0,0,0,0,0,0,0,0,0,0,0,0,0,1,1,1,1,1,1,1,1,1,2,2,3,3,3,3,4,4,4,4,4,4,4,5,5,5,5,5,5,5,5,5,5,6,6,7,8,9,11,12,24,24,15,15,15,17,17,18,18,18,18,18,18,18,18,18,18,18,18,18,18,18,20,21,20,21,21,21,21,23,23,23,23,23,24,24,24,24,24,24,24,24,24,24,24,25,25,24,24,24,24,24,24,24,24,24,24
84019193,US,USA,840,19193.0,Woodbury,Iowa,US,42.38979414,-96.0459439,"Woodbury, Iowa, US",0,0,0,0,0,0,0,0,0,0,0,0,0,0,0,0,0,0,0,0,0,0,0,0,0,0,0,0,0,0,0,0,0,0,0,0,0,0,0,0,0,0,0,0,0,0,0,0,0,0,0,0,0,0,0,0,0,0,0,0,1,2,2,2,2,3,3,4,4,4,4,7,8,8,8,8,9,11,12,15,18,18,19,20,21,22,25,35,37,44,81,100,120,189,316,409,495,695,728,742,922,1074,1112,1152,1296,1323,1429,1532,1554,1627,1676,1988,2054,2078,2111,2157,2215,2278,2342,2362,2448,2469,2520,2555,2624,2640,2658,2672,2721,2740,2750,2761,2786,2817,2837,2861,2900,2915,2927,2945,2957,2965,2987,2998,3004,3008,3015,3026,3038,3052,3054,3066
84019195,US,USA,840,19195.0,Worth,Iowa,US,43.37750768,-93.26087602,"Worth, Iowa, US",0,0,0,0,0,0,0,0,0,0,0,0,0,0,0,0,0,0,0,0,0,0,0,0,0,0,0,0,0,0,0,0,0,0,0,0,0,0,0,0,0,0,0,0,0,0,0,0,0,0,0,0,0,0,0,0,0,0,0,0,0,0,0,0,0,0,0,0,0,0,0,0,0,0,0,0,0,1,1,1,1,1,1,1,1,1,1,1,1,1,1,1,1,1,1,1,1,1,1,1,1,1,1,1,1,1,1,1,1,2,2,2,2,2,2,3,3,3,3,3,3,3,3,3,3,3,3,3,3,3,3,3,3,3,3,3,3,3,4,3,3,4,4,4,4,4,5,5,6,6,6,6
84019197,US,USA,840,19197.0,Wright,Iowa,US,42.73305373,-93.73515113,"Wright, Iowa, US",0,0,0,0,0,0,0,0,0,0,0,0,0,0,0,0,0,0,0,0,0,0,0,0,0,0,0,0,0,0,0,0,0,0,0,0,0,0,0,0,0,0,0,0,0,0,0,0,0,0,0,0,0,0,0,0,0,0,0,0,0,0,0,0,0,1,1,1,1,1,1,1,1,1,1,1,1,1,1,1,1,1,1,1,1,1,1,1,1,1,2,2,2,2,2,2,2,2,4,3,3,3,3,3,4,5,5,6,6,6,6,6,6,6,7,8,14,20,24,45,73,85,98,117,122,124,124,145,153,167,169,178,188,194,212,221,235,242,244,245,263,267,278,285,285,293,291,292,310,316,319,332
84020001,US,USA,840,20001.0,Allen,Kansas,US,37.88582951,-95.30030847,"Allen, Kansas, US",0,0,0,0,0,0,0,0,0,0,0,0,0,0,0,0,0,0,0,0,0,0,0,0,0,0,0,0,0,0,0,0,0,0,0,0,0,0,0,0,0,0,0,0,0,0,0,0,0,0,0,0,0,0,0,0,0,0,0,0,0,0,0,0,0,0,0,0,0,0,0,0,0,0,0,0,0,0,0,0,0,0,0,0,0,0,0,0,0,0,0,0,0,0,0,0,0,0,0,0,0,0,0,0,0,0,0,0,0,0,0,0,0,0,0,0,0,0,0,0,0,1,1,1,1,1,1,1,1,1,1,1,1,1,1,1,1,1,1,1,1,1,2,2,2,2,2,2,2,2,2,2
84020003,US,USA,840,20003.0,Anderson,Kansas,US,38.21413251,-95.29272815,"Anderson, Kansas, US",0,0,0,0,0,0,0,0,0,0,0,0,0,0,0,0,0,0,0,0,0,0,0,0,0,0,0,0,0,0,0,0,0,0,0,0,0,0,0,0,0,0,0,0,0,0,0,0,0,0,0,0,0,0,0,0,0,0,0,0,0,0,0,0,0,0,0,0,0,0,0,1,0,0,0,0,0,0,0,0,1,1,1,0,0,0,0,0,0,0,0,0,0,0,0,0,0,0,0,0,0,0,0,0,0,0,0,0,0,1,1,1,1,1,1,1,1,1,1,1,1,1,1,1,1,1,1,1,1,1,1,1,1,1,1,1,1,1,1,1,1,1,1,1,1,2,2,3,3,3,3,3
84020005,US,USA,840,20005.0,Atchison,Kansas,US,39.53185661,-95.30870026,"Atchison, Kansas, US",0,0,0,0,0,0,0,0,0,0,0,0,0,0,0,0,0,0,0,0,0,0,0,0,0,0,0,0,0,0,0,0,0,0,0,0,0,0,0,0,0,0,0,0,0,0,0,0,0,0,0,0,0,0,0,0,0,0,0,0,0,0,0,0,0,0,0,0,1,1,1,1,1,2,2,2,2,2,2,2,3,3,3,3,3,3,4,4,5,6,6,6,8,8,8,9,9,9,9,9,10,10,11,11,12,12,12,12,12,13,14,14,15,15,15,15,15,15,15,17,18,18,19,19,21,21,21,21,22,22,22,23,23,23,23,23,23,23,24,25,25,26,26,26,26,27,27,27,27,27,27,27
84020007,US,USA,840,20007.0,Barber,Kansas,US,37.2288586,-98.68460053,"Barber, Kansas, US",0,0,0,0,0,0,0,0,0,0,0,0,0,0,0,0,0,0,0,0,0,0,0,0,0,0,0,0,0,0,0,0,0,0,0,0,0,0,0,0,0,0,0,0,0,0,0,0,0,0,0,0,0,0,0,0,0,0,0,0,0,0,0,0,0,0,0,0,0,0,0,0,0,0,0,0,1,1,1,1,1,1,1,1,1,1,1,1,1,1,1,1,1,1,1,1,1,1,1,1,1,1,1,1,1,1,1,1,1,1,1,1,1,1,1,1,1,1,1,1,1,1,1,1,1,1,1,1,1,1,1,1,1,1,1,1,1,1,1,1,1,1,1,1,1,1,1,1,1,1,1,1
84020009,US,USA,840,20009.0,Barton,Kansas,US,38.47889676,-98.75636726,"Barton, Kansas, US",0,0,0,0,0,0,0,0,0,0,0,0,0,0,0,0,0,0,0,0,0,0,0,0,0,0,0,0,0,0,0,0,0,0,0,0,0,0,0,0,0,0,0,0,0,0,0,0,0,0,0,0,0,0,0,0,0,0,0,0,0,0,0,0,0,0,0,0,0,1,1,2,3,3,3,3,3,4,4,4,4,4,4,4,5,5,6,6,6,7,9,9,9,9,9,9,9,9,9,9,9,9,9,9,9,12,12,17,19,21,22,23,24,28,30,30,31,31,31,31,32,36,36,45,45,45,45,45,45,45,45,44,44,44,44,44,44,45,46,46,47,47,48,48,48,49,49,49,51,52,52,54
84020011,US,USA,840,20011.0,Bourbon,Kansas,US,37.85508555,-94.84865997,"Bourbon, Kansas, US",0,0,0,0,0,0,0,0,0,0,0,0,0,0,0,0,0,0,0,0,0,0,0,0,0,0,0,0,0,0,0,0,0,0,0,0,0,0,0,0,0,0,0,0,0,0,0,0,0,0,0,0,0,0,0,0,0,0,0,0,0,1,1,1,1,3,3,3,3,3,3,3,3,3,4,6,7,7,7,7,7,7,7,7,7,7,7,7,7,7,7,7,6,6,6,6,6,6,6,6,6,6,6,6,6,6,6,6,6,6,6,6,6,6,6,6,6,6,6,6,7,7,7,7,7,7,7,7,7,7,7,7,7,7,8,8,8,8,8,8,8,8,8,8,8,8,8,9,9,9,9,9
84020013,US,USA,840,20013.0,Brown,Kansas,US,39.82652589,-95.56421698,"Brown, Kansas, US",0,0,0,0,0,0,0,0,0,0,0,0,0,0,0,0,0,0,0,0,0,0,0,0,0,0,0,0,0,0,0,0,0,0,0,0,0,0,0,0,0,0,0,0,0,0,0,0,0,0,0,0,0,0,0,0,0,0,0,0,0,0,0,0,0,0,0,0,0,0,0,0,0,0,0,0,0,0,0,0,0,0,0,0,0,0,0,0,0,0,0,0,0,0,0,0,0,0,0,0,0,0,1,1,1,1,1,1,1,1,1,1,1,1,3,3,3,5,5,5,5,5,6,6,6,6,6,6,6,6,6,6,6,6,6,7,7,9,9,9,9,9,10,10,10,10,10,10,13,14,14,14
84020015,US,USA,840,20015.0,Butler,Kansas,US,37.78134351,-96.83878537,"Butler, Kansas, US",0,0,0,0,0,0,0,0,0,0,0,0,0,0,0,0,0,0,0,0,0,0,0,0,0,0,0,0,0,0,0,0,0,0,0,0,0,0,0,0,0,0,0,0,0,0,0,0,0,0,0,0,1,1,1,1,1,2,2,2,3,3,3,3,3,3,3,3,3,3,5,7,7,8,8,8,8,8,8,8,8,8,9,9,10,10,11,12,12,12,12,13,13,13,13,13,14,15,16,16,14,14,14,14,14,14,14,14,14,14,14,14,14,14,18,18,18,18,18,18,22,24,25,28,28,29,29,31,31,31,31,34,34,37,37,37,37,37,37,37,37,37,37,37,37,37,37,37,41,47,47,47
84020017,US,USA,840,20017.0,Chase,Kansas,US,38.30292938,-96.59563862,"Chase, Kansas, US",0,0,0,0,0,0,0,0,0,0,0,0,0,0,0,0,0,0,0,0,0,0,0,0,0,0,0,0,0,0,0,0,0,0,0,0,0,0,0,0,0,0,0,0,0,0,0,0,0,0,0,0,0,0,0,0,0,0,0,0,0,0,0,0,0,0,0,0,0,0,0,0,0,0,0,0,0,0,0,0,0,0,0,0,0,0,1,1,1,1,1,1,1,1,1,1,1,3,3,3,3,3,3,3,3,3,3,3,3,3,3,3,3,3,3,3,3,3,3,3,3,3,4,4,4,4,4,4,4,4,4,4,4,4,4,4,4,4,3,3,3,3,3,3,3,3,3,3,3,3,3,3
84020019,US,USA,840,20019.0,Chautauqua,Kansas,US,37.14994405,-96.2454192,"Chautauqua, Kansas, US",0,0,0,0,0,0,0,0,0,0,0,0,0,0,0,0,0,0,0,0,0,0,0,0,0,0,0,0,0,0,0,0,0,0,0,0,0,0,0,0,0,0,0,0,0,0,0,0,0,0,0,0,0,0,0,0,0,0,0,0,0,0,0,0,0,0,0,0,0,1,1,1,2,3,3,3,3,3,3,3,3,3,3,3,3,3,3,3,3,3,3,3,3,3,3,3,3,4,4,4,4,4,4,4,4,4,4,4,4,4,4,4,4,4,4,4,4,4,4,4,4,4,4,4,4,4,4,4,4,4,4,4,4,4,4,4,4,4,4,4,4,4,4,4,4,4,4,4,4,4,4,4
84020021,US,USA,840,20021.0,Cherokee,Kansas,US,37.16928494,-94.8462897,"Cherokee, Kansas, US",0,0,0,0,0,0,0,0,0,0,0,0,0,0,0,0,0,0,0,0,0,0,0,0,0,0,0,0,0,0,0,0,0,0,0,0,0,0,0,0,0,0,0,0,0,0,0,0,0,0,0,0,0,0,0,0,0,1,1,1,1,2,2,2,2,2,2,2,2,3,3,4,5,5,5,5,5,5,5,5,6,6,6,6,7,7,7,7,7,7,7,7,7,7,7,7,7,7,8,8,8,8,8,8,8,8,8,8,8,8,8,8,8,8,8,8,8,8,8,8,8,9,9,9,9,9,9,9,9,10,10,10,10,10,10,10,10,10,10,11,11,16,16,16,16,16,17,17,17,17,17,17
84020023,US,USA,840,20023.0,Cheyenne,Kansas,US,39.78580976,-101.7318201,"Cheyenne, Kansas, US",0,0,0,0,0,0,0,0,0,0,0,0,0,0,0,0,0,0,0,0,0,0,0,0,0,0,0,0,0,0,0,0,0,0,0,0,0,0,0,0,0,0,0,0,0,0,0,0,0,0,0,0,0,0,0,0,0,0,0,0,0,0,0,0,0,0,0,0,0,0,0,0,0,0,0,0,0,0,0,0,0,0,0,0,0,0,0,0,0,0,0,0,0,0,0,0,0,1,2,2,2,2,2,2,2,2,2,2,2,2,2,2,2,2,2,2,2,2,2,2,2,2,2,2,2,2,2,2,2,2,2,2,2,2,2,2,2,2,2,2,2,2,2,2,2,2,2,2,2,2,2,2
84020025,US,USA,840,20025.0,Clark,Kansas,US,37.23577007,-99.81883015,"Clark, Kansas, US",0,0,0,0,0,0,0,0,0,0,0,0,0,0,0,0,0,0,0,0,0,0,0,0,0,0,0,0,0,0,0,0,0,0,0,0,0,0,0,0,0,0,0,0,0,0,0,0,0,0,0,0,0,0,0,0,0,0,0,0,0,0,0,0,0,0,0,0,0,0,0,0,0,0,0,0,0,0,0,0,0,0,0,0,0,0,0,0,0,0,0,0,1,1,1,1,1,1,1,1,1,1,1,2,8,9,17,17,17,17,19,19,19,19,20,20,20,21,21,21,21,31,31,31,31,31,31,31,33,33,33,33,33,33,33,33,33,33,33,33,33,33,33,33,33,34,34,34,34,34,34,34
84020027,US,USA,840,20027.0,Clay,Kansas,US,39.34948772,-97.16518128,"Clay, Kansas, US",0,0,0,0,0,0,0,0,0,0,0,0,0,0,0,0,0,0,0,0,0,0,0,0,0,0,0,0,0,0,0,0,0,0,0,0,0,0,0,0,0,0,0,0,0,0,0,0,0,0,0,0,0,0,0,0,0,0,0,0,0,0,0,0,0,1,1,1,1,1,1,1,1,1,1,1,1,1,1,1,1,1,1,1,1,1,2,2,2,5,5,4,4,4,4,4,4,5,4,4,4,4,4,4,5,4,4,4,4,4,4,4,4,4,4,4,4,5,5,5,5,5,5,5,5,5,5,5,5,5,5,5,5,5,5,5,5,5,5,5,6,6,6,6,6,6,6,6,6,6,6,6
84020029,US,USA,840,20029.0,Cloud,Kansas,US,39.48028352,-97.64925343,"Cloud, Kansas, US",0,0,0,0,0,0,0,0,0,0,0,0,0,0,0,0,0,0,0,0,0,0,0,0,0,0,0,0,0,0,0,0,0,0,0,0,0,0,0,0,0,0,0,0,0,0,0,0,0,0,0,0,0,0,0,0,0,0,0,0,0,0,0,0,0,0,0,0,0,0,0,1,1,1,1,1,2,3,3,3,3,3,3,3,3,3,3,3,3,3,3,3,3,3,3,3,3,3,4,4,4,4,4,4,4,4,4,4,4,4,4,4,4,4,4,4,4,4,4,4,4,4,4,5,5,5,5,5,5,5,5,5,5,5,5,5,5,5,5,5,5,5,5,5,5,5,5,6,6,7,7,7
84020031,US,USA,840,20031.0,Coffey,Kansas,US,38.2365018,-95.73379515,"Coffey, Kansas, US",0,0,0,0,0,0,0,0,0,0,0,0,0,0,0,0,0,0,0,0,0,0,0,0,0,0,0,0,0,0,0,0,0,0,0,0,0,0,0,0,0,0,0,0,0,0,0,0,0,0,0,0,0,0,0,0,0,0,0,0,0,0,0,0,0,1,5,8,10,14,16,16,18,23,24,29,32,35,36,36,38,38,40,41,45,45,45,46,47,47,47,47,48,48,48,48,48,48,48,48,48,48,49,49,49,50,50,50,50,50,50,50,50,50,50,50,50,50,50,50,50,50,50,50,50,50,50,50,50,50,50,50,50,50,51,51,51,51,52,52,52,52,52,52,52,52,52,52,52,52,52,52
84020033,US,USA,840,20033.0,Comanche,Kansas,US,37.19114520000001,-99.27113247,"Comanche, Kansas, US",0,0,0,0,0,0,0,0,0,0,0,0,0,0,0,0,0,0,0,0,0,0,0,0,0,0,0,0,0,0,0,0,0,0,0,0,0,0,0,0,0,0,0,0,0,0,0,0,0,0,0,0,0,0,0,0,0,0,0,0,0,0,0,0,0,0,0,0,0,0,0,0,0,0,0,0,0,0,0,0,0,0,0,0,0,0,0,0,0,0,0,0,0,0,0,0,0,0,0,0,0,0,0,0,0,0,0,0,0,0,0,0,0,0,0,0,0,0,0,0,0,1,1,1,1,1,1,1,2,2,2,2,2,2,2,2,2,2,2,2,2,2,2,2,2,2,2,2,2,2,2,2
84020035,US,USA,840,20035.0,Cowley,Kansas,US,37.23781842,-96.83776647,"Cowley, Kansas, US",0,0,0,0,0,0,0,0,0,0,0,0,0,0,0,0,0,0,0,0,0,0,0,0,0,0,0,0,0,0,0,0,0,0,0,0,0,0,0,0,0,0,0,0,0,0,0,0,0,0,0,0,0,0,0,0,0,0,0,0,0,0,0,0,0,0,0,0,0,0,0,1,1,1,1,1,1,1,1,1,1,1,1,1,1,1,1,1,1,1,1,1,1,2,2,2,3,3,3,3,3,3,3,3,3,3,3,3,3,3,3,3,3,4,4,4,4,4,4,4,4,4,4,4,4,4,4,4,5,5,5,10,10,15,15,17,17,25,26,28,28,32,39,39,39,41,41,45,49,55,55,55
84020037,US,USA,840,20037.0,Crawford,Kansas,US,37.50675523,-94.85245778,"Crawford, Kansas, US",0,0,0,0,0,0,0,0,0,0,0,0,0,0,0,0,0,0,0,0,0,0,0,0,0,0,0,0,0,0,0,0,0,0,0,0,0,0,0,0,0,0,0,0,0,0,0,0,0,0,0,0,0,0,0,0,0,0,0,0,0,2,2,2,3,3,3,4,5,5,5,5,4,4,6,4,6,4,6,6,6,6,6,6,6,6,6,6,6,6,6,6,6,6,6,7,7,7,7,8,8,8,8,8,8,8,8,8,8,8,8,8,8,8,8,8,8,8,8,8,8,8,8,8,8,8,8,8,8,8,8,8,8,8,8,8,8,8,8,10,13,14,20,24,44,98,98,156,156,167,167,167
84020039,US,USA,840,20039.0,Decatur,Kansas,US,39.78468441,-100.45940809999999,"Decatur, Kansas, US",0,0,0,0,0,0,0,0,0,0,0,0,0,0,0,0,0,0,0,0,0,0,0,0,0,0,0,0,0,0,0,0,0,0,0,0,0,0,0,0,0,0,0,0,0,0,0,0,0,0,0,0,0,0,0,0,0,0,0,0,0,0,0,0,0,0,0,0,0,0,0,0,0,0,0,0,0,0,0,0,0,0,0,0,0,0,0,0,0,0,0,0,0,0,0,0,0,0,0,0,0,0,0,0,0,0,0,0,0,0,0,0,0,0,0,0,0,0,0,0,0,0,0,0,0,0,0,0,0,0,0,0,0,0,0,0,0,0,0,0,0,0,0,0,0,0,0,0,0,0,0,0
84020041,US,USA,840,20041.0,Dickinson,Kansas,US,38.86600962,-97.15532383,"Dickinson, Kansas, US",0,0,0,0,0,0,0,0,0,0,0,0,0,0,0,0,0,0,0,0,0,0,0,0,0,0,0,0,0,0,0,0,0,0,0,0,0,0,0,0,0,0,0,0,0,0,0,0,0,0,0,0,0,0,0,0,0,0,0,0,0,0,0,0,0,0,0,0,0,0,0,0,0,0,0,0,0,0,0,0,0,0,0,1,1,1,1,1,1,1,1,1,1,1,1,2,2,2,2,2,2,2,2,2,2,2,2,2,2,2,2,2,2,2,2,2,2,2,2,2,2,4,4,4,3,3,3,3,3,3,3,4,4,4,4,5,5,5,5,5,6,6,6,6,6,6,6,6,6,6,6,6
84020043,US,USA,840,20043.0,Doniphan,Kansas,US,39.79067154,-95.14056866,"Doniphan, Kansas, US",0,0,0,0,0,0,0,0,0,0,0,0,0,0,0,0,0,0,0,0,0,0,0,0,0,0,0,0,0,0,0,0,0,0,0,0,0,0,0,0,0,0,0,0,0,0,0,0,0,0,0,0,0,0,0,0,0,0,0,0,0,0,1,1,1,1,1,1,1,1,1,1,1,1,1,1,1,1,1,1,1,1,1,1,1,1,1,1,1,1,3,3,3,3,3,3,3,3,3,3,3,4,4,4,4,4,7,7,7,8,8,8,9,9,9,9,9,9,9,9,10,12,12,12,12,12,12,14,15,15,15,17,18,18,18,18,18,18,20,20,20,20,20,20,20,20,20,23,23,24,24,24
84020045,US,USA,840,20045.0,Douglas,Kansas,US,38.88503636,-95.2925121,"Douglas, Kansas, US",0,0,0,0,0,0,0,0,0,0,0,0,0,0,0,0,0,0,0,0,0,0,0,0,0,0,0,0,0,0,0,0,0,0,0,0,0,0,0,0,0,0,0,0,0,0,0,0,0,0,0,0,0,0,0,1,1,1,1,3,4,8,6,10,13,14,23,23,23,24,31,31,31,32,33,36,38,38,38,38,39,39,40,40,41,42,42,43,43,43,43,43,44,46,48,48,49,49,49,50,51,51,51,51,51,56,56,56,56,56,57,58,58,58,59,60,60,60,62,62,62,63,63,63,63,63,63,65,66,66,66,67,67,67,67,69,70,70,74,74,76,78,79,79,79,82,83,86,86,91,91,91
84020047,US,USA,840,20047.0,Edwards,Kansas,US,37.88735543,-99.31263309,"Edwards, Kansas, US",0,0,0,0,0,0,0,0,0,0,0,0,0,0,0,0,0,0,0,0,0,0,0,0,0,0,0,0,0,0,0,0,0,0,0,0,0,0,0,0,0,0,0,0,0,0,0,0,0,0,0,0,0,0,0,0,0,0,0,0,0,0,0,0,0,0,0,0,0,0,0,0,0,0,0,0,0,0,0,0,0,0,0,0,0,0,0,0,0,1,1,1,1,1,1,1,2,2,3,3,4,4,4,4,4,4,4,4,4,4,4,4,4,4,4,4,4,5,5,5,5,5,5,5,5,5,5,5,5,5,5,5,5,5,5,5,5,5,5,5,5,5,5,5,5,5,5,5,5,6,6,6
84020049,US,USA,840,20049.0,Elk,Kansas,US,37.45338105,-96.24369667,"Elk, Kansas, US",0,0,0,0,0,0,0,0,0,0,0,0,0,0,0,0,0,0,0,0,0,0,0,0,0,0,0,0,0,0,0,0,0,0,0,0,0,0,0,0,0,0,0,0,0,0,0,0,0,0,0,0,0,0,0,0,0,0,0,0,0,0,0,0,0,0,0,0,0,0,0,0,0,0,0,0,0,0,0,0,0,0,0,0,0,0,0,0,0,0,0,0,0,0,0,0,0,0,1,1,1,0,0,0,0,0,0,0,0,0,0,0,0,0,0,0,0,0,0,0,0,0,0,0,0,0,0,0,0,0,0,0,0,0,0,0,0,0,0,0,0,0,0,0,0,0,0,0,0,0,0,0
84020051,US,USA,840,20051.0,Ellis,Kansas,US,38.91458712,-99.31751551,"Ellis, Kansas, US",0,0,0,0,0,0,0,0,0,0,0,0,0,0,0,0,0,0,0,0,0,0,0,0,0,0,0,0,0,0,0,0,0,0,0,0,0,0,0,0,0,0,0,0,0,0,0,0,0,0,0,0,0,0,0,0,0,0,0,0,0,0,0,0,0,0,0,0,0,0,0,0,0,0,0,0,0,0,0,1,1,1,2,4,4,4,4,4,8,8,8,8,8,8,8,8,8,8,8,8,8,8,8,8,8,8,8,8,8,8,8,8,8,8,8,8,8,8,8,8,8,8,8,8,8,8,8,8,8,8,8,8,8,9,9,10,10,10,10,10,12,12,12,12,12,13,13,13,13,14,14,14
84020053,US,USA,840,20053.0,Ellsworth,Kansas,US,38.69677695,-98.20462799,"Ellsworth, Kansas, US",0,0,0,0,0,0,0,0,0,0,0,0,0,0,0,0,0,0,0,0,0,0,0,0,0,0,0,0,0,0,0,0,0,0,0,0,0,0,0,0,0,0,0,0,0,0,0,0,0,0,0,0,0,0,0,0,0,0,0,0,0,0,0,0,0,0,0,0,0,0,0,0,0,0,0,0,0,0,0,0,0,0,0,0,0,0,0,0,0,0,0,0,0,0,0,0,0,0,0,0,0,0,0,0,1,1,1,2,2,2,2,2,2,2,2,2,2,2,2,2,2,2,2,2,2,2,2,2,2,2,2,2,2,2,2,2,2,2,2,2,3,3,3,3,3,3,3,3,3,3,3,3
84020055,US,USA,840,20055.0,Finney,Kansas,US,38.04340344,-100.73819379999999,"Finney, Kansas, US",0,0,0,0,0,0,0,0,0,0,0,0,0,0,0,0,0,0,0,0,0,0,0,0,0,0,0,0,0,0,0,0,0,0,0,0,0,0,0,0,0,0,0,0,0,0,0,0,0,0,0,0,0,0,0,0,0,0,0,0,0,0,0,0,0,0,0,0,1,1,1,3,4,9,10,10,11,11,12,12,15,15,17,17,18,21,27,31,35,41,42,56,127,162,162,202,238,270,270,404,503,550,550,586,659,740,791,861,902,902,992,994,1101,1175,1234,1234,1234,1316,1331,1363,1398,1418,1418,1418,1418,1451,1458,1466,1481,1481,1481,1502,1504,1518,1522,1526,1526,1526,1536,1536,1537,1537,1538,1538,1538,1540,1543,1545,1545,1546,1546,1546
84020057,US,USA,840,20057.0,Ford,Kansas,US,37.69200114,-99.88825298,"Ford, Kansas, US",0,0,0,0,0,0,0,0,0,0,0,0,0,0,0,0,0,0,0,0,0,0,0,0,0,0,0,0,0,0,0,0,0,0,0,0,0,0,0,0,0,0,0,0,0,0,0,0,0,0,0,0,0,0,0,1,1,0,0,0,0,0,0,0,0,0,1,1,1,1,0,0,1,1,1,1,1,2,2,2,5,13,16,17,32,51,84,107,127,180,187,208,288,350,419,459,516,544,600,675,702,770,815,832,869,880,930,1024,1061,1099,1132,1170,1229,1250,1296,1311,1311,1400,1411,1437,1437,1555,1555,1560,1601,1601,1622,1622,1732,1732,1742,1787,1789,1794,1794,1813,1819,1819,1840,1840,1837,1837,1842,1842,1842,1863,1863,1873,1873,1892,1892,1892
84020059,US,USA,840,20059.0,Franklin,Kansas,US,38.56443815,-95.28644341,"Franklin, Kansas, US",0,0,0,0,0,0,0,0,0,0,0,0,0,0,0,0,0,0,0,0,0,0,0,0,0,0,0,0,0,0,0,0,0,0,0,0,0,0,0,0,0,0,0,0,0,0,0,0,0,0,0,0,1,1,1,1,1,1,1,1,1,1,1,1,1,2,6,6,6,7,7,7,9,9,9,10,10,10,10,10,12,12,12,12,12,12,12,12,12,12,12,12,12,12,12,12,12,13,13,14,14,16,17,19,19,20,20,20,20,23,26,28,30,30,32,32,32,32,32,32,32,32,32,32,33,34,34,34,34,34,34,35,35,35,35,35,35,35,38,38,46,49,49,49,49,51,51,53,53,57,57,57
84020061,US,USA,840,20061.0,Geary,Kansas,US,38.99871131,-96.7577178,"Geary, Kansas, US",0,0,0,0,0,0,0,0,0,0,0,0,0,0,0,0,0,0,0,0,0,0,0,0,0,0,0,0,0,0,0,0,0,0,0,0,0,0,0,0,0,0,0,0,0,0,0,0,0,0,0,0,0,0,0,0,0,0,0,0,0,0,0,0,0,0,0,0,0,0,0,0,0,0,2,2,4,4,5,5,5,5,8,10,9,9,9,9,9,9,9,9,9,9,10,10,10,11,11,11,11,11,11,11,11,13,13,14,14,14,14,14,14,14,14,14,14,14,14,15,16,16,16,16,16,19,19,20,20,20,20,20,20,23,23,26,26,26,26,26,26,29,29,29,29,29,29,30,32,33,33,33
84020063,US,USA,840,20063.0,Gove,Kansas,US,38.91588178,-100.4829321,"Gove, Kansas, US",0,0,0,0,0,0,0,0,0,0,0,0,0,0,0,0,0,0,0,0,0,0,0,0,0,0,0,0,0,0,0,0,0,0,0,0,0,0,0,0,0,0,0,0,0,0,0,0,0,0,0,0,0,0,0,0,0,0,0,0,0,0,0,0,0,1,1,1,1,1,1,1,1,1,1,1,1,1,1,1,1,1,1,1,1,1,1,1,1,1,1,1,1,1,1,1,1,1,1,1,1,1,1,1,1,1,1,1,1,1,1,1,1,1,1,1,1,1,1,1,1,1,1,1,1,1,1,1,1,1,1,1,1,1,1,1,1,1,1,1,1,1,1,1,1,1,1,1,1,1,1,1
84020065,US,USA,840,20065.0,Graham,Kansas,US,39.34987223,-99.88332493,"Graham, Kansas, US",0,0,0,0,0,0,0,0,0,0,0,0,0,0,0,0,0,0,0,0,0,0,0,0,0,0,0,0,0,0,0,0,0,0,0,0,0,0,0,0,0,0,0,0,0,0,0,0,0,0,0,0,0,0,0,0,0,0,0,0,0,0,0,0,0,0,0,0,0,0,0,0,0,0,0,0,0,0,0,0,0,0,0,0,0,0,0,0,0,0,0,0,0,0,0,0,0,0,0,0,0,0,0,0,0,0,0,0,0,0,0,0,0,0,0,0,0,0,0,0,0,0,0,0,0,0,0,0,0,0,0,0,0,0,0,0,0,0,0,0,0,0,0,0,0,0,0,0,0,0,0,0
84020067,US,USA,840,20067.0,Grant,Kansas,US,37.56227336,-101.3079758,"Grant, Kansas, US",0,0,0,0,0,0,0,0,0,0,0,0,0,0,0,0,0,0,0,0,0,0,0,0,0,0,0,0,0,0,0,0,0,0,0,0,0,0,0,0,0,0,0,0,0,0,0,0,0,0,0,0,0,0,0,0,0,0,0,0,0,0,0,0,0,0,0,0,0,0,0,0,0,0,0,0,0,0,0,0,0,0,0,0,0,0,0,0,0,0,0,0,0,1,1,1,1,1,2,4,5,5,7,7,7,8,8,11,11,11,11,11,12,12,13,14,16,17,18,18,18,18,18,18,18,18,18,18,18,18,18,18,18,18,18,18,18,18,18,18,18,18,18,18,18,18,18,18,18,22,22,23
84020069,US,USA,840,20069.0,Gray,Kansas,US,37.73836671,-100.4369088,"Gray, Kansas, US",0,0,0,0,0,0,0,0,0,0,0,0,0,0,0,0,0,0,0,0,0,0,0,0,0,0,0,0,0,0,0,0,0,0,0,0,0,0,0,0,0,0,0,0,0,0,0,0,0,0,0,0,0,0,0,0,0,0,0,0,0,0,0,0,0,0,0,0,0,0,0,0,0,0,0,0,0,0,0,0,0,0,0,0,0,0,0,0,1,1,0,0,1,2,2,2,3,4,4,4,5,5,5,6,6,6,6,7,7,7,8,8,10,10,12,12,12,15,15,16,16,21,21,21,22,22,22,22,22,22,22,23,23,23,23,23,23,23,23,23,23,23,23,23,23,23,23,23,24,24,24,24
84020071,US,USA,840,20071.0,Greeley,Kansas,US,38.4808095,-101.8061079,"Greeley, Kansas, US",0,0,0,0,0,0,0,0,0,0,0,0,0,0,0,0,0,0,0,0,0,0,0,0,0,0,0,0,0,0,0,0,0,0,0,0,0,0,0,0,0,0,0,0,0,0,0,0,0,0,0,0,0,0,0,0,0,0,0,0,0,0,0,0,0,0,0,0,0,0,0,0,0,0,0,0,0,0,0,0,0,0,0,0,0,0,0,0,0,0,0,0,0,0,0,0,0,0,0,0,0,0,0,0,0,0,0,0,0,0,0,0,0,0,0,0,0,0,0,0,0,0,0,0,0,0,0,0,0,0,0,0,0,0,0,0,0,0,0,0,0,0,0,0,0,0,0,0,0,0,0,0
84020073,US,USA,840,20073.0,Greenwood,Kansas,US,37.8774388,-96.23250453,"Greenwood, Kansas, US",0,0,0,0,0,0,0,0,0,0,0,0,0,0,0,0,0,0,0,0,0,0,0,0,0,0,0,0,0,0,0,0,0,0,0,0,0,0,0,0,0,0,0,0,0,0,0,0,0,0,0,0,0,0,0,0,0,0,0,0,0,0,0,0,0,0,0,0,0,0,0,0,0,1,1,1,1,1,1,1,1,1,1,1,1,1,2,2,2,2,2,2,2,3,3,3,3,3,3,3,3,3,3,3,3,3,3,3,3,3,3,3,3,3,3,3,3,3,3,3,3,3,3,3,3,3,3,3,8,9,9,9,9,9,9,9,9,9,9,9,10,10,11,11,11,11,11,11,11,11,11,11
84020075,US,USA,840,20075.0,Hamilton,Kansas,US,37.99978709,-101.7921066,"Hamilton, Kansas, US",0,0,0,0,0,0,0,0,0,0,0,0,0,0,0,0,0,0,0,0,0,0,0,0,0,0,0,0,0,0,0,0,0,0,0,0,0,0,0,0,0,0,0,0,0,0,0,0,0,0,0,0,0,0,0,0,0,0,0,0,0,0,0,0,0,0,0,0,0,0,0,0,0,0,0,0,0,0,0,0,1,1,1,1,1,1,1,1,1,1,1,1,1,1,2,2,2,2,2,2,2,4,4,4,4,4,5,7,8,8,7,7,8,8,9,9,9,9,9,10,10,10,10,10,10,10,16,16,17,17,17,18,18,20,20,20,20,20,23,23,25,25,27,27,27,28,28,28,28,28,28,28
84020077,US,USA,840,20077.0,Harper,Kansas,US,37.19175361,-98.07578384,"Harper, Kansas, US",0,0,0,0,0,0,0,0,0,0,0,0,0,0,0,0,0,0,0,0,0,0,0,0,0,0,0,0,0,0,0,0,0,0,0,0,0,0,0,0,0,0,0,0,0,0,0,0,0,0,0,0,0,0,0,0,0,0,0,0,0,0,0,0,0,0,0,0,0,0,0,0,0,0,0,0,0,0,0,0,0,0,0,0,0,0,0,0,0,0,0,0,0,0,0,0,0,0,0,1,1,1,1,1,1,1,1,1,1,1,1,1,1,1,1,1,1,1,1,1,1,1,1,1,1,1,2,2,2,2,2,2,2,2,2,2,2,2,2,2,2,2,2,2,2,2,2,2,2,2,2,2
84020079,US,USA,840,20079.0,Harvey,Kansas,US,38.04293782,-97.42747573,"Harvey, Kansas, US",0,0,0,0,0,0,0,0,0,0,0,0,0,0,0,0,0,0,0,0,0,0,0,0,0,0,0,0,0,0,0,0,0,0,0,0,0,0,0,0,0,0,0,0,0,0,0,0,0,0,0,0,0,0,0,0,0,0,0,0,0,0,0,0,0,1,1,1,1,1,2,2,2,2,2,3,4,4,4,4,4,4,4,5,5,5,5,5,5,5,5,5,5,5,5,5,6,6,6,7,7,8,8,8,9,9,9,9,9,9,9,9,9,10,10,10,10,11,11,11,11,11,11,11,11,11,11,11,11,11,11,11,11,11,11,11,11,11,11,11,11,12,12,12,12,12,12,12,12,13,13,13
84020081,US,USA,840,20081.0,Haskell,Kansas,US,37.562039399999996,-100.8710738,"Haskell, Kansas, US",0,0,0,0,0,0,0,0,0,0,0,0,0,0,0,0,0,0,0,0,0,0,0,0,0,0,0,0,0,0,0,0,0,0,0,0,0,0,0,0,0,0,0,0,0,0,0,0,0,0,0,0,0,0,0,0,0,0,0,0,0,0,0,0,0,0,0,0,0,0,0,0,0,0,0,0,0,0,0,0,0,0,0,0,0,0,0,0,0,1,1,1,6,6,7,7,7,7,7,7,7,7,7,8,8,8,9,14,15,16,16,15,16,16,16,16,16,16,16,15,15,17,17,17,18,18,18,18,21,21,21,21,21,22,22,22,22,22,22,22,22,22,22,22,22,22,22,22,22,23,23,23
84020083,US,USA,840,20083.0,Hodgeman,Kansas,US,38.08780079,-99.89829881,"Hodgeman, Kansas, US",0,0,0,0,0,0,0,0,0,0,0,0,0,0,0,0,0,0,0,0,0,0,0,0,0,0,0,0,0,0,0,0,0,0,0,0,0,0,0,0,0,0,0,0,0,0,0,0,0,0,0,0,0,0,0,0,0,0,0,0,0,0,0,0,0,0,0,0,0,0,0,0,0,0,0,0,0,0,0,0,0,0,0,0,0,0,0,0,0,0,0,0,0,0,0,0,0,0,0,0,0,0,0,0,0,0,0,0,0,0,0,0,0,0,0,0,0,0,0,0,0,1,1,1,1,1,1,1,4,5,5,5,5,5,5,5,5,5,6,6,5,5,5,5,5,6,6,7,7,8,8,8
84020085,US,USA,840,20085.0,Jackson,Kansas,US,39.41673394,-95.79356799,"Jackson, Kansas, US",0,0,0,0,0,0,0,0,0,0,0,0,0,0,0,0,0,0,0,0,0,0,0,0,0,0,0,0,0,0,0,0,0,0,0,0,0,0,0,0,0,0,0,0,0,0,0,0,0,0,0,0,0,0,0,0,0,1,1,1,1,1,1,1,1,1,1,1,1,1,1,1,1,1,1,1,1,1,1,1,1,1,1,1,1,1,1,1,1,1,1,1,1,1,1,2,2,2,2,2,2,2,2,2,2,2,2,2,3,4,4,4,12,23,23,24,25,31,32,33,36,84,84,92,92,93,93,95,96,96,96,100,100,102,102,103,102,102,103,102,102,102,102,102,102,103,103,103,104,104,104,104
84020087,US,USA,840,20087.0,Jefferson,Kansas,US,39.2347941,-95.38289232,"Jefferson, Kansas, US",0,0,0,0,0,0,0,0,0,0,0,0,0,0,0,0,0,0,0,0,0,0,0,0,0,0,0,0,0,0,0,0,0,0,0,0,0,0,0,0,0,0,0,0,0,0,0,0,0,0,0,0,0,0,0,0,0,0,0,0,0,0,0,0,1,1,1,1,1,1,1,1,2,2,2,3,3,5,5,5,5,5,5,5,5,5,6,5,5,6,6,6,7,8,8,8,8,8,9,9,9,10,10,10,10,11,12,12,12,12,13,15,16,19,19,19,19,20,20,21,21,21,21,21,22,22,22,22,22,22,22,22,22,22,22,22,22,22,23,23,23,23,22,22,22,22,22,22,22,22,22,22
84020089,US,USA,840,20089.0,Jewell,Kansas,US,39.78470589,-98.21820662,"Jewell, Kansas, US",0,0,0,0,0,0,0,0,0,0,0,0,0,0,0,0,0,0,0,0,0,0,0,0,0,0,0,0,0,0,0,0,0,0,0,0,0,0,0,0,0,0,0,0,0,0,0,0,0,0,0,0,0,0,0,0,0,0,0,0,0,0,0,0,0,0,0,0,0,0,0,0,0,1,1,1,1,2,2,2,2,3,3,3,3,3,3,3,4,4,4,4,4,4,4,4,4,4,4,4,4,4,4,4,4,4,4,4,4,4,4,4,4,4,4,4,4,4,4,4,4,4,4,4,4,4,4,4,4,4,4,4,4,4,4,4,4,4,4,4,4,4,4,4,4,4,4,4,4,4,4,4
84020091,US,USA,840,20091.0,Johnson,Kansas,US,38.88548175,-94.82250877,"Johnson, Kansas, US",0,0,0,0,0,0,0,0,0,0,0,0,0,0,0,0,0,0,0,0,0,0,0,0,0,0,0,0,0,0,0,0,0,0,0,0,0,0,0,0,0,0,0,0,0,0,1,1,1,1,4,4,5,5,8,10,12,16,23,25,28,32,36,44,59,66,80,108,116,134,143,161,172,185,192,212,219,244,252,252,283,304,309,323,334,343,358,369,372,377,384,396,403,417,424,430,440,446,454,464,471,486,498,504,513,521,553,576,583,591,604,607,612,619,638,642,646,655,657,669,679,684,688,698,738,746,760,771,801,812,812,844,857,865,887,910,931,940,948,959,972,992,1015,1031,1061,1075,1080,1107,1150,1197,1236,1257
84020093,US,USA,840,20093.0,Kearny,Kansas,US,38.00017981,-101.32168100000001,"Kearny, Kansas, US",0,0,0,0,0,0,0,0,0,0,0,0,0,0,0,0,0,0,0,0,0,0,0,0,0,0,0,0,0,0,0,0,0,0,0,0,0,0,0,0,0,0,0,0,0,0,0,0,0,0,0,0,0,0,0,0,0,0,0,0,0,0,0,0,0,0,0,0,0,0,0,0,0,0,0,0,0,0,0,0,0,1,1,0,0,0,0,0,1,2,4,4,9,10,11,11,12,14,14,16,19,19,19,21,23,24,26,28,30,30,31,32,34,34,36,36,36,40,40,40,40,40,40,40,40,40,44,44,45,45,45,45,45,45,45,45,45,45,46,46,46,46,46,46,46,46,46,46,46,46,46,46
84020095,US,USA,840,20095.0,Kingman,Kansas,US,37.55909527,-98.13638678,"Kingman, Kansas, US",0,0,0,0,0,0,0,0,0,0,0,0,0,0,0,0,0,0,0,0,0,0,0,0,0,0,0,0,0,0,0,0,0,0,0,0,0,0,0,0,0,0,0,0,0,0,0,0,0,0,0,0,0,0,0,0,0,0,0,0,0,0,0,0,0,0,0,0,0,0,0,0,0,0,0,0,0,0,0,0,0,0,0,0,0,0,0,0,0,0,0,0,0,0,0,0,0,0,0,0,0,0,0,0,0,0,0,0,0,0,0,0,0,0,0,0,0,0,0,0,0,0,0,0,0,0,0,0,0,0,0,0,0,0,0,0,0,0,0,0,0,0,0,0,0,0,0,0,0,0,0,0
84020097,US,USA,840,20097.0,Kiowa,Kansas,US,37.55848695,-99.2856537,"Kiowa, Kansas, US",0,0,0,0,0,0,0,0,0,0,0,0,0,0,0,0,0,0,0,0,0,0,0,0,0,0,0,0,0,0,0,0,0,0,0,0,0,0,0,0,0,0,0,0,0,0,0,0,0,0,0,0,0,0,0,0,0,0,0,0,0,0,0,0,0,0,0,0,0,0,0,0,0,0,0,0,0,0,0,0,0,0,0,0,0,0,0,0,0,0,0,0,1,1,1,1,1,1,1,1,1,1,2,2,2,2,2,2,2,2,2,2,2,2,2,2,2,2,2,2,2,2,2,2,2,2,2,2,2,2,2,2,2,3,3,3,3,3,3,3,3,3,3,3,3,3,3,3,3,3,3,3
84020099,US,USA,840,20099.0,Labette,Kansas,US,37.19113093,-95.29849679,"Labette, Kansas, US",0,0,0,0,0,0,0,0,0,0,0,0,0,0,0,0,0,0,0,0,0,0,0,0,0,0,0,0,0,0,0,0,0,0,0,0,0,0,0,0,0,0,0,0,0,0,0,0,0,0,0,0,0,0,0,0,0,0,0,0,0,0,0,0,0,0,0,0,0,1,1,1,1,4,4,5,8,9,11,11,18,18,18,19,20,20,20,20,20,20,20,20,20,21,21,21,21,21,22,22,22,22,22,22,22,22,22,22,22,22,22,22,22,22,22,22,22,23,22,22,22,22,22,22,22,22,22,22,22,22,22,22,22,22,22,22,22,22,26,26,27,27,27,27,27,27,27,27,27,28,28,28
84020101,US,USA,840,20101.0,Lane,Kansas,US,38.48119447,-100.46607540000001,"Lane, Kansas, US",0,0,0,0,0,0,0,0,0,0,0,0,0,0,0,0,0,0,0,0,0,0,0,0,0,0,0,0,0,0,0,0,0,0,0,0,0,0,0,0,0,0,0,0,0,0,0,0,0,0,0,0,0,0,0,0,0,0,0,0,0,0,0,0,0,0,0,0,0,0,0,0,0,0,0,0,0,0,0,0,0,0,0,0,0,0,0,0,0,0,0,0,0,0,0,0,0,0,0,0,0,0,0,0,0,0,0,0,0,0,0,0,0,0,0,0,0,0,0,1,1,1,1,1,3,3,3,3,3,3,3,3,3,4,4,4,4,4,4,4,4,4,4,4,4,4,4,4,4,5,5,5
84020103,US,USA,840,20103.0,Leavenworth,Kansas,US,39.20183497,-95.03620809,"Leavenworth, Kansas, US",0,0,0,0,0,0,0,0,0,0,0,0,0,0,0,0,0,0,0,0,0,0,0,0,0,0,0,0,0,0,0,0,0,0,0,0,0,0,0,0,0,0,0,0,0,0,0,0,0,0,0,0,0,0,0,0,2,2,4,4,4,5,7,11,12,12,15,17,20,24,25,27,31,33,36,40,43,59,61,61,75,85,90,95,95,115,115,123,128,135,136,150,154,154,169,177,184,187,197,356,372,386,498,529,602,783,885,906,908,918,937,938,950,955,958,958,958,1052,1053,1058,1062,1067,1067,1067,1067,1070,1074,1076,1082,1082,1082,1093,1093,1094,1099,1100,1100,1100,1103,1103,1103,1105,1106,1106,1106,1109,1111,1118,1120,1122,1122,1122
84020105,US,USA,840,20105.0,Lincoln,Kansas,US,39.04549684,-98.20756994,"Lincoln, Kansas, US",0,0,0,0,0,0,0,0,0,0,0,0,0,0,0,0,0,0,0,0,0,0,0,0,0,0,0,0,0,0,0,0,0,0,0,0,0,0,0,0,0,0,0,0,0,0,0,0,0,0,0,0,0,0,0,0,0,0,0,0,0,0,0,0,0,0,0,0,0,0,0,0,0,0,0,0,0,0,0,0,0,0,0,0,0,0,0,0,0,0,0,0,0,0,0,0,0,0,0,0,0,0,0,0,0,0,0,0,0,0,0,0,0,0,0,0,0,0,0,0,0,0,0,0,0,0,0,0,0,0,0,0,0,0,0,0,0,0,0,0,0,0,0,0,0,0,0,0,0,0,0,0
84020107,US,USA,840,20107.0,Linn,Kansas,US,38.21267844,-94.84254089,"Linn, Kansas, US",0,0,0,0,0,0,0,0,0,0,0,0,0,0,0,0,0,0,0,0,0,0,0,0,0,0,0,0,0,0,0,0,0,0,0,0,0,0,0,0,0,0,0,0,0,0,0,0,0,0,0,0,0,0,0,0,0,1,1,1,2,2,2,4,4,4,4,5,5,5,5,6,5,5,5,5,5,5,5,5,5,5,5,5,6,6,6,6,6,6,6,6,6,6,6,6,6,6,6,6,6,6,6,6,6,6,6,6,6,6,6,6,6,6,6,6,6,6,7,7,7,7,7,7,7,7,7,7,11,11,11,11,11,11,11,11,11,11,11,11,11,11,11,11,11,12,12,12,12,12,12,12
84020109,US,USA,840,20109.0,Logan,Kansas,US,38.91735806,-101.148475,"Logan, Kansas, US",0,0,0,0,0,0,0,0,0,0,0,0,0,0,0,0,0,0,0,0,0,0,0,0,0,0,0,0,0,0,0,0,0,0,0,0,0,0,0,0,0,0,0,0,0,0,0,0,0,0,0,0,0,0,0,0,0,0,0,0,0,0,0,0,0,0,0,0,0,0,0,0,0,0,0,0,0,0,0,0,0,0,0,0,0,0,0,0,0,0,0,0,0,0,0,0,0,0,0,0,0,0,0,0,0,0,0,0,0,0,0,0,0,0,0,0,0,0,0,0,0,0,0,0,0,0,0,0,0,0,0,0,0,0,0,0,0,0,0,0,0,0,0,0,0,0,0,0,0,0,0,0
84020111,US,USA,840,20111.0,Lyon,Kansas,US,38.45576156,-96.15275715,"Lyon, Kansas, US",0,0,0,0,0,0,0,0,0,0,0,0,0,0,0,0,0,0,0,0,0,0,0,0,0,0,0,0,0,0,0,0,0,0,0,0,0,0,0,0,0,0,0,0,0,0,0,0,0,0,0,0,0,0,0,0,0,0,0,0,0,2,2,4,4,4,4,7,9,11,12,16,17,19,24,23,25,26,27,27,27,27,30,32,32,48,47,57,77,77,111,110,158,174,176,176,177,193,201,218,230,245,248,255,265,271,282,294,298,302,303,303,305,308,310,310,310,312,317,317,321,328,328,328,332,332,339,339,354,354,354,372,372,377,377,387,387,387,400,400,401,405,406,406,406,414,465,476,476,476,476,476
84020113,US,USA,840,20113.0,McPherson,Kansas,US,38.39184858,-97.64769869,"McPherson, Kansas, US",0,0,0,0,0,0,0,0,0,0,0,0,0,0,0,0,0,0,0,0,0,0,0,0,0,0,0,0,0,0,0,0,0,0,0,0,0,0,0,0,0,0,0,0,0,0,0,0,0,0,0,0,0,0,0,0,0,0,0,0,0,0,0,0,0,1,1,3,3,3,5,5,6,8,8,9,10,11,13,13,13,13,13,14,14,15,15,15,16,17,19,19,20,20,20,20,20,20,20,22,22,22,23,23,23,25,25,25,25,25,26,26,26,26,26,26,26,26,26,27,27,27,27,27,27,27,27,27,27,27,27,28,28,30,30,30,33,33,33,38,38,38,38,38,38,38,39,39,41,41,41,41
84020115,US,USA,840,20115.0,Marion,Kansas,US,38.35855394,-97.09852509999999,"Marion, Kansas, US",0,0,0,0,0,0,0,0,0,0,0,0,0,0,0,0,0,0,0,0,0,0,0,0,0,0,0,0,0,0,0,0,0,0,0,0,0,0,0,0,0,0,0,0,0,0,0,0,0,0,0,0,0,0,0,0,0,0,0,0,0,0,0,0,0,0,0,0,0,0,0,0,1,2,2,3,3,3,3,3,3,3,4,5,5,5,5,5,5,5,5,5,5,5,5,5,5,5,5,5,5,5,5,5,5,5,5,5,5,5,5,5,5,5,5,5,5,5,5,5,5,5,5,5,5,5,5,5,5,5,5,5,5,5,5,5,5,5,5,5,5,5,5,5,5,5,5,7,7,7,7,7
84020117,US,USA,840,20117.0,Marshall,Kansas,US,39.78359669,-96.52278974,"Marshall, Kansas, US",0,0,0,0,0,0,0,0,0,0,0,0,0,0,0,0,0,0,0,0,0,0,0,0,0,0,0,0,0,0,0,0,0,0,0,0,0,0,0,0,0,0,0,0,0,0,0,0,0,0,0,0,0,0,0,0,0,0,0,0,0,0,0,0,0,0,0,0,0,0,0,0,0,0,0,0,0,0,0,0,0,0,0,0,0,0,0,0,0,0,0,0,0,0,0,0,0,0,0,0,0,0,0,0,0,0,0,0,0,0,0,0,0,0,0,0,0,0,0,0,0,0,0,0,0,0,0,0,0,0,0,0,0,0,0,0,0,0,0,0,0,0,0,0,0,0,0,0,0,0,0,0
84020119,US,USA,840,20119.0,Meade,Kansas,US,37.23859987,-100.36483100000001,"Meade, Kansas, US",0,0,0,0,0,0,0,0,0,0,0,0,0,0,0,0,0,0,0,0,0,0,0,0,0,0,0,0,0,0,0,0,0,0,0,0,0,0,0,0,0,0,0,0,0,0,0,0,0,0,0,0,0,0,0,0,0,0,0,0,0,0,0,0,0,0,0,0,0,0,0,0,0,0,0,0,0,0,0,0,0,0,0,0,0,0,0,0,0,0,0,0,0,1,1,2,2,2,3,5,6,10,10,11,12,13,16,21,21,21,22,22,22,22,22,22,22,22,22,22,22,24,24,24,24,24,26,26,29,29,29,31,31,31,31,30,30,30,30,30,30,30,30,30,30,30,30,30,30,30,30,30
84020121,US,USA,840,20121.0,Miami,Kansas,US,38.56383358,-94.83832189,"Miami, Kansas, US",0,0,0,0,0,0,0,0,0,0,0,0,0,0,0,0,0,0,0,0,0,0,0,0,0,0,0,0,0,0,0,0,0,0,0,0,0,0,0,0,0,0,0,0,0,0,0,0,0,0,0,0,0,0,0,0,0,0,0,0,0,0,0,0,0,0,0,0,0,0,0,0,0,2,2,2,2,2,3,3,3,3,3,4,4,4,4,4,4,4,4,4,4,4,5,5,5,5,5,5,5,5,5,5,5,5,5,5,6,6,6,6,6,6,6,6,6,6,6,6,6,6,6,6,7,7,7,7,7,7,7,7,7,8,8,7,7,7,7,7,10,10,16,16,16,16,16,16,16,20,20,20
84020123,US,USA,840,20123.0,Mitchell,Kansas,US,39.39331582,-98.20906732,"Mitchell, Kansas, US",0,0,0,0,0,0,0,0,0,0,0,0,0,0,0,0,0,0,0,0,0,0,0,0,0,0,0,0,0,0,0,0,0,0,0,0,0,0,0,0,0,0,0,0,0,0,0,0,0,0,0,0,0,0,0,0,0,0,0,1,1,2,1,2,2,2,2,2,2,2,2,2,2,2,2,2,2,2,2,2,2,2,2,2,2,2,2,2,2,2,2,2,2,2,2,2,2,2,3,3,3,3,3,3,3,3,3,3,3,3,3,3,3,3,3,3,3,3,3,3,3,3,3,3,3,3,3,3,4,4,4,4,4,4,4,4,4,4,4,4,4,4,4,4,4,4,4,4,4,4,4,4
84020125,US,USA,840,20125.0,Montgomery,Kansas,US,37.19236568,-95.74329258,"Montgomery, Kansas, US",0,0,0,0,0,0,0,0,0,0,0,0,0,0,0,0,0,0,0,0,0,0,0,0,0,0,0,0,0,0,0,0,0,0,0,0,0,0,0,0,0,0,0,0,0,0,0,0,0,0,0,0,0,0,0,0,0,0,0,0,0,0,0,0,0,0,0,3,4,5,6,6,6,6,6,9,9,11,11,11,14,14,14,11,11,11,12,12,12,12,12,12,13,13,16,16,16,16,16,17,17,17,18,19,20,20,20,21,21,21,21,21,20,20,20,20,20,20,20,20,20,20,20,20,20,20,20,20,20,20,20,20,20,20,20,20,20,20,20,20,20,22,22,22,22,23,25,25,25,25,25,25
84020127,US,USA,840,20127.0,Morris,Kansas,US,38.68827511,-96.65128437,"Morris, Kansas, US",0,0,0,0,0,0,0,0,0,0,0,0,0,0,0,0,0,0,0,0,0,0,0,0,0,0,0,0,0,0,0,0,0,0,0,0,0,0,0,0,0,0,0,0,0,0,0,0,0,0,0,0,0,0,0,0,0,2,2,2,2,2,2,2,2,2,2,2,2,2,2,2,2,2,2,2,2,2,2,2,2,2,2,2,2,2,2,2,2,2,2,3,3,3,3,3,3,3,3,3,3,3,3,3,3,3,3,3,3,3,3,3,3,3,3,3,3,3,3,3,3,3,4,4,4,4,5,5,5,5,5,5,5,5,5,5,5,5,5,5,5,5,5,5,5,5,5,5,5,5,5,5
84020129,US,USA,840,20129.0,Morton,Kansas,US,37.19141121,-101.79925190000002,"Morton, Kansas, US",0,0,0,0,0,0,0,0,0,0,0,0,0,0,0,0,0,0,0,0,0,0,0,0,0,0,0,0,0,0,0,0,0,0,0,0,0,0,0,0,0,0,0,0,0,0,0,0,0,0,0,0,0,0,0,0,0,0,0,0,0,0,0,0,0,0,0,0,0,0,0,0,0,0,0,1,1,1,1,1,1,1,1,1,1,2,2,2,2,2,2,2,2,2,2,2,2,3,3,3,3,3,3,3,3,3,3,3,3,3,4,4,4,4,4,4,4,4,4,4,4,4,4,4,4,4,4,4,5,5,5,6,6,6,6,6,6,6,6,6,6,6,6,6,6,6,6,6,6,6,6,6
84020131,US,USA,840,20131.0,Nemaha,Kansas,US,39.78345387,-96.01392079,"Nemaha, Kansas, US",0,0,0,0,0,0,0,0,0,0,0,0,0,0,0,0,0,0,0,0,0,0,0,0,0,0,0,0,0,0,0,0,0,0,0,0,0,0,0,0,0,0,0,0,0,0,0,0,0,0,0,0,0,0,0,0,0,0,0,0,0,0,0,0,0,0,0,0,0,0,0,0,0,0,0,0,0,0,0,0,0,0,0,0,0,0,0,0,0,0,0,0,0,0,0,0,1,1,1,1,1,1,1,1,1,1,1,1,1,1,1,1,1,1,1,1,1,3,4,8,8,9,9,13,13,14,14,15,16,16,16,18,19,19,19,19,19,19,19,19,19,20,20,20,20,21,21,22,22,22,22,22
84020133,US,USA,840,20133.0,Neosho,Kansas,US,37.55862897,-95.30670046,"Neosho, Kansas, US",0,0,0,0,0,0,0,0,0,0,0,0,0,0,0,0,0,0,0,0,0,0,0,0,0,0,0,0,0,0,0,0,0,0,0,0,0,0,0,0,0,0,0,0,0,0,0,0,0,0,0,0,0,0,0,0,0,0,0,0,0,0,0,1,1,1,1,1,1,1,1,1,1,1,1,1,1,1,1,1,2,2,2,2,2,2,2,2,2,2,2,2,2,2,2,2,2,2,3,2,2,2,2,2,2,2,2,2,2,2,2,2,2,2,2,2,2,2,2,2,2,2,2,2,2,2,2,2,2,2,2,2,2,2,2,2,2,3,3,3,4,4,6,6,6,8,8,10,10,17,17,17
84020135,US,USA,840,20135.0,Ness,Kansas,US,38.47974157,-99.91547333,"Ness, Kansas, US",0,0,0,0,0,0,0,0,0,0,0,0,0,0,0,0,0,0,0,0,0,0,0,0,0,0,0,0,0,0,0,0,0,0,0,0,0,0,0,0,0,0,0,0,0,0,0,0,0,0,0,0,0,0,0,0,0,0,0,0,0,0,0,0,0,0,0,0,0,0,0,0,0,0,0,0,0,0,0,0,0,0,0,0,0,0,0,0,0,0,0,0,0,0,0,0,0,0,0,0,0,0,0,0,0,0,0,0,0,0,0,0,0,0,0,0,0,1,1,1,1,1,1,1,1,1,1,1,1,1,1,3,3,3,3,4,4,4,4,4,4,4,4,4,4,4,4,4,4,4,4,4
84020137,US,USA,840,20137.0,Norton,Kansas,US,39.78443827,-99.90286639,"Norton, Kansas, US",0,0,0,0,0,0,0,0,0,0,0,0,0,0,0,0,0,0,0,0,0,0,0,0,0,0,0,0,0,0,0,0,0,0,0,0,0,0,0,0,0,0,0,0,0,0,0,0,0,0,0,0,0,0,0,0,0,0,0,0,0,0,0,0,0,0,0,0,0,0,0,0,0,0,0,0,0,0,0,0,0,0,0,0,0,0,0,0,0,0,0,0,0,0,0,0,0,0,0,0,1,1,2,2,2,2,2,2,2,2,2,2,2,2,2,2,2,2,2,2,2,2,2,2,2,2,2,2,2,2,2,2,2,2,2,2,2,2,2,2,3,3,3,3,3,3,3,3,3,3,3,3
84020139,US,USA,840,20139.0,Osage,Kansas,US,38.65235984,-95.72707998,"Osage, Kansas, US",0,0,0,0,0,0,0,0,0,0,0,0,0,0,0,0,0,0,0,0,0,0,0,0,0,0,0,0,0,0,0,0,0,0,0,0,0,0,0,0,0,0,0,0,0,0,0,0,0,0,0,0,0,0,0,0,0,0,0,0,0,0,0,0,0,1,1,1,2,3,3,3,3,3,3,3,3,3,3,3,3,4,4,4,4,4,4,4,4,4,4,5,5,5,5,5,5,5,5,5,5,5,5,5,5,5,5,5,5,5,6,6,6,6,6,6,6,7,7,7,7,7,7,7,7,7,7,7,7,7,7,7,7,8,8,9,9,9,9,9,10,10,10,10,10,10,10,10,10,10,10,10
84020141,US,USA,840,20141.0,Osborne,Kansas,US,39.3503437,-98.76753828,"Osborne, Kansas, US",0,0,0,0,0,0,0,0,0,0,0,0,0,0,0,0,0,0,0,0,0,0,0,0,0,0,0,0,0,0,0,0,0,0,0,0,0,0,0,0,0,0,0,0,0,0,0,0,0,0,0,0,0,0,0,0,0,0,0,0,0,0,0,0,0,0,0,0,0,0,0,0,1,2,2,2,2,2,2,2,2,2,2,2,2,2,2,2,2,2,2,2,2,2,2,2,2,2,2,2,2,2,2,2,2,2,2,2,2,2,2,2,2,2,2,2,2,2,2,2,2,2,2,2,2,2,2,2,2,2,2,2,2,2,2,2,2,2,2,2,2,2,2,2,2,2,2,2,2,2,2,2
84020143,US,USA,840,20143.0,Ottawa,Kansas,US,39.13237408,-97.65020313,"Ottawa, Kansas, US",0,0,0,0,0,0,0,0,0,0,0,0,0,0,0,0,0,0,0,0,0,0,0,0,0,0,0,0,0,0,0,0,0,0,0,0,0,0,0,0,0,0,0,0,0,0,0,0,0,0,0,0,0,0,0,0,0,0,0,0,0,0,0,0,0,1,1,1,1,1,1,1,1,2,3,3,3,3,3,3,3,3,3,3,3,3,3,3,3,3,3,3,3,3,3,3,3,3,4,4,4,4,4,4,4,4,4,4,4,4,4,4,4,4,4,4,4,4,4,4,4,4,4,4,4,4,4,4,4,4,4,4,4,4,4,4,4,4,4,4,4,4,4,4,4,4,4,4,4,4,4,4
84020145,US,USA,840,20145.0,Pawnee,Kansas,US,38.18108732,-99.23692334,"Pawnee, Kansas, US",0,0,0,0,0,0,0,0,0,0,0,0,0,0,0,0,0,0,0,0,0,0,0,0,0,0,0,0,0,0,0,0,0,0,0,0,0,0,0,0,0,0,0,0,0,0,0,0,0,0,0,0,0,0,0,0,0,0,0,0,0,0,0,0,0,0,0,0,0,0,0,0,0,0,0,0,0,0,0,0,0,0,0,0,0,0,0,0,0,0,0,0,0,0,0,0,0,0,0,0,0,0,0,0,0,0,0,0,0,0,0,0,0,0,0,0,0,0,0,0,0,0,0,0,0,0,0,0,0,0,0,0,0,1,1,2,2,2,4,4,3,3,3,3,3,3,3,3,3,3,3,3
84020147,US,USA,840,20147.0,Phillips,Kansas,US,39.78465501,-99.34668865,"Phillips, Kansas, US",0,0,0,0,0,0,0,0,0,0,0,0,0,0,0,0,0,0,0,0,0,0,0,0,0,0,0,0,0,0,0,0,0,0,0,0,0,0,0,0,0,0,0,0,0,0,0,0,0,0,0,0,0,0,0,0,0,0,0,0,0,0,0,0,0,0,0,0,0,0,0,0,0,0,0,0,0,0,0,0,1,1,1,1,1,1,1,1,1,1,1,1,1,1,1,1,1,1,1,1,1,1,1,1,1,1,1,1,1,1,1,1,1,2,2,2,2,2,2,2,2,2,2,2,2,2,2,2,2,2,2,2,2,2,2,2,2,2,2,2,2,2,2,2,2,2,2,2,2,2,2,2
84020149,US,USA,840,20149.0,Pottawatomie,Kansas,US,39.37925655,-96.34564657,"Pottawatomie, Kansas, US",0,0,0,0,0,0,0,0,0,0,0,0,0,0,0,0,0,0,0,0,0,0,0,0,0,0,0,0,0,0,0,0,0,0,0,0,0,0,0,0,0,0,0,0,0,0,0,0,0,0,0,0,0,0,0,0,0,0,0,0,0,1,1,1,1,1,1,1,1,2,2,2,2,2,2,3,3,5,5,5,5,5,5,5,5,5,5,6,6,6,6,6,8,8,9,9,9,9,10,13,13,13,15,15,15,15,15,16,16,19,19,19,18,18,19,19,19,20,20,21,21,22,22,22,23,23,23,23,25,25,25,25,25,26,26,27,27,27,27,27,29,29,32,32,32,34,34,40,40,42,42,42
84020151,US,USA,840,20151.0,Pratt,Kansas,US,37.64780729,-98.73922153,"Pratt, Kansas, US",0,0,0,0,0,0,0,0,0,0,0,0,0,0,0,0,0,0,0,0,0,0,0,0,0,0,0,0,0,0,0,0,0,0,0,0,0,0,0,0,0,0,0,0,0,0,0,0,0,0,0,0,0,0,0,0,0,0,0,0,0,0,0,0,0,0,0,0,0,0,1,1,1,1,1,1,1,1,1,1,1,1,1,1,1,1,1,1,1,1,1,1,1,1,1,1,1,1,1,1,1,1,1,1,1,1,1,1,1,1,1,1,1,1,1,1,1,1,1,1,1,1,1,1,1,1,1,1,2,2,2,2,2,2,2,2,2,2,2,2,2,2,2,2,2,2,6,6,6,6,6,6
84020153,US,USA,840,20153.0,Rawlins,Kansas,US,39.78525843,-101.07616170000001,"Rawlins, Kansas, US",0,0,0,0,0,0,0,0,0,0,0,0,0,0,0,0,0,0,0,0,0,0,0,0,0,0,0,0,0,0,0,0,0,0,0,0,0,0,0,0,0,0,0,0,0,0,0,0,0,0,0,0,0,0,0,0,0,0,0,0,0,0,0,0,0,0,0,0,0,0,0,0,0,0,0,0,0,0,0,0,0,0,0,0,0,0,0,0,0,0,0,0,0,0,0,0,0,0,0,0,0,0,0,0,0,0,0,0,0,0,0,0,0,0,0,0,0,0,0,0,0,0,0,0,0,0,0,0,0,0,0,0,0,0,0,0,0,0,0,0,0,0,0,0,0,0,0,0,0,0,0,0
84020155,US,USA,840,20155.0,Reno,Kansas,US,37.95230263,-98.08607292,"Reno, Kansas, US",0,0,0,0,0,0,0,0,0,0,0,0,0,0,0,0,0,0,0,0,0,0,0,0,0,0,0,0,0,0,0,0,0,0,0,0,0,0,0,0,0,0,0,0,0,0,0,0,0,0,0,0,0,0,0,0,0,0,1,1,1,2,2,2,4,5,5,7,7,7,8,8,9,9,10,10,11,10,11,11,11,11,13,14,14,14,14,14,14,15,15,16,17,24,24,26,27,27,35,36,39,40,41,40,40,40,41,41,41,41,41,41,41,41,41,41,41,41,41,41,43,43,43,43,43,43,43,43,43,43,43,43,43,43,44,45,45,45,46,46,47,47,48,49,49,50,50,50,50,53,55,55
84020157,US,USA,840,20157.0,Republic,Kansas,US,39.82799632,-97.65036709,"Republic, Kansas, US",0,0,0,0,0,0,0,0,0,0,0,0,0,0,0,0,0,0,0,0,0,0,0,0,0,0,0,0,0,0,0,0,0,0,0,0,0,0,0,0,0,0,0,0,0,0,0,0,0,0,0,0,0,0,0,0,0,0,0,0,0,0,0,0,0,0,0,0,0,0,0,0,0,0,0,1,2,3,3,3,4,4,4,4,4,4,4,4,4,4,4,4,4,4,4,4,4,4,4,4,4,4,4,4,4,4,4,4,4,4,4,4,4,4,4,4,4,4,4,4,4,4,4,4,4,4,4,4,4,4,4,4,4,4,4,4,4,4,4,4,4,4,4,4,4,4,4,4,4,4,4,4
84020159,US,USA,840,20159.0,Rice,Kansas,US,38.34616184,-98.19992118,"Rice, Kansas, US",0,0,0,0,0,0,0,0,0,0,0,0,0,0,0,0,0,0,0,0,0,0,0,0,0,0,0,0,0,0,0,0,0,0,0,0,0,0,0,0,0,0,0,0,0,0,0,0,0,0,0,0,0,0,0,0,0,0,0,0,0,0,0,0,0,0,0,0,0,0,0,0,0,0,0,0,0,0,0,0,0,0,0,0,0,0,0,0,0,0,0,0,1,3,3,3,3,3,3,3,3,3,3,3,3,3,3,3,3,3,3,3,4,4,4,4,4,4,4,4,4,4,4,4,4,4,4,4,4,4,4,4,4,4,4,4,4,4,4,4,4,4,4,4,4,4,4,4,4,4,4,4
84020161,US,USA,840,20161.0,Riley,Kansas,US,39.28935726,-96.73420026,"Riley, Kansas, US",0,0,0,0,0,0,0,0,0,0,0,0,0,0,0,0,0,0,0,0,0,0,0,0,0,0,0,0,0,0,0,0,0,0,0,0,0,0,0,0,0,0,0,0,0,0,0,0,0,0,0,0,0,0,0,0,0,0,1,1,1,0,0,0,1,2,2,2,2,2,5,6,11,11,13,14,17,19,20,20,20,20,21,23,25,26,27,27,27,29,31,34,37,40,43,44,45,47,47,49,51,52,54,55,55,55,56,57,57,58,58,58,59,59,60,60,60,60,60,60,60,61,61,61,62,63,64,64,64,64,64,66,66,67,67,68,68,68,71,71,71,71,74,74,77,80,80,91,91,103,103,103
84020163,US,USA,840,20163.0,Rooks,Kansas,US,39.35022773,-99.32484567,"Rooks, Kansas, US",0,0,0,0,0,0,0,0,0,0,0,0,0,0,0,0,0,0,0,0,0,0,0,0,0,0,0,0,0,0,0,0,0,0,0,0,0,0,0,0,0,0,0,0,0,0,0,0,0,0,0,0,0,0,0,0,0,0,0,0,0,0,0,0,0,0,0,0,0,0,0,0,0,0,0,0,0,2,2,2,2,2,2,2,2,3,3,4,4,4,4,4,4,4,5,6,6,6,6,6,6,6,6,6,6,6,6,6,6,6,6,6,6,6,6,6,6,6,6,6,6,6,6,6,6,6,6,6,6,6,6,6,6,6,6,7,7,7,6,6,6,6,6,6,6,6,6,6,6,6,6,6
84020165,US,USA,840,20165.0,Rush,Kansas,US,38.52275276,-99.30863983,"Rush, Kansas, US",0,0,0,0,0,0,0,0,0,0,0,0,0,0,0,0,0,0,0,0,0,0,0,0,0,0,0,0,0,0,0,0,0,0,0,0,0,0,0,0,0,0,0,0,0,0,0,0,0,0,0,0,0,0,0,0,0,0,0,0,0,0,0,0,0,0,0,0,0,0,0,0,0,0,0,0,0,0,0,0,0,0,0,0,0,0,0,0,0,0,0,0,0,0,0,0,0,0,0,0,0,0,0,0,0,0,0,0,0,0,0,0,0,0,0,0,0,0,0,0,0,0,0,0,0,0,0,0,0,0,0,0,0,0,0,0,0,0,0,0,0,0,0,0,0,0,0,0,0,0,0,0
84020167,US,USA,840,20167.0,Russell,Kansas,US,38.91462787,-98.76254297,"Russell, Kansas, US",0,0,0,0,0,0,0,0,0,0,0,0,0,0,0,0,0,0,0,0,0,0,0,0,0,0,0,0,0,0,0,0,0,0,0,0,0,0,0,0,0,0,0,0,0,0,0,0,0,0,0,0,0,0,0,0,0,0,0,0,0,0,0,0,0,0,0,0,0,0,0,0,0,0,0,0,0,0,0,0,0,0,0,0,0,0,0,0,0,0,0,0,0,0,0,0,0,0,0,0,0,0,0,0,0,0,0,0,0,0,0,0,0,0,0,0,0,0,0,0,0,0,0,0,0,0,0,0,0,0,0,0,0,0,0,0,0,0,0,0,0,0,0,0,0,0,0,0,0,0,0,0
84020169,US,USA,840,20169.0,Saline,Kansas,US,38.78369175,-97.65185177,"Saline, Kansas, US",0,0,0,0,0,0,0,0,0,0,0,0,0,0,0,0,0,0,0,0,0,0,0,0,0,0,0,0,0,0,0,0,0,0,0,0,0,0,0,0,0,0,0,0,0,0,0,0,0,0,0,0,0,0,0,0,0,0,0,0,0,0,0,0,0,0,0,0,1,1,1,3,4,5,5,7,7,7,8,8,8,9,10,13,13,15,15,15,15,17,17,17,17,18,19,19,20,20,21,21,21,21,21,21,21,21,21,21,21,21,21,23,23,23,23,24,24,24,24,24,24,24,24,24,24,24,24,25,25,25,25,25,26,25,25,25,25,25,26,26,27,27,28,28,28,32,32,33,33,40,40,40
84020171,US,USA,840,20171.0,Scott,Kansas,US,38.48222076,-100.90665390000001,"Scott, Kansas, US",0,0,0,0,0,0,0,0,0,0,0,0,0,0,0,0,0,0,0,0,0,0,0,0,0,0,0,0,0,0,0,0,0,0,0,0,0,0,0,0,0,0,0,0,0,0,0,0,0,0,0,0,0,0,0,0,0,0,0,0,0,0,0,0,0,0,0,0,0,0,0,0,0,0,0,0,1,1,1,1,1,1,1,1,1,1,1,1,1,1,1,1,1,1,1,1,1,0,0,0,1,1,1,1,2,2,2,3,3,3,4,4,6,6,8,8,12,12,12,13,13,13,13,13,13,13,13,13,14,14,14,14,14,14,14,14,14,14,15,15,15,15,16,16,16,16,16,16,16,16,16,16
84020173,US,USA,840,20173.0,Sedgwick,Kansas,US,37.6842718,-97.4608198,"Sedgwick, Kansas, US",0,0,0,0,0,0,0,0,0,0,0,0,0,0,0,0,0,0,0,0,0,0,0,0,0,0,0,0,0,0,0,0,0,0,0,0,0,0,0,0,0,0,0,0,0,0,0,0,0,0,0,1,0,0,0,0,0,0,1,1,2,2,7,11,16,20,33,42,49,58,64,79,85,97,108,124,134,154,161,161,191,196,200,206,209,219,231,238,242,250,283,295,316,323,334,338,339,354,366,402,408,418,426,436,439,441,454,457,458,468,469,471,507,527,530,534,535,536,538,539,542,545,553,556,559,560,564,573,575,580,580,601,604,616,625,635,640,654,660,689,710,717,728,739,745,764,791,810,821,846,867,882
84020175,US,USA,840,20175.0,Seward,Kansas,US,37.19324632,-100.85072009999999,"Seward, Kansas, US",0,0,0,0,0,0,0,0,0,0,0,0,0,0,0,0,0,0,0,0,0,0,0,0,0,0,0,0,0,0,0,0,0,0,0,0,0,0,0,0,0,0,0,0,0,0,0,0,0,0,0,0,0,0,0,0,0,0,0,0,0,0,0,0,0,0,0,0,0,0,0,0,0,0,0,0,1,3,3,3,3,5,6,6,7,13,24,35,47,79,96,142,249,291,314,336,393,444,472,527,528,539,547,599,622,640,664,678,681,686,707,727,743,754,758,758,758,780,780,810,817,821,821,821,822,837,849,856,883,883,883,879,883,888,891,891,891,891,900,904,917,917,924,924,924,934,934,940,940,955,955,955
84020177,US,USA,840,20177.0,Shawnee,Kansas,US,39.04100763,-95.75572640000001,"Shawnee, Kansas, US",0,0,0,0,0,0,0,0,0,0,0,0,0,0,0,0,0,0,0,0,0,0,0,0,0,0,0,0,0,0,0,0,0,0,0,0,0,0,0,0,0,0,0,0,0,0,0,0,0,0,0,0,0,0,0,0,0,0,0,0,0,0,0,3,4,5,7,13,14,17,18,20,26,27,32,40,47,50,56,56,73,74,78,80,82,84,90,90,91,94,94,96,100,100,101,101,106,108,112,117,121,126,127,128,133,137,140,149,160,160,166,173,178,179,184,185,185,198,199,217,234,247,247,254,263,269,270,274,294,300,300,324,326,334,348,367,372,372,384,394,409,420,435,438,438,457,452,456,469,477,491,491
84020179,US,USA,840,20179.0,Sheridan,Kansas,US,39.35018161,-100.44182590000001,"Sheridan, Kansas, US",0,0,0,0,0,0,0,0,0,0,0,0,0,0,0,0,0,0,0,0,0,0,0,0,0,0,0,0,0,0,0,0,0,0,0,0,0,0,0,0,0,0,0,0,0,0,0,0,0,0,0,0,0,0,0,0,0,0,0,0,0,0,0,0,0,0,0,0,0,0,0,0,0,0,0,0,0,0,0,0,0,0,0,0,0,0,0,0,0,1,2,2,2,2,2,2,2,2,2,2,2,2,2,2,2,2,2,2,2,2,2,2,2,2,2,2,2,2,2,2,2,2,2,2,2,2,2,2,2,2,2,2,2,2,2,2,2,2,2,2,2,2,2,2,2,2,2,3,3,3,3,3
84020181,US,USA,840,20181.0,Sherman,Kansas,US,39.35147699,-101.71976240000001,"Sherman, Kansas, US",0,0,0,0,0,0,0,0,0,0,0,0,0,0,0,0,0,0,0,0,0,0,0,0,0,0,0,0,0,0,0,0,0,0,0,0,0,0,0,0,0,0,0,0,0,0,0,0,0,0,0,0,0,0,0,0,0,0,0,0,0,0,0,0,0,0,0,0,0,0,0,0,0,0,0,0,0,0,0,0,0,0,0,0,0,1,1,1,1,1,1,1,1,3,3,3,3,3,3,4,4,5,5,5,5,5,5,5,5,5,5,5,5,5,5,6,6,6,6,6,6,6,6,6,6,6,6,7,7,7,7,7,7,7,7,7,7,7,7,7,7,7,7,7,7,7,7,7,7,7,7,7
84020183,US,USA,840,20183.0,Smith,Kansas,US,39.78516566,-98.78566062,"Smith, Kansas, US",0,0,0,0,0,0,0,0,0,0,0,0,0,0,0,0,0,0,0,0,0,0,0,0,0,0,0,0,0,0,0,0,0,0,0,0,0,0,0,0,0,0,0,0,0,0,0,0,0,0,0,0,0,0,0,0,0,0,0,0,0,0,0,0,0,0,0,0,0,0,0,0,0,0,0,0,0,0,0,0,0,0,0,1,1,1,2,2,2,2,2,2,2,2,2,2,2,2,2,2,2,2,2,2,2,2,2,2,2,2,2,2,2,2,2,2,2,2,2,2,2,2,2,2,2,2,2,2,2,2,2,2,2,2,2,2,2,2,2,2,2,2,2,2,2,3,3,3,3,3,3,3
84020185,US,USA,840,20185.0,Stafford,Kansas,US,38.03100851,-98.71762001,"Stafford, Kansas, US",0,0,0,0,0,0,0,0,0,0,0,0,0,0,0,0,0,0,0,0,0,0,0,0,0,0,0,0,0,0,0,0,0,0,0,0,0,0,0,0,0,0,0,0,0,0,0,0,0,0,0,0,0,0,0,0,0,0,0,0,0,0,0,0,0,0,0,1,1,1,1,1,1,1,1,1,1,1,1,1,1,1,1,1,1,1,1,1,1,1,1,1,1,1,1,1,1,1,1,1,1,1,1,1,1,1,1,1,1,1,1,1,1,1,1,1,1,1,1,1,1,1,1,1,1,1,1,1,1,1,1,1,1,1,1,1,1,1,1,1,1,1,1,1,1,1,1,1,1,1,1,1
84020187,US,USA,840,20187.0,Stanton,Kansas,US,37.56304714,-101.78435340000001,"Stanton, Kansas, US",0,0,0,0,0,0,0,0,0,0,0,0,0,0,0,0,0,0,0,0,0,0,0,0,0,0,0,0,0,0,0,0,0,0,0,0,0,0,0,0,0,0,0,0,0,0,0,0,0,0,0,0,0,0,0,0,0,0,0,0,0,0,0,0,0,0,0,0,0,0,0,0,0,0,0,0,0,0,0,0,0,1,2,2,2,2,3,3,3,4,4,4,4,4,4,4,4,4,6,6,6,6,6,7,7,7,7,9,9,9,9,9,9,9,9,9,9,9,9,9,9,9,9,9,9,9,9,9,9,9,9,10,10,10,10,10,10,10,10,9,9,9,9,9,9,9,9,9,9,9,9,9
84020189,US,USA,840,20189.0,Stevens,Kansas,US,37.1923008,-101.3118967,"Stevens, Kansas, US",0,0,0,0,0,0,0,0,0,0,0,0,0,0,0,0,0,0,0,0,0,0,0,0,0,0,0,0,0,0,0,0,0,0,0,0,0,0,0,0,0,0,0,0,0,0,0,0,0,0,0,0,0,0,0,0,0,0,0,0,0,0,0,0,0,0,0,1,2,2,1,2,1,1,1,1,1,1,1,1,2,2,2,2,2,3,3,3,3,4,4,4,6,6,6,6,7,8,8,9,9,10,11,12,12,14,14,14,17,17,18,18,18,26,26,26,26,26,26,26,26,26,27,27,27,27,27,27,29,30,30,30,30,30,30,30,30,30,30,30,31,31,31,31,31,30,30,30,30,30,30,30
84020191,US,USA,840,20191.0,Sumner,Kansas,US,37.23682549,-97.47721621,"Sumner, Kansas, US",0,0,0,0,0,0,0,0,0,0,0,0,0,0,0,0,0,0,0,0,0,0,0,0,0,0,0,0,0,0,0,0,0,0,0,0,0,0,0,0,0,0,0,0,0,0,0,0,0,0,0,0,0,0,0,0,0,0,0,0,0,0,0,0,1,1,1,1,1,1,1,1,2,2,2,2,2,2,2,2,2,2,2,2,2,3,3,3,3,3,3,3,3,3,3,3,3,3,3,3,3,3,4,4,4,4,4,4,4,4,4,4,5,5,6,6,6,6,6,6,6,6,6,6,6,6,6,6,8,8,8,8,8,8,8,8,8,8,8,9,10,10,9,9,9,9,9,9,9,9,9,9
84020193,US,USA,840,20193.0,Thomas,Kansas,US,39.35107575,-101.0553705,"Thomas, Kansas, US",0,0,0,0,0,0,0,0,0,0,0,0,0,0,0,0,0,0,0,0,0,0,0,0,0,0,0,0,0,0,0,0,0,0,0,0,0,0,0,0,0,0,0,0,0,0,0,0,0,0,0,0,0,0,0,0,0,0,0,0,0,0,0,0,0,0,0,0,0,0,0,0,0,0,0,0,0,0,0,0,0,0,0,0,0,0,0,0,0,0,0,0,0,0,0,0,0,0,0,0,0,0,0,0,0,0,0,0,0,0,0,0,0,0,0,0,0,0,0,0,0,0,0,0,0,0,0,0,0,0,0,0,0,0,0,0,0,0,0,0,0,0,0,0,0,0,0,0,0,0,0,0
84020195,US,USA,840,20195.0,Trego,Kansas,US,38.91467218,-99.87284448,"Trego, Kansas, US",0,0,0,0,0,0,0,0,0,0,0,0,0,0,0,0,0,0,0,0,0,0,0,0,0,0,0,0,0,0,0,0,0,0,0,0,0,0,0,0,0,0,0,0,0,0,0,0,0,0,0,0,0,0,0,0,0,0,0,0,0,0,0,0,0,0,0,0,0,0,0,0,0,0,0,0,0,0,0,0,0,0,0,0,0,0,0,0,0,0,0,0,0,0,0,0,0,0,0,0,0,0,0,0,0,0,0,0,0,0,0,0,0,0,0,0,0,0,0,0,0,1,1,1,1,1,1,1,1,1,1,1,1,1,1,1,1,1,1,1,1,1,1,1,1,1,1,1,1,1,1,1
84020197,US,USA,840,20197.0,Wabaunsee,Kansas,US,38.95471985,-96.20350509,"Wabaunsee, Kansas, US",0,0,0,0,0,0,0,0,0,0,0,0,0,0,0,0,0,0,0,0,0,0,0,0,0,0,0,0,0,0,0,0,0,0,0,0,0,0,0,0,0,0,0,0,0,0,0,0,0,0,0,0,0,0,0,0,0,0,0,0,0,0,0,0,0,0,0,0,0,0,0,0,0,0,1,1,1,1,7,7,1,1,1,1,1,1,1,1,1,2,2,3,6,6,10,13,15,15,18,21,22,23,24,27,27,27,27,27,27,27,27,27,27,27,28,28,28,28,28,29,29,29,29,29,30,30,31,31,31,31,31,31,31,31,31,31,31,31,31,31,31,31,31,31,31,31,31,32,32,32,32,32
84020199,US,USA,840,20199.0,Wallace,Kansas,US,38.91686134,-101.76388759999999,"Wallace, Kansas, US",0,0,0,0,0,0,0,0,0,0,0,0,0,0,0,0,0,0,0,0,0,0,0,0,0,0,0,0,0,0,0,0,0,0,0,0,0,0,0,0,0,0,0,0,0,0,0,0,0,0,0,0,0,0,0,0,0,0,0,0,0,0,0,0,0,0,0,0,0,0,0,0,0,0,0,0,0,0,0,0,0,0,0,0,0,0,0,0,0,0,0,0,0,0,0,0,0,0,0,0,0,0,0,0,0,0,0,0,0,0,0,0,0,0,0,0,0,0,0,0,0,0,0,0,0,0,0,0,0,0,0,0,0,0,0,0,0,0,0,0,0,0,0,0,0,0,0,0,0,0,0,0
84020201,US,USA,840,20201.0,Washington,Kansas,US,39.78420784,-97.08753229999999,"Washington, Kansas, US",0,0,0,0,0,0,0,0,0,0,0,0,0,0,0,0,0,0,0,0,0,0,0,0,0,0,0,0,0,0,0,0,0,0,0,0,0,0,0,0,0,0,0,0,0,0,0,0,0,0,0,0,0,0,0,0,0,0,0,0,0,0,0,0,0,0,0,0,0,0,0,0,0,0,0,0,0,0,0,0,0,0,0,0,0,0,0,0,0,0,0,0,0,0,0,0,0,0,0,1,1,0,0,0,0,0,0,0,0,0,0,0,0,0,0,0,0,0,0,0,0,0,0,0,0,0,0,0,0,0,0,0,0,0,0,0,0,0,0,1,1,1,1,1,1,1,1,1,1,1,1,1
84020203,US,USA,840,20203.0,Wichita,Kansas,US,38.48178252,-101.3471509,"Wichita, Kansas, US",0,0,0,0,0,0,0,0,0,0,0,0,0,0,0,0,0,0,0,0,0,0,0,0,0,0,0,0,0,0,0,0,0,0,0,0,0,0,0,0,0,0,0,0,0,0,0,0,0,0,0,0,0,0,0,0,0,0,0,0,0,0,0,0,0,0,0,0,0,0,0,0,0,0,0,0,0,0,0,0,0,0,0,0,0,0,0,0,0,0,0,0,0,0,0,0,0,0,0,0,0,0,0,0,0,0,0,0,0,0,0,0,0,0,1,1,1,0,0,0,0,0,0,0,0,0,0,0,0,0,0,0,0,0,0,0,0,0,0,0,0,0,0,0,0,0,0,0,0,0,0,0
84020205,US,USA,840,20205.0,Wilson,Kansas,US,37.55937174,-95.74323255,"Wilson, Kansas, US",0,0,0,0,0,0,0,0,0,0,0,0,0,0,0,0,0,0,0,0,0,0,0,0,0,0,0,0,0,0,0,0,0,0,0,0,0,0,0,0,0,0,0,0,0,0,0,0,0,0,0,0,0,0,0,0,0,0,0,0,0,0,0,0,0,0,0,0,0,0,0,0,0,0,0,0,0,0,0,0,0,0,0,0,0,0,1,1,1,1,1,1,1,1,1,1,1,1,1,1,1,1,1,1,1,1,1,1,1,1,1,1,1,1,1,1,1,1,1,1,1,1,1,1,1,1,1,1,1,1,1,1,1,1,1,1,1,1,1,1,1,1,1,1,1,1,1,1,1,1,1,1
84020207,US,USA,840,20207.0,Woodson,Kansas,US,37.8865336,-95.74006277,"Woodson, Kansas, US",0,0,0,0,0,0,0,0,0,0,0,0,0,0,0,0,0,0,0,0,0,0,0,0,0,0,0,0,0,0,0,0,0,0,0,0,0,0,0,0,0,0,0,0,0,0,0,0,0,0,0,0,0,0,0,0,0,0,0,0,0,0,1,1,1,1,1,1,1,2,3,3,3,3,3,3,3,3,3,3,3,3,3,3,4,4,4,5,5,5,5,5,5,5,5,5,5,5,5,5,6,6,6,6,6,6,6,6,6,6,6,6,6,6,6,6,6,6,6,6,6,6,6,6,6,6,6,6,6,6,6,6,6,6,6,6,6,6,6,6,6,6,6,6,6,6,6,6,6,6,6,6
84020209,US,USA,840,20209.0,Wyandotte,Kansas,US,39.11727348,-94.76378225,"Wyandotte, Kansas, US",0,0,0,0,0,0,0,0,0,0,0,0,0,0,0,0,0,0,0,0,0,0,0,0,0,0,0,0,0,0,0,0,0,0,0,0,0,0,0,0,0,0,0,0,0,0,0,0,0,0,0,1,1,1,1,4,4,8,9,13,14,16,22,27,34,43,53,55,67,79,93,106,137,149,158,186,195,245,272,272,315,332,337,345,363,379,400,412,417,427,433,473,490,527,555,565,573,585,619,677,710,762,826,879,896,910,942,1000,1045,1078,1086,1086,1098,1114,1129,1153,1154,1166,1174,1189,1213,1236,1255,1263,1275,1275,1281,1308,1335,1337,1337,1359,1375,1419,1434,1471,1486,1496,1522,1522,1569,1575,1626,1638,1660,1698,1698,1745,1766,1834,1834,1834
84021001,US,USA,840,21001.0,Adair,Kentucky,US,37.10459774,-85.28129668,"Adair, Kentucky, US",0,0,0,0,0,0,0,0,0,0,0,0,0,0,0,0,0,0,0,0,0,0,0,0,0,0,0,0,0,0,0,0,0,0,0,0,0,0,0,0,0,0,0,0,0,0,0,0,0,0,0,0,0,0,0,0,0,0,0,0,0,0,0,0,0,0,0,0,0,0,0,0,0,3,3,3,3,3,6,6,6,11,11,43,43,45,45,47,53,54,54,60,63,80,83,83,77,79,79,81,81,81,81,81,81,82,84,84,86,86,88,88,88,91,92,92,92,95,94,94,95,96,96,96,96,96,96,96,97,97,97,97,97,97,97,98,99,99,98,100,101,101,101,101,101,101,101,102,103,104,105,105
84021003,US,USA,840,21003.0,Allen,Kentucky,US,36.75197631,-86.19457544,"Allen, Kentucky, US",0,0,0,0,0,0,0,0,0,0,0,0,0,0,0,0,0,0,0,0,0,0,0,0,0,0,0,0,0,0,0,0,0,0,0,0,0,0,0,0,0,0,0,0,0,0,0,0,0,0,0,0,0,0,0,0,0,0,0,0,0,0,0,1,1,1,1,1,1,2,2,2,2,2,2,2,2,2,3,3,3,4,4,2,2,3,4,4,4,4,4,5,5,6,7,7,8,9,12,13,14,14,14,14,16,19,25,25,25,25,29,30,30,33,37,38,38,39,41,43,44,44,47,47,47,56,56,63,70,70,70,93,92,96,100,102,102,102,105,116,120,123,127,132,132,135,135,137,136,145,145,152
84021005,US,USA,840,21005.0,Anderson,Kentucky,US,38.00671029,-84.99171713,"Anderson, Kentucky, US",0,0,0,0,0,0,0,0,0,0,0,0,0,0,0,0,0,0,0,0,0,0,0,0,0,0,0,0,0,0,0,0,0,0,0,0,0,0,0,0,0,0,0,0,0,0,0,0,0,0,0,0,0,0,0,0,0,0,1,1,1,2,2,2,2,2,2,2,2,2,2,2,2,3,3,3,3,3,3,3,3,3,3,3,4,5,5,7,6,6,7,7,7,7,7,8,8,8,8,8,8,8,9,9,9,9,9,9,9,9,9,10,10,10,10,10,10,13,13,15,15,15,15,15,15,15,15,16,18,18,18,20,22,21,21,22,25,25,25,25,25,25,25,25,25,25,25,27,27,27,27,27
84021007,US,USA,840,21007.0,Ballard,Kentucky,US,37.05842757,-88.99427697,"Ballard, Kentucky, US",0,0,0,0,0,0,0,0,0,0,0,0,0,0,0,0,0,0,0,0,0,0,0,0,0,0,0,0,0,0,0,0,0,0,0,0,0,0,0,0,0,0,0,0,0,0,0,0,0,0,0,0,0,0,0,0,0,0,0,0,0,0,0,0,0,0,0,0,0,0,0,0,0,0,0,0,0,0,1,1,1,1,1,2,2,4,3,3,4,4,4,4,4,5,5,7,7,9,9,9,10,10,10,8,8,8,8,8,8,8,8,8,8,10,10,10,10,10,10,9,9,9,9,9,9,10,10,10,10,12,12,12,12,12,12,12,13,13,13,13,13,13,14,14,14,14,14,14,14,14,14,14
84021009,US,USA,840,21009.0,Barren,Kentucky,US,36.96469836,-85.93338945,"Barren, Kentucky, US",0,0,0,0,0,0,0,0,0,0,0,0,0,0,0,0,0,0,0,0,0,0,0,0,0,0,0,0,0,0,0,0,0,0,0,0,0,0,0,0,0,0,0,0,0,0,0,0,0,0,0,0,0,0,0,0,0,0,0,0,0,0,0,0,0,0,0,1,1,1,1,1,1,1,0,0,1,1,1,1,1,5,5,5,5,6,6,6,6,6,7,8,8,9,13,13,15,15,16,17,17,17,18,20,22,22,24,24,28,28,28,30,30,34,34,34,34,34,34,38,38,40,42,42,42,43,44,44,45,45,45,47,49,49,50,53,53,53,55,56,59,59,61,65,65,66,66,67,68,70,70,71
84021011,US,USA,840,21011.0,Bath,Kentucky,US,38.14735938,-83.74588932,"Bath, Kentucky, US",0,0,0,0,0,0,0,0,0,0,0,0,0,0,0,0,0,0,0,0,0,0,0,0,0,0,0,0,0,0,0,0,0,0,0,0,0,0,0,0,0,0,0,0,0,0,0,0,0,0,0,0,0,0,0,0,0,0,0,0,0,0,0,0,0,0,0,0,0,0,0,0,0,1,1,1,1,1,1,1,1,2,2,3,3,3,3,3,3,3,3,3,3,3,4,4,4,4,4,4,4,4,4,4,4,4,4,4,5,5,6,7,7,7,7,7,7,7,7,7,8,8,8,8,8,8,8,8,9,9,9,9,9,9,9,9,9,9,9,9,9,9,10,10,10,10,10,10,10,10,10,10
84021013,US,USA,840,21013.0,Bell,Kentucky,US,36.73355174,-83.67766671,"Bell, Kentucky, US",0,0,0,0,0,0,0,0,0,0,0,0,0,0,0,0,0,0,0,0,0,0,0,0,0,0,0,0,0,0,0,0,0,0,0,0,0,0,0,0,0,0,0,0,0,0,0,0,0,0,0,0,0,0,0,0,0,0,0,0,0,0,0,0,0,0,0,0,0,0,0,0,0,0,0,0,0,0,0,0,0,0,0,0,0,0,0,0,0,0,0,0,0,0,0,0,0,0,0,0,0,0,0,0,0,0,0,0,0,0,0,0,0,0,0,0,0,1,1,1,1,1,1,1,1,1,1,1,1,1,1,1,1,1,2,2,2,2,2,3,3,3,3,4,4,4,4,4,4,4,4,5
84021015,US,USA,840,21015.0,Boone,Kentucky,US,38.97065142,-84.72615357,"Boone, Kentucky, US",0,0,0,0,0,0,0,0,0,0,0,0,0,0,0,0,0,0,0,0,0,0,0,0,0,0,0,0,0,0,0,0,0,0,0,0,0,0,0,0,0,0,0,0,0,0,0,0,0,0,0,0,0,0,0,0,0,0,0,0,0,0,1,1,1,1,5,5,5,8,8,8,8,11,12,12,21,21,23,23,23,48,48,58,56,67,73,74,81,81,86,93,94,98,103,113,116,125,125,138,144,144,170,171,191,196,197,203,210,210,232,238,238,276,285,316,316,355,361,359,368,379,387,387,387,392,403,409,423,436,436,459,467,492,505,508,516,516,522,527,532,535,538,539,539,541,541,552,557,561,566,568
84021017,US,USA,840,21017.0,Bourbon,Kentucky,US,38.2054607,-84.21827874,"Bourbon, Kentucky, US",0,0,0,0,0,0,0,0,0,0,0,0,0,0,0,0,0,0,0,0,0,0,0,0,0,0,0,0,0,0,0,0,0,0,0,0,0,0,0,0,0,0,0,0,0,0,0,0,0,0,0,0,0,0,1,1,1,1,2,2,2,2,2,2,2,2,2,2,2,2,2,2,2,4,4,4,4,4,4,4,4,4,4,4,4,7,5,7,7,7,7,6,6,7,7,7,7,7,7,8,8,8,8,9,8,8,8,8,8,8,8,8,8,8,8,8,8,8,8,8,9,9,9,9,9,9,10,10,10,11,11,11,11,11,12,12,14,14,16,19,21,21,22,24,24,25,25,26,26,26,27,27
84021019,US,USA,840,21019.0,Boyd,Kentucky,US,38.36176608,-82.68652187,"Boyd, Kentucky, US",0,0,0,0,0,0,0,0,0,0,0,0,0,0,0,0,0,0,0,0,0,0,0,0,0,0,0,0,0,0,0,0,0,0,0,0,0,0,0,0,0,0,0,0,0,0,0,0,0,0,0,0,0,0,0,0,0,0,0,0,0,0,0,0,0,0,0,0,0,4,4,4,4,13,13,13,15,15,17,17,17,26,26,23,24,27,29,29,29,29,29,30,30,31,33,33,33,33,33,31,31,31,31,31,31,31,32,32,32,32,33,37,37,38,38,38,38,39,39,39,39,39,39,39,39,39,39,39,39,39,39,40,40,40,41,42,42,42,42,43,43,43,43,44,44,44,44,44,45,47,48,49
84021021,US,USA,840,21021.0,Boyle,Kentucky,US,37.62680923,-84.8633779,"Boyle, Kentucky, US",0,0,0,0,0,0,0,0,0,0,0,0,0,0,0,0,0,0,0,0,0,0,0,0,0,0,0,0,0,0,0,0,0,0,0,0,0,0,0,0,0,0,0,0,0,0,0,0,0,0,0,0,0,0,0,0,0,0,0,0,0,0,0,0,0,0,0,1,1,4,4,4,4,7,7,7,7,7,9,9,9,13,13,14,12,12,13,13,13,13,13,13,13,17,17,17,17,17,17,17,17,17,17,17,17,16,16,16,17,17,17,17,17,18,18,18,18,18,19,20,20,20,20,20,20,22,23,23,23,25,25,25,26,26,28,28,28,28,28,28,28,28,28,30,30,30,30,30,31,31,31,32
84021023,US,USA,840,21023.0,Bracken,Kentucky,US,38.69158994,-84.08532444,"Bracken, Kentucky, US",0,0,0,0,0,0,0,0,0,0,0,0,0,0,0,0,0,0,0,0,0,0,0,0,0,0,0,0,0,0,0,0,0,0,0,0,0,0,0,0,0,0,0,0,0,0,0,0,0,0,0,0,0,0,0,0,0,0,0,0,0,0,0,0,0,0,0,1,1,1,1,1,1,1,1,1,1,1,1,1,1,6,6,5,5,7,7,7,7,7,7,7,7,7,7,7,7,7,7,7,9,9,9,9,9,9,10,10,10,10,9,9,9,9,9,9,9,10,10,10,10,11,11,11,11,11,11,11,11,12,12,13,13,13,13,14,14,14,14,14,14,14,14,14,14,14,14,14,15,15,16,16
84021025,US,USA,840,21025.0,Breathitt,Kentucky,US,37.52333168,-83.31959161,"Breathitt, Kentucky, US",0,0,0,0,0,0,0,0,0,0,0,0,0,0,0,0,0,0,0,0,0,0,0,0,0,0,0,0,0,0,0,0,0,0,0,0,0,0,0,0,0,0,0,0,0,0,0,0,0,0,0,0,0,0,0,0,0,0,0,0,0,1,1,2,2,2,2,2,2,2,2,2,2,1,1,1,1,1,1,1,1,2,2,3,1,1,1,2,1,1,1,2,2,2,2,2,2,2,2,2,2,2,2,2,2,2,2,2,2,2,2,2,2,2,2,2,2,2,2,2,2,2,3,3,3,3,3,3,3,3,3,3,3,3,3,3,3,3,3,3,3,3,3,3,3,4,4,4,4,4,4,4
84021027,US,USA,840,21027.0,Breckinridge,Kentucky,US,37.77377239,-86.42885017,"Breckinridge, Kentucky, US",0,0,0,0,0,0,0,0,0,0,0,0,0,0,0,0,0,0,0,0,0,0,0,0,0,0,0,0,0,0,0,0,0,0,0,0,0,0,0,0,0,0,0,0,0,0,0,0,0,0,0,0,0,0,0,0,0,0,0,0,0,0,0,0,0,0,0,2,2,2,2,2,2,0,2,2,2,2,3,3,3,3,3,3,3,4,5,6,6,6,6,6,6,7,7,8,8,8,9,9,9,9,9,9,9,11,11,13,13,13,13,13,13,14,14,14,14,14,15,17,16,16,16,16,16,16,17,17,17,17,17,17,17,17,17,19,19,19,19,19,19,20,21,23,23,23,23,23,23,23,24,24
84021029,US,USA,840,21029.0,Bullitt,Kentucky,US,37.97162523,-85.68955617,"Bullitt, Kentucky, US",0,0,0,0,0,0,0,0,0,0,0,0,0,0,0,0,0,0,0,0,0,0,0,0,0,0,0,0,0,0,0,0,0,0,0,0,0,0,0,0,0,0,0,0,0,0,0,0,0,0,0,0,0,0,0,0,0,0,0,0,0,0,0,0,0,0,0,2,2,6,6,6,6,11,11,11,11,11,14,14,14,27,27,34,30,31,31,31,33,33,33,34,36,40,43,48,50,51,51,53,55,55,56,56,68,72,74,79,82,82,83,86,86,89,92,93,93,98,99,101,101,101,104,104,104,105,109,109,111,111,111,115,119,119,119,119,121,121,121,124,127,127,128,131,131,135,135,136,138,141,144,144
84021031,US,USA,840,21031.0,Butler,Kentucky,US,37.20946153,-86.68748787,"Butler, Kentucky, US",0,0,0,0,0,0,0,0,0,0,0,0,0,0,0,0,0,0,0,0,0,0,0,0,0,0,0,0,0,0,0,0,0,0,0,0,0,0,0,0,0,0,0,0,0,0,0,0,0,0,0,0,0,0,0,0,0,0,0,0,0,0,0,0,0,0,0,1,1,1,1,1,1,1,1,1,1,1,2,2,2,11,11,22,24,27,51,62,73,72,74,91,92,98,103,104,103,113,114,116,141,141,143,167,181,183,188,192,195,195,201,200,200,205,212,217,217,217,217,217,218,219,218,218,218,224,226,227,228,228,228,232,232,235,235,236,237,237,238,239,240,240,243,243,243,244,244,246,246,247,246,246
84021033,US,USA,840,21033.0,Caldwell,Kentucky,US,37.14749129,-87.86948214,"Caldwell, Kentucky, US",0,0,0,0,0,0,0,0,0,0,0,0,0,0,0,0,0,0,0,0,0,0,0,0,0,0,0,0,0,0,0,0,0,0,0,0,0,0,0,0,0,0,0,0,0,0,0,0,0,0,0,0,0,0,0,0,0,0,0,0,0,0,0,0,0,0,0,0,0,0,0,0,0,3,2,2,2,2,5,5,5,10,10,9,10,10,11,11,11,11,12,12,12,13,13,13,13,13,13,13,13,12,12,12,12,12,12,12,12,12,12,12,12,12,12,12,12,12,12,12,12,12,12,12,12,12,12,12,12,12,12,12,12,12,12,12,12,12,12,12,12,12,12,12,12,12,12,12,12,12,12,13
84021035,US,USA,840,21035.0,Calloway,Kentucky,US,36.62093411,-88.2731593,"Calloway, Kentucky, US",0,0,0,0,0,0,0,0,0,0,0,0,0,0,0,0,0,0,0,0,0,0,0,0,0,0,0,0,0,0,0,0,0,0,0,0,0,0,0,0,0,0,0,0,0,0,0,0,0,0,0,0,0,0,0,0,0,0,1,1,1,1,1,1,1,1,1,2,3,3,3,3,3,5,5,5,5,5,8,8,8,14,14,16,15,22,22,21,21,21,22,22,24,26,29,31,31,31,31,34,34,34,35,35,35,35,35,36,37,37,40,43,43,43,43,46,46,46,47,48,49,49,49,49,49,48,48,48,50,50,50,52,52,53,53,54,55,55,55,56,56,57,57,57,57,60,60,61,63,63,65,66
84021037,US,USA,840,21037.0,Campbell,Kentucky,US,38.94384345,-84.37875208,"Campbell, Kentucky, US",0,0,0,0,0,0,0,0,0,0,0,0,0,0,0,0,0,0,0,0,0,0,0,0,0,0,0,0,0,0,0,0,0,0,0,0,0,0,0,0,0,0,0,0,0,0,0,0,0,0,0,0,0,0,0,0,0,0,0,0,0,0,1,1,1,1,3,4,4,8,8,8,8,12,12,12,13,13,29,29,29,47,47,45,47,53,55,55,56,58,60,64,64,70,73,79,81,85,86,89,92,92,95,97,103,107,110,114,115,115,118,120,120,128,129,131,131,134,135,137,141,144,146,146,146,148,150,153,164,173,173,182,185,191,194,194,196,196,198,197,198,201,201,207,207,207,207,212,213,219,225,227
84021039,US,USA,840,21039.0,Carlisle,Kentucky,US,36.85372876,-88.96692220000001,"Carlisle, Kentucky, US",0,0,0,0,0,0,0,0,0,0,0,0,0,0,0,0,0,0,0,0,0,0,0,0,0,0,0,0,0,0,0,0,0,0,0,0,0,0,0,0,0,0,0,0,0,0,0,0,0,0,0,0,0,0,0,0,0,0,0,0,0,0,0,0,0,0,0,0,0,0,0,0,0,0,0,0,0,0,0,0,0,0,0,0,0,0,0,0,0,0,0,0,1,1,1,1,2,2,2,2,2,2,2,2,2,2,2,3,3,3,3,3,3,3,3,3,3,3,3,3,5,5,5,5,5,5,5,5,5,5,5,5,5,5,5,5,5,5,5,5,5,5,5,5,5,5,5,5,5,5,5,5
84021041,US,USA,840,21041.0,Carroll,Kentucky,US,38.66599534,-85.12601074,"Carroll, Kentucky, US",0,0,0,0,0,0,0,0,0,0,0,0,0,0,0,0,0,0,0,0,0,0,0,0,0,0,0,0,0,0,0,0,0,0,0,0,0,0,0,0,0,0,0,0,0,0,0,0,0,0,0,0,0,0,0,0,0,0,0,0,0,0,0,0,0,0,0,1,1,2,2,2,2,2,2,2,2,2,2,2,2,2,2,2,2,2,2,2,2,2,2,2,2,2,2,2,2,2,2,2,2,2,2,2,2,2,2,2,2,2,2,2,2,2,2,2,2,3,3,4,6,6,7,7,7,7,7,10,11,12,12,14,14,14,15,15,15,15,15,16,16,16,16,17,17,17,17,25,26,26,29,29
84021043,US,USA,840,21043.0,Carter,Kentucky,US,38.31690743,-83.05092385,"Carter, Kentucky, US",0,0,0,0,0,0,0,0,0,0,0,0,0,0,0,0,0,0,0,0,0,0,0,0,0,0,0,0,0,0,0,0,0,0,0,0,0,0,0,0,0,0,0,0,0,0,0,0,0,0,0,0,0,0,0,0,0,0,0,0,0,0,0,0,0,0,0,0,0,0,0,0,0,1,1,1,1,1,1,1,1,1,1,3,3,5,4,4,4,4,4,4,4,4,4,4,4,5,5,5,5,5,6,6,6,6,6,6,6,6,6,7,7,7,8,8,8,8,9,9,9,9,9,9,9,9,9,9,9,11,11,12,12,14,14,14,17,17,17,17,17,17,17,18,18,18,18,21,20,21,21,21
84021045,US,USA,840,21045.0,Casey,Kentucky,US,37.32533118,-84.92726209,"Casey, Kentucky, US",0,0,0,0,0,0,0,0,0,0,0,0,0,0,0,0,0,0,0,0,0,0,0,0,0,0,0,0,0,0,0,0,0,0,0,0,0,0,0,0,0,0,0,0,0,0,0,0,0,0,0,0,0,0,0,0,0,0,0,0,0,0,0,0,0,0,0,0,0,0,0,0,0,0,0,0,0,0,0,0,0,0,0,0,1,1,1,1,1,1,1,1,1,1,1,1,1,1,1,1,1,1,1,1,1,1,1,1,1,1,1,1,1,2,2,2,2,2,2,2,2,2,2,2,2,2,2,2,3,3,3,3,3,5,5,8,8,8,8,8,8,9,10,10,10,10,10,10,11,11,13,13
84021047,US,USA,840,21047.0,Christian,Kentucky,US,36.89267803,-87.49055367,"Christian, Kentucky, US",0,0,0,0,0,0,0,0,0,0,0,0,0,0,0,0,0,0,0,0,0,0,0,0,0,0,0,0,0,0,0,0,0,0,0,0,0,0,0,0,0,0,0,0,0,0,0,0,0,0,0,0,0,0,0,0,0,0,1,1,1,2,2,2,2,2,2,6,6,7,7,7,7,23,30,30,32,32,45,45,45,62,62,69,71,72,78,79,79,79,79,86,86,85,85,85,86,86,86,86,88,88,90,90,91,92,92,93,93,93,95,95,95,95,95,95,95,97,98,98,98,101,103,103,103,104,106,107,109,110,110,111,111,114,118,123,127,127,127,131,136,136,137,138,138,138,138,139,138,144,145,145
84021049,US,USA,840,21049.0,Clark,Kentucky,US,37.9689263,-84.14615986,"Clark, Kentucky, US",0,0,0,0,0,0,0,0,0,0,0,0,0,0,0,0,0,0,0,0,0,0,0,0,0,0,0,0,0,0,0,0,0,0,0,0,0,0,0,0,0,0,0,0,0,0,0,0,0,0,0,0,0,0,1,1,1,1,2,2,2,2,2,2,2,2,2,6,6,8,8,8,8,11,11,11,11,11,11,11,11,17,17,18,18,18,18,18,18,18,19,19,19,19,19,19,19,19,20,21,21,21,20,20,20,20,20,20,20,20,20,20,20,20,20,20,20,21,21,35,36,37,37,37,37,38,38,38,39,41,41,42,42,43,53,58,58,58,59,60,62,63,68,73,73,77,77,78,79,80,84,87
84021051,US,USA,840,21051.0,Clay,Kentucky,US,37.16451126,-83.712575,"Clay, Kentucky, US",0,0,0,0,0,0,0,0,0,0,0,0,0,0,0,0,0,0,0,0,0,0,0,0,0,0,0,0,0,0,0,0,0,0,0,0,0,0,0,0,0,0,0,0,0,0,0,0,0,0,0,0,0,0,0,0,0,0,0,0,0,0,0,0,0,0,0,0,0,0,0,0,0,0,0,0,0,0,0,0,0,0,0,0,0,0,0,0,1,1,1,1,1,1,1,1,1,1,1,1,1,1,1,1,1,1,1,2,2,2,2,2,2,2,2,2,2,2,3,3,3,3,4,4,4,7,7,7,7,7,7,7,7,7,7,8,8,8,10,10,12,12,12,13,13,17,17,23,27,30,31,32
84021053,US,USA,840,21053.0,Clinton,Kentucky,US,36.72581156,-85.13377529,"Clinton, Kentucky, US",0,0,0,0,0,0,0,0,0,0,0,0,0,0,0,0,0,0,0,0,0,0,0,0,0,0,0,0,0,0,0,0,0,0,0,0,0,0,0,0,0,0,0,0,0,0,0,0,0,0,0,0,0,0,0,0,0,0,0,0,0,0,0,0,0,0,0,0,0,0,0,0,0,1,1,1,1,1,1,1,1,3,3,2,2,2,2,2,2,2,2,2,2,2,2,2,2,3,3,3,3,3,3,3,3,3,3,3,3,3,3,3,3,3,3,3,3,3,3,3,3,3,3,3,3,3,3,3,3,3,3,4,4,4,5,5,5,5,5,5,5,5,5,5,5,5,5,5,5,5,5,5
84021055,US,USA,840,21055.0,Crittenden,Kentucky,US,37.35839237,-88.08826090000002,"Crittenden, Kentucky, US",0,0,0,0,0,0,0,0,0,0,0,0,0,0,0,0,0,0,0,0,0,0,0,0,0,0,0,0,0,0,0,0,0,0,0,0,0,0,0,0,0,0,0,0,0,0,0,0,0,0,0,0,0,0,0,0,0,0,0,0,0,0,0,0,0,0,0,0,0,0,0,0,0,1,1,1,2,2,3,3,3,3,3,3,3,3,3,3,3,3,3,3,3,3,3,3,3,4,4,4,4,4,4,4,4,4,4,4,4,4,4,4,4,4,4,4,4,4,4,4,4,5,5,5,5,5,5,5,6,6,6,6,7,7,7,7,7,7,7,7,7,7,7,7,7,7,7,7,7,7,7,7
84021057,US,USA,840,21057.0,Cumberland,Kentucky,US,36.78926125,-85.39050034,"Cumberland, Kentucky, US",0,0,0,0,0,0,0,0,0,0,0,0,0,0,0,0,0,0,0,0,0,0,0,0,0,0,0,0,0,0,0,0,0,0,0,0,0,0,0,0,0,0,0,0,0,0,0,0,0,0,0,0,0,0,0,0,0,0,0,0,0,0,0,0,0,0,0,0,0,0,0,0,0,1,1,1,1,1,1,1,1,3,3,2,2,2,2,2,3,3,3,4,4,4,4,5,5,5,5,5,5,5,5,5,5,5,5,5,5,5,5,5,5,5,5,5,5,5,5,5,5,5,5,5,5,5,5,5,5,5,5,5,5,5,5,5,5,5,5,5,5,5,5,5,5,5,5,5,5,5,5,6
84021059,US,USA,840,21059.0,Daviess,Kentucky,US,37.73028906,-87.09019479999998,"Daviess, Kentucky, US",0,0,0,0,0,0,0,0,0,0,0,0,0,0,0,0,0,0,0,0,0,0,0,0,0,0,0,0,0,0,0,0,0,0,0,0,0,0,0,0,0,0,0,0,0,0,0,0,0,0,0,0,0,0,0,0,0,1,1,1,1,11,11,14,14,14,20,27,27,34,34,34,34,55,55,55,58,58,61,79,79,81,81,87,89,106,105,109,125,130,130,134,133,145,147,154,157,169,182,188,194,194,217,223,242,247,258,260,260,260,270,274,274,277,287,287,287,293,296,296,299,300,305,305,305,308,312,313,316,317,317,324,323,330,337,339,340,340,342,341,343,347,350,353,353,360,360,368,370,373,375,381
84021061,US,USA,840,21061.0,Edmonson,Kentucky,US,37.21218923,-86.23955613,"Edmonson, Kentucky, US",0,0,0,0,0,0,0,0,0,0,0,0,0,0,0,0,0,0,0,0,0,0,0,0,0,0,0,0,0,0,0,0,0,0,0,0,0,0,0,0,0,0,0,0,0,0,0,0,0,0,0,0,0,0,0,0,0,0,0,0,0,0,0,0,0,0,0,0,0,2,2,2,2,5,5,5,5,5,5,5,5,6,6,6,7,7,7,7,7,7,7,7,7,11,13,15,17,17,19,26,26,26,26,26,36,38,41,45,45,45,45,45,45,46,49,50,50,50,50,51,51,53,54,54,54,56,56,56,56,56,56,56,56,57,57,58,58,58,60,62,63,63,63,65,65,67,67,69,71,71,71,71
84021063,US,USA,840,21063.0,Elliott,Kentucky,US,38.11624059,-83.09771563,"Elliott, Kentucky, US",0,0,0,0,0,0,0,0,0,0,0,0,0,0,0,0,0,0,0,0,0,0,0,0,0,0,0,0,0,0,0,0,0,0,0,0,0,0,0,0,0,0,0,0,0,0,0,0,0,0,0,0,0,0,0,0,0,0,0,0,0,0,0,0,0,0,0,0,0,0,0,0,0,0,0,0,0,0,0,0,0,0,0,0,0,0,0,0,0,0,0,0,0,0,0,0,0,0,0,0,0,0,0,0,0,0,0,0,0,0,0,0,0,0,0,0,0,0,0,1,1,1,1,1,1,1,1,1,1,1,1,1,1,1,1,1,1,1,1,1,1,1,1,1,1,2,2,2,2,2,2,2
84021065,US,USA,840,21065.0,Estill,Kentucky,US,37.69241417,-83.95956369,"Estill, Kentucky, US",0,0,0,0,0,0,0,0,0,0,0,0,0,0,0,0,0,0,0,0,0,0,0,0,0,0,0,0,0,0,0,0,0,0,0,0,0,0,0,0,0,0,0,0,0,0,0,0,0,0,0,0,0,0,0,0,0,0,0,0,0,0,0,0,0,0,0,0,0,0,0,0,0,0,0,0,0,0,0,0,0,0,0,0,0,0,0,0,0,0,0,0,0,0,0,0,0,0,0,0,0,0,0,0,0,0,0,0,0,0,0,0,0,0,0,0,0,0,0,0,0,0,0,0,0,0,0,0,0,0,0,0,1,1,1,1,1,1,1,1,1,2,3,5,5,5,5,5,5,5,5,5
84021067,US,USA,840,21067.0,Fayette,Kentucky,US,38.0368225,-84.45576892,"Fayette, Kentucky, US",0,0,0,0,0,0,0,0,0,0,0,0,0,0,0,0,0,0,0,0,0,0,0,0,0,0,0,0,0,0,0,0,0,0,0,0,0,0,0,0,0,0,0,0,1,1,1,1,2,2,3,3,3,5,5,7,8,8,10,10,10,15,15,28,28,28,28,67,82,110,110,116,116,120,122,122,123,123,148,148,148,179,179,197,206,209,210,218,219,219,219,223,223,226,235,238,239,242,246,248,254,254,287,295,298,306,328,342,368,368,392,409,409,467,530,550,550,564,596,591,596,603,619,619,619,644,650,661,702,714,714,760,770,803,808,840,854,854,902,920,956,970,995,1026,1026,1064,1064,1106,1120,1135,1147,1153
84021069,US,USA,840,21069.0,Fleming,Kentucky,US,38.36758311,-83.69657514,"Fleming, Kentucky, US",0,0,0,0,0,0,0,0,0,0,0,0,0,0,0,0,0,0,0,0,0,0,0,0,0,0,0,0,0,0,0,0,0,0,0,0,0,0,0,0,0,0,0,0,0,0,0,0,0,0,0,0,0,0,0,0,0,0,0,0,0,0,0,0,0,0,0,0,0,0,0,0,0,0,0,0,0,0,0,0,0,1,1,2,2,2,2,2,2,2,2,2,2,2,2,2,2,2,2,2,2,2,2,2,2,2,2,2,1,1,1,1,1,2,1,1,1,3,3,2,2,2,2,2,2,3,3,3,3,3,3,3,3,2,2,2,2,2,2,2,2,2,4,4,4,6,6,9,10,12,12,12
84021071,US,USA,840,21071.0,Floyd,Kentucky,US,37.56213922,-82.74750924,"Floyd, Kentucky, US",0,0,0,0,0,0,0,0,0,0,0,0,0,0,0,0,0,0,0,0,0,0,0,0,0,0,0,0,0,0,0,0,0,0,0,0,0,0,0,0,0,0,0,0,0,0,0,0,0,0,0,0,0,0,0,0,0,0,0,0,0,0,0,0,0,0,0,1,1,0,0,0,0,0,0,0,0,0,0,0,0,1,1,1,0,4,4,4,4,4,4,4,4,6,6,10,10,12,13,13,14,14,12,12,12,12,13,15,15,15,15,15,15,16,16,16,16,16,16,16,16,16,16,16,16,16,16,16,16,16,16,16,17,17,17,17,17,17,17,17,17,17,17,19,19,19,19,22,22,25,26,26
84021073,US,USA,840,21073.0,Franklin,Kentucky,US,38.2379395,-84.87962551,"Franklin, Kentucky, US",0,0,0,0,0,0,0,0,0,0,0,0,0,0,0,0,0,0,0,0,0,0,0,0,0,0,0,0,0,0,0,0,0,0,0,0,0,0,0,0,0,0,0,0,0,0,0,0,0,0,0,0,0,0,0,0,0,0,1,1,1,2,2,2,2,2,2,6,6,6,6,6,6,7,7,7,7,7,10,10,10,10,10,11,11,11,12,21,13,13,13,14,14,15,15,16,16,16,16,16,16,16,17,17,16,16,16,16,17,17,17,18,18,18,18,20,20,18,20,22,24,24,24,24,24,25,25,28,35,38,38,38,55,63,68,73,77,77,81,84,88,88,92,96,96,98,98,105,108,108,109,109
84021075,US,USA,840,21075.0,Fulton,Kentucky,US,36.55238827,-89.20140068,"Fulton, Kentucky, US",0,0,0,0,0,0,0,0,0,0,0,0,0,0,0,0,0,0,0,0,0,0,0,0,0,0,0,0,0,0,0,0,0,0,0,0,0,0,0,0,0,0,0,0,0,0,0,0,0,0,0,0,0,0,0,0,0,0,0,0,0,0,0,0,0,0,0,0,0,0,0,0,0,0,0,0,0,0,0,0,0,0,0,0,0,0,0,0,1,1,1,1,1,1,1,1,1,1,1,2,2,2,2,1,1,1,1,1,1,1,1,1,1,1,1,1,1,2,2,2,3,3,3,3,3,3,4,5,6,7,7,7,7,8,8,10,11,11,12,12,12,12,12,12,12,12,12,12,14,15,15,15
84021077,US,USA,840,21077.0,Gallatin,Kentucky,US,38.75398691,-84.8558382,"Gallatin, Kentucky, US",0,0,0,0,0,0,0,0,0,0,0,0,0,0,0,0,0,0,0,0,0,0,0,0,0,0,0,0,0,0,0,0,0,0,0,0,0,0,0,0,0,0,0,0,0,0,0,0,0,0,0,0,0,0,0,0,0,0,0,0,0,0,0,0,0,0,0,0,0,0,0,0,0,0,0,0,0,0,0,0,0,1,1,1,1,1,1,1,1,1,1,1,1,1,1,1,1,1,1,1,1,1,1,1,1,1,1,1,1,1,1,1,1,2,2,2,2,3,3,3,3,5,8,8,8,8,12,15,33,36,36,37,43,46,46,46,46,46,46,49,51,51,51,57,57,57,57,57,57,57,57,57
84021079,US,USA,840,21079.0,Garrard,Kentucky,US,37.638866799999995,-84.53289319,"Garrard, Kentucky, US",0,0,0,0,0,0,0,0,0,0,0,0,0,0,0,0,0,0,0,0,0,0,0,0,0,0,0,0,0,0,0,0,0,0,0,0,0,0,0,0,0,0,0,0,0,0,0,0,0,0,0,0,0,0,0,0,0,0,0,0,0,0,0,0,0,0,0,0,0,0,0,0,0,0,0,0,0,0,0,0,0,0,0,0,1,3,3,1,1,1,1,1,1,1,2,2,2,2,2,2,2,2,2,2,2,2,2,3,3,3,3,4,4,4,4,4,4,3,3,3,4,4,4,4,4,5,5,5,5,5,5,5,5,5,5,5,5,5,5,6,6,9,9,10,10,11,11,13,14,16,16,16
84021081,US,USA,840,21081.0,Grant,Kentucky,US,38.64962758,-84.62415957,"Grant, Kentucky, US",0,0,0,0,0,0,0,0,0,0,0,0,0,0,0,0,0,0,0,0,0,0,0,0,0,0,0,0,0,0,0,0,0,0,0,0,0,0,0,0,0,0,0,0,0,0,0,0,0,0,0,0,0,0,0,0,0,0,0,0,0,0,0,0,0,0,0,1,1,1,1,1,1,2,2,2,2,2,3,3,3,13,13,14,14,16,16,16,16,16,17,19,18,18,18,18,18,20,20,21,21,21,25,25,26,27,27,29,30,30,31,31,31,31,32,32,32,35,35,36,36,36,36,36,36,39,39,39,41,42,42,42,42,46,47,47,47,47,51,51,51,51,52,53,53,53,53,53,53,53,53,53
84021083,US,USA,840,21083.0,Graves,Kentucky,US,36.72292505,-88.65143315,"Graves, Kentucky, US",0,0,0,0,0,0,0,0,0,0,0,0,0,0,0,0,0,0,0,0,0,0,0,0,0,0,0,0,0,0,0,0,0,0,0,0,0,0,0,0,0,0,0,0,0,0,0,0,0,0,0,0,0,0,0,0,0,0,0,0,0,0,0,0,0,0,0,0,0,0,0,0,0,2,2,2,2,2,5,5,5,9,9,13,16,24,28,41,51,63,68,84,84,89,109,114,119,122,124,131,137,137,138,141,143,142,145,146,148,148,149,149,149,152,152,152,152,154,154,152,152,152,157,157,157,157,159,159,162,165,165,166,167,166,166,166,166,166,166,167,167,167,168,173,173,175,175,176,180,183,183,183
84021085,US,USA,840,21085.0,Grayson,Kentucky,US,37.46231118,-86.34248968,"Grayson, Kentucky, US",0,0,0,0,0,0,0,0,0,0,0,0,0,0,0,0,0,0,0,0,0,0,0,0,0,0,0,0,0,0,0,0,0,0,0,0,0,0,0,0,0,0,0,0,0,0,0,0,0,0,0,0,0,0,0,0,0,0,0,0,0,0,0,0,0,0,0,2,2,2,2,2,2,2,2,2,2,2,2,2,2,4,4,5,5,6,8,8,14,16,16,23,25,37,42,60,60,60,62,65,69,69,79,84,91,90,93,93,95,95,98,99,99,101,103,103,103,107,109,110,119,120,121,121,121,124,124,124,124,124,124,126,126,127,132,134,135,135,135,135,135,135,136,137,137,137,137,137,137,137,137,137
84021087,US,USA,840,21087.0,Green,Kentucky,US,37.26484328,-85.5540745,"Green, Kentucky, US",0,0,0,0,0,0,0,0,0,0,0,0,0,0,0,0,0,0,0,0,0,0,0,0,0,0,0,0,0,0,0,0,0,0,0,0,0,0,0,0,0,0,0,0,0,0,0,0,0,0,0,0,0,0,0,0,0,0,0,0,0,0,0,0,0,0,0,0,0,0,0,0,0,0,0,0,0,0,1,1,1,2,2,1,1,1,1,1,1,1,1,1,1,1,1,1,1,1,1,1,1,1,1,1,1,1,1,1,1,1,1,1,1,1,1,1,1,1,1,1,1,1,1,1,1,1,1,1,1,1,1,1,1,1,2,2,2,2,2,2,2,2,2,3,3,3,3,2,3,4,6,6
84021089,US,USA,840,21089.0,Greenup,Kentucky,US,38.54332505,-82.9215658,"Greenup, Kentucky, US",0,0,0,0,0,0,0,0,0,0,0,0,0,0,0,0,0,0,0,0,0,0,0,0,0,0,0,0,0,0,0,0,0,0,0,0,0,0,0,0,0,0,0,0,0,0,0,0,0,0,0,0,0,0,0,0,0,0,0,0,0,0,0,0,0,0,0,0,0,0,0,0,0,1,1,1,2,2,2,2,2,5,5,5,7,11,10,10,10,10,10,10,10,10,11,11,11,11,11,11,11,11,12,12,12,12,12,12,12,12,13,13,13,13,13,13,13,13,13,13,13,13,13,13,13,13,14,14,14,14,14,14,14,14,14,14,14,14,14,14,14,14,14,16,16,16,16,16,16,16,16,19
84021091,US,USA,840,21091.0,Hancock,Kentucky,US,37.83766422,-86.78280584,"Hancock, Kentucky, US",0,0,0,0,0,0,0,0,0,0,0,0,0,0,0,0,0,0,0,0,0,0,0,0,0,0,0,0,0,0,0,0,0,0,0,0,0,0,0,0,0,0,0,0,0,0,0,0,0,0,0,0,0,0,0,0,0,0,0,0,0,0,0,0,0,0,1,1,1,1,1,1,1,1,1,1,1,1,2,2,2,2,2,2,1,6,5,6,6,6,6,6,6,6,6,6,6,6,6,6,6,6,6,6,6,6,6,6,6,6,6,6,6,7,7,7,7,6,6,6,6,6,6,6,6,7,7,7,7,7,7,7,7,7,7,7,7,7,7,7,7,7,9,9,9,9,9,11,11,11,11,11
84021093,US,USA,840,21093.0,Hardin,Kentucky,US,37.6976111,-85.96319251,"Hardin, Kentucky, US",0,0,0,0,0,0,0,0,0,0,0,0,0,0,0,0,0,0,0,0,0,0,0,0,0,0,0,0,0,0,0,0,0,0,0,0,0,0,0,0,0,0,0,0,0,0,0,0,0,0,0,0,0,0,0,0,0,0,1,1,1,2,2,2,2,2,2,5,5,6,6,6,6,9,9,9,9,9,9,9,9,21,21,24,25,27,29,29,29,29,30,32,32,32,34,35,37,37,37,40,44,44,48,49,52,55,56,61,61,61,61,63,63,72,71,73,73,84,85,88,88,90,96,96,96,97,98,99,100,102,102,103,106,109,111,119,120,120,119,122,125,127,133,133,133,133,133,135,135,135,134,134
84021095,US,USA,840,21095.0,Harlan,Kentucky,US,36.85699301,-83.21899516,"Harlan, Kentucky, US",0,0,0,0,0,0,0,0,0,0,0,0,0,0,0,0,0,0,0,0,0,0,0,0,0,0,0,0,0,0,0,0,0,0,0,0,0,0,0,0,0,0,0,0,0,0,0,0,0,0,0,0,0,0,0,0,0,0,0,0,0,0,0,0,0,0,0,0,0,0,0,0,0,0,0,0,0,0,0,0,0,0,0,0,0,0,0,0,0,0,0,0,0,0,0,0,0,0,0,0,0,0,0,0,0,0,1,1,1,1,1,1,1,1,1,1,1,1,1,1,1,1,1,1,1,1,1,1,1,1,1,4,4,4,4,4,4,4,8,8,8,8,8,11,11,13,13,15,15,16,16,17
84021097,US,USA,840,21097.0,Harrison,Kentucky,US,38.44188174,-84.32869741,"Harrison, Kentucky, US",0,0,0,0,0,0,0,0,0,0,0,0,0,0,0,0,0,0,0,0,0,0,0,0,0,0,0,0,0,0,0,0,0,0,0,0,0,0,0,0,0,0,0,0,0,0,0,2,2,5,5,5,6,6,6,6,6,6,7,7,7,8,8,10,10,10,10,11,11,11,11,11,11,11,12,12,12,12,14,14,14,14,14,15,14,14,16,16,16,16,16,17,17,18,18,18,17,17,17,17,17,17,17,18,18,18,18,18,19,19,19,19,19,19,19,19,19,19,19,18,18,18,18,18,18,18,18,18,18,18,18,21,23,23,27,28,28,28,28,28,31,32,32,34,34,34,34,37,53,54,58,59
84021099,US,USA,840,21099.0,Hart,Kentucky,US,37.29943898,-85.88461055,"Hart, Kentucky, US",0,0,0,0,0,0,0,0,0,0,0,0,0,0,0,0,0,0,0,0,0,0,0,0,0,0,0,0,0,0,0,0,0,0,0,0,0,0,0,0,0,0,0,0,0,0,0,0,0,0,0,0,0,0,0,0,0,0,0,0,0,0,0,0,0,0,0,0,0,0,0,0,0,0,0,0,0,0,1,1,1,1,1,1,1,1,1,1,1,2,2,2,2,2,2,2,2,2,3,3,4,4,4,6,8,8,8,8,8,8,8,9,9,16,15,15,15,16,16,18,17,17,20,20,20,21,21,21,21,22,22,24,23,23,23,24,27,27,27,27,26,26,30,30,30,30,30,31,32,33,35,36
84021101,US,USA,840,21101.0,Henderson,Kentucky,US,37.79344553,-87.57392021,"Henderson, Kentucky, US",0,0,0,0,0,0,0,0,0,0,0,0,0,0,0,0,0,0,0,0,0,0,0,0,0,0,0,0,0,0,0,0,0,0,0,0,0,0,0,0,0,0,0,0,0,0,0,0,0,0,0,0,0,0,0,0,0,1,2,2,2,2,2,2,2,2,3,3,3,5,5,5,5,6,6,6,6,6,9,23,23,29,29,23,20,26,25,28,28,33,36,40,40,44,45,45,49,58,58,58,62,62,65,67,73,72,75,75,77,77,80,80,80,83,85,87,87,91,91,91,93,93,95,95,95,99,103,103,106,110,110,111,112,112,117,118,119,119,119,119,120,121,124,129,129,133,133,140,141,143,144,144
84021103,US,USA,840,21103.0,Henry,Kentucky,US,38.44942688,-85.11587507,"Henry, Kentucky, US",0,0,0,0,0,0,0,0,0,0,0,0,0,0,0,0,0,0,0,0,0,0,0,0,0,0,0,0,0,0,0,0,0,0,0,0,0,0,0,0,0,0,0,0,0,0,0,0,0,0,0,0,0,0,0,0,0,0,0,0,0,0,0,0,0,0,0,0,0,0,0,0,0,2,2,2,2,2,3,3,3,4,4,4,3,3,3,3,4,4,4,3,3,3,4,6,6,6,6,6,6,6,8,8,8,8,8,8,9,9,10,10,10,11,12,12,12,12,13,13,13,14,14,14,14,18,19,19,19,22,22,22,22,22,22,23,24,24,24,24,24,24,25,26,26,26,26,27,28,28,28,29
84021105,US,USA,840,21105.0,Hickman,Kentucky,US,36.67948079999999,-88.97875928,"Hickman, Kentucky, US",0,0,0,0,0,0,0,0,0,0,0,0,0,0,0,0,0,0,0,0,0,0,0,0,0,0,0,0,0,0,0,0,0,0,0,0,0,0,0,0,0,0,0,0,0,0,0,0,0,0,0,0,0,0,0,0,0,0,0,0,0,0,0,0,0,0,0,0,0,0,0,0,0,0,0,0,0,0,0,0,0,0,0,0,0,0,0,0,0,0,0,1,2,2,2,1,1,1,1,1,1,1,1,4,5,5,5,5,5,5,5,5,5,5,5,5,5,5,5,5,5,5,5,5,5,5,5,5,5,5,5,5,5,5,5,5,5,5,5,5,5,5,5,5,5,5,5,5,5,5,5,5
84021107,US,USA,840,21107.0,Hopkins,Kentucky,US,37.30939025,-87.54670406,"Hopkins, Kentucky, US",0,0,0,0,0,0,0,0,0,0,0,0,0,0,0,0,0,0,0,0,0,0,0,0,0,0,0,0,0,0,0,0,0,0,0,0,0,0,0,0,0,0,0,0,0,0,0,0,0,0,0,0,0,0,0,0,0,0,0,0,0,0,0,0,0,0,0,11,17,17,17,27,27,33,34,34,36,36,57,57,57,87,87,87,91,97,104,109,111,112,144,150,157,170,174,183,187,191,192,196,201,201,206,203,204,211,212,213,214,214,214,214,214,215,215,215,215,214,215,215,216,218,218,218,218,219,219,221,221,221,221,222,222,224,224,224,224,224,224,224,225,225,225,228,228,229,229,231,230,231,232,233
84021109,US,USA,840,21109.0,Jackson,Kentucky,US,37.41866422,-83.99825483,"Jackson, Kentucky, US",0,0,0,0,0,0,0,0,0,0,0,0,0,0,0,0,0,0,0,0,0,0,0,0,0,0,0,0,0,0,0,0,0,0,0,0,0,0,0,0,0,0,0,0,0,0,0,0,0,0,0,0,0,0,0,0,0,0,0,0,0,0,0,0,0,0,0,0,0,0,0,0,0,0,0,0,0,0,3,3,3,5,5,12,23,37,43,43,55,57,57,57,58,58,58,60,60,59,59,59,59,59,59,59,60,60,60,56,56,56,56,56,56,57,57,57,57,57,57,59,60,60,60,60,60,61,61,61,61,61,61,61,61,61,61,61,61,61,61,61,61,62,63,63,63,63,63,74,81,85,90,90
84021111,US,USA,840,21111.0,Jefferson,Kentucky,US,38.18664655,-85.65931031,"Jefferson, Kentucky, US",0,0,0,0,0,0,0,0,0,0,0,0,0,0,0,0,0,0,0,0,0,0,0,0,0,0,0,0,0,0,0,0,0,0,0,0,0,0,0,0,0,0,0,0,0,0,0,1,1,1,2,2,4,4,6,7,8,8,25,25,25,33,33,35,35,35,103,97,116,206,206,228,228,299,304,304,319,319,380,380,380,495,550,531,573,600,599,689,814,867,925,954,1008,1121,1121,1120,1140,1224,1281,1307,1352,1352,1403,1419,1497,1535,1578,1610,1642,1642,1691,1713,1713,1741,1772,1865,1865,1916,1959,1968,1994,2021,2050,2050,2050,2219,2253,2267,2329,2437,2437,2519,2562,2612,2760,2843,3043,3043,3104,3186,3226,3229,3278,3323,3323,3363,3363,3451,3481,3528,3561,3582
84021113,US,USA,840,21113.0,Jessamine,Kentucky,US,37.87119786,-84.58252003,"Jessamine, Kentucky, US",0,0,0,0,0,0,0,0,0,0,0,0,0,0,0,0,0,0,0,0,0,0,0,0,0,0,0,0,0,0,0,0,0,0,0,0,0,0,0,0,0,0,0,0,0,0,0,0,0,0,0,0,0,0,0,0,0,0,0,0,0,1,1,1,1,1,1,10,11,13,13,13,13,15,16,16,16,16,18,18,18,26,26,28,29,30,31,33,32,32,32,31,31,31,32,34,34,37,40,41,41,40,40,40,40,40,40,41,46,46,47,49,49,50,50,50,50,52,51,51,50,50,51,51,51,55,56,56,57,62,62,65,68,67,67,69,73,73,73,74,80,79,79,82,82,83,83,88,90,95,96,98
84021115,US,USA,840,21115.0,Johnson,Kentucky,US,37.85106355,-82.8264322,"Johnson, Kentucky, US",0,0,0,0,0,0,0,0,0,0,0,0,0,0,0,0,0,0,0,0,0,0,0,0,0,0,0,0,0,0,0,0,0,0,0,0,0,0,0,0,0,0,0,0,0,0,0,0,0,0,0,0,0,0,0,0,0,0,0,0,0,0,0,0,0,0,0,0,0,0,0,0,0,1,1,1,1,1,1,1,1,1,1,1,1,1,1,1,1,1,1,1,1,1,1,2,2,3,3,3,3,3,3,3,3,3,4,4,5,5,5,5,5,5,5,5,5,5,5,5,5,5,5,5,5,5,5,5,5,5,5,5,5,5,5,5,5,5,5,5,5,5,5,6,6,6,6,7,7,8,9,9
84021117,US,USA,840,21117.0,Kenton,Kentucky,US,38.93950319,-84.53241199,"Kenton, Kentucky, US",0,0,0,0,0,0,0,0,0,0,0,0,0,0,0,0,0,0,0,0,0,0,0,0,0,0,0,0,0,0,0,0,0,0,0,0,0,0,0,0,0,0,0,0,0,0,0,0,0,0,0,0,0,0,0,0,0,1,1,1,1,5,5,8,8,8,12,17,19,20,20,25,25,33,33,33,36,36,54,54,54,91,91,99,106,112,121,128,149,156,169,179,214,223,226,227,230,247,248,276,286,286,308,317,340,353,360,372,383,383,401,408,408,432,437,444,444,472,479,486,503,520,527,527,527,537,541,547,566,585,585,608,614,638,653,663,671,671,680,680,681,683,681,690,690,690,690,699,706,709,717,723
84021119,US,USA,840,21119.0,Knott,Kentucky,US,37.35388197,-82.94981134,"Knott, Kentucky, US",0,0,0,0,0,0,0,0,0,0,0,0,0,0,0,0,0,0,0,0,0,0,0,0,0,0,0,0,0,0,0,0,0,0,0,0,0,0,0,0,0,0,0,0,0,0,0,0,0,0,0,0,0,0,0,0,0,0,0,0,0,0,0,0,0,0,0,0,0,0,0,0,0,0,0,0,0,0,0,0,0,1,1,1,1,1,2,3,3,3,3,4,4,3,3,3,3,3,3,4,4,4,4,4,4,4,4,4,4,4,4,4,4,4,4,4,4,4,4,4,4,4,4,4,4,4,4,4,4,4,4,4,4,4,4,4,4,4,4,4,4,4,4,4,4,4,4,4,4,4,4,4
84021121,US,USA,840,21121.0,Knox,Kentucky,US,36.89225732,-83.85403396,"Knox, Kentucky, US",0,0,0,0,0,0,0,0,0,0,0,0,0,0,0,0,0,0,0,0,0,0,0,0,0,0,0,0,0,0,0,0,0,0,0,0,0,0,0,0,0,0,0,0,0,0,0,0,0,0,0,0,0,0,0,0,0,0,0,0,0,0,0,0,0,0,0,0,0,0,0,0,0,0,0,0,0,0,0,0,0,1,1,1,1,3,4,4,5,5,5,5,5,5,5,5,6,6,6,6,6,6,6,6,8,6,6,6,7,7,7,7,7,7,7,8,8,8,8,8,8,8,8,8,8,8,8,8,8,8,8,8,10,10,10,10,10,10,10,10,10,10,10,11,11,11,11,12,12,13,13,13
84021123,US,USA,840,21123.0,Larue,Kentucky,US,37.54567114,-85.70138352,"Larue, Kentucky, US",0,0,0,0,0,0,0,0,0,0,0,0,0,0,0,0,0,0,0,0,0,0,0,0,0,0,0,0,0,0,0,0,0,0,0,0,0,0,0,0,0,0,0,0,0,0,0,0,0,0,0,0,0,0,0,0,0,0,0,0,0,0,0,0,0,0,0,1,1,1,1,1,1,3,3,3,3,3,3,3,3,3,3,3,4,4,5,5,5,5,5,5,5,5,5,5,5,5,5,5,5,5,5,5,5,6,6,6,6,6,6,6,6,6,6,6,6,6,6,6,6,6,7,7,7,7,7,7,7,8,8,8,8,8,9,9,11,11,11,11,11,11,11,11,11,11,11,11,11,11,11,11
84021125,US,USA,840,21125.0,Laurel,Kentucky,US,37.10975748,-84.11321779,"Laurel, Kentucky, US",0,0,0,0,0,0,0,0,0,0,0,0,0,0,0,0,0,0,0,0,0,0,0,0,0,0,0,0,0,0,0,0,0,0,0,0,0,0,0,0,0,0,0,0,0,0,0,0,0,0,0,0,0,0,0,0,0,0,0,0,0,0,1,1,1,1,1,2,2,2,2,2,2,2,2,2,2,2,5,5,5,9,9,9,11,12,13,13,13,13,14,14,13,13,14,14,14,14,15,17,17,17,17,17,19,20,20,21,22,22,21,21,21,21,21,21,21,21,21,21,21,21,21,21,21,21,21,21,21,21,21,21,21,21,21,21,21,21,22,22,22,22,25,29,29,30,30,47,48,52,54,55
84021127,US,USA,840,21127.0,Lawrence,Kentucky,US,38.07136018,-82.72882223,"Lawrence, Kentucky, US",0,0,0,0,0,0,0,0,0,0,0,0,0,0,0,0,0,0,0,0,0,0,0,0,0,0,0,0,0,0,0,0,0,0,0,0,0,0,0,0,0,0,0,0,0,0,0,0,0,0,0,0,0,0,0,0,0,0,0,0,0,0,0,0,0,0,0,0,0,1,1,1,1,1,1,1,1,1,1,1,1,1,1,1,1,1,1,1,1,1,1,1,1,1,1,1,1,1,1,1,1,1,1,1,1,1,1,1,1,1,1,1,1,2,2,1,1,1,1,1,1,1,1,1,1,2,2,2,2,2,2,3,4,4,4,5,5,5,5,5,5,5,5,5,5,5,5,5,5,5,5,5
84021129,US,USA,840,21129.0,Lee,Kentucky,US,37.59645942,-83.71513901,"Lee, Kentucky, US",0,0,0,0,0,0,0,0,0,0,0,0,0,0,0,0,0,0,0,0,0,0,0,0,0,0,0,0,0,0,0,0,0,0,0,0,0,0,0,0,0,0,0,0,0,0,0,0,0,0,0,0,0,0,0,0,0,0,0,0,0,0,0,0,0,0,0,0,0,0,0,0,0,0,0,0,0,0,0,0,0,0,0,0,0,0,0,0,0,0,0,0,0,0,0,0,0,0,0,0,0,0,0,0,0,0,0,0,0,0,0,0,0,0,0,0,0,0,0,0,0,0,0,0,0,0,0,1,1,1,1,1,1,1,1,1,1,1,1,1,1,1,1,1,1,1,1,1,1,1,1,1
84021131,US,USA,840,21131.0,Leslie,Kentucky,US,37.09246661,-83.37999606,"Leslie, Kentucky, US",0,0,0,0,0,0,0,0,0,0,0,0,0,0,0,0,0,0,0,0,0,0,0,0,0,0,0,0,0,0,0,0,0,0,0,0,0,0,0,0,0,0,0,0,0,0,0,0,0,0,0,0,0,0,0,0,0,0,0,0,0,0,0,0,0,0,0,0,0,0,0,0,0,0,0,0,1,1,1,1,1,1,1,1,2,2,2,2,2,2,2,2,2,2,2,2,2,2,2,4,4,4,4,4,4,4,4,5,5,5,5,5,5,6,5,6,6,6,6,6,6,6,6,6,6,6,6,6,6,6,6,6,6,6,6,6,6,6,6,6,6,6,6,6,6,6,6,7,7,7,7,7
84021133,US,USA,840,21133.0,Letcher,Kentucky,US,37.12306748,-82.85346474,"Letcher, Kentucky, US",0,0,0,0,0,0,0,0,0,0,0,0,0,0,0,0,0,0,0,0,0,0,0,0,0,0,0,0,0,0,0,0,0,0,0,0,0,0,0,0,0,0,0,0,0,0,0,0,0,0,0,0,0,0,0,0,0,0,0,0,0,0,0,0,0,0,0,0,0,0,0,0,0,0,0,0,0,0,1,1,1,1,1,1,1,1,1,1,1,1,1,1,1,1,1,2,2,2,2,2,2,2,3,3,3,3,3,3,3,3,3,3,3,5,5,5,5,5,5,4,4,4,4,4,4,4,4,4,4,4,4,4,4,3,3,3,3,3,3,3,3,3,3,3,3,4,4,5,6,6,8,8
84021135,US,USA,840,21135.0,Lewis,Kentucky,US,38.53184419,-83.37735618,"Lewis, Kentucky, US",0,0,0,0,0,0,0,0,0,0,0,0,0,0,0,0,0,0,0,0,0,0,0,0,0,0,0,0,0,0,0,0,0,0,0,0,0,0,0,0,0,0,0,0,0,0,0,0,0,0,0,0,0,0,0,0,0,0,0,0,0,0,0,0,0,0,0,0,0,1,1,1,1,2,2,2,2,2,2,2,2,2,2,2,2,2,2,2,3,3,3,3,3,3,3,3,3,3,3,3,3,3,3,3,3,3,3,5,5,5,6,6,6,8,8,8,8,8,7,7,7,7,7,7,7,7,7,7,7,7,7,7,7,7,7,7,7,7,7,7,8,8,9,13,13,14,14,15,16,16,16,17
84021137,US,USA,840,21137.0,Lincoln,Kentucky,US,37.45475628,-84.6565327,"Lincoln, Kentucky, US",0,0,0,0,0,0,0,0,0,0,0,0,0,0,0,0,0,0,0,0,0,0,0,0,0,0,0,0,0,0,0,0,0,0,0,0,0,0,0,0,0,0,0,0,0,0,0,0,0,0,0,0,0,0,0,0,0,0,0,0,0,0,0,0,0,0,0,0,0,0,0,0,0,0,0,0,0,0,0,0,0,1,1,1,1,3,4,4,4,4,4,4,4,4,4,4,4,5,5,5,5,5,5,5,5,6,6,5,5,5,5,5,5,5,7,7,7,7,7,7,8,8,8,8,8,8,8,8,8,8,8,8,8,8,9,11,11,11,11,14,14,14,15,15,15,15,15,15,15,17,17,18
84021139,US,USA,840,21139.0,Livingston,Kentucky,US,37.21137452,-88.34797529,"Livingston, Kentucky, US",0,0,0,0,0,0,0,0,0,0,0,0,0,0,0,0,0,0,0,0,0,0,0,0,0,0,0,0,0,0,0,0,0,0,0,0,0,0,0,0,0,0,0,0,0,0,0,0,0,0,0,0,0,0,0,0,0,0,0,0,0,0,0,0,0,0,0,0,0,0,0,0,0,0,0,0,0,0,0,0,0,0,0,0,1,1,1,1,1,1,1,1,1,1,1,1,4,4,4,4,5,5,6,6,6,6,6,6,6,6,6,7,7,7,7,7,7,7,7,7,8,8,8,8,8,8,9,9,9,9,9,9,9,9,9,9,9,9,9,9,9,9,9,9,9,9,9,9,8,8,8,8
84021141,US,USA,840,21141.0,Logan,Kentucky,US,36.85949479,-86.877635,"Logan, Kentucky, US",0,0,0,0,0,0,0,0,0,0,0,0,0,0,0,0,0,0,0,0,0,0,0,0,0,0,0,0,0,0,0,0,0,0,0,0,0,0,0,0,0,0,0,0,0,0,0,0,0,0,0,0,0,0,0,0,0,0,0,0,0,0,1,1,1,1,1,2,2,3,3,3,3,4,4,4,4,4,5,5,5,5,5,5,10,9,8,8,8,8,8,8,8,8,8,8,8,8,8,10,11,11,13,14,15,15,24,35,46,46,57,69,69,77,80,87,87,92,94,101,108,113,115,115,115,125,125,128,139,145,145,150,152,155,158,164,168,168,170,173,176,178,187,195,195,199,199,201,201,201,202,202
84021143,US,USA,840,21143.0,Lyon,Kentucky,US,37.02080035,-88.07886257,"Lyon, Kentucky, US",0,0,0,0,0,0,0,0,0,0,0,0,0,0,0,0,0,0,0,0,0,0,0,0,0,0,0,0,0,0,0,0,0,0,0,0,0,0,0,0,0,0,0,0,0,0,0,0,0,0,0,0,0,0,0,1,1,1,1,1,1,1,1,1,1,1,1,1,1,1,1,1,1,4,4,4,4,4,6,6,6,12,12,12,13,13,13,13,13,13,14,14,14,14,14,14,14,13,13,13,13,13,13,13,13,13,13,14,14,14,14,14,14,14,14,14,14,14,14,14,14,14,14,14,14,14,14,14,14,15,15,15,15,15,15,15,17,17,17,17,17,17,17,18,18,18,18,18,18,18,18,18
84021145,US,USA,840,21145.0,McCracken,Kentucky,US,37.05350953,-88.70445755,"McCracken, Kentucky, US",0,0,0,0,0,0,0,0,0,0,0,0,0,0,0,0,0,0,0,0,0,0,0,0,0,0,0,0,0,0,0,0,0,0,0,0,0,0,0,0,0,0,0,0,0,0,0,0,0,0,0,0,0,0,0,0,0,0,0,0,0,0,1,2,2,2,2,3,5,8,8,8,8,10,13,13,13,13,16,16,16,21,21,23,24,28,27,29,29,29,30,30,30,31,34,43,44,48,48,55,58,58,59,62,63,65,68,68,69,69,72,73,73,76,80,81,81,85,85,85,85,85,87,87,87,89,89,95,95,95,95,97,97,99,107,111,112,112,112,113,113,113,116,117,117,123,123,126,129,134,134,143
84021147,US,USA,840,21147.0,McCreary,Kentucky,US,36.73874143,-84.48102924,"McCreary, Kentucky, US",0,0,0,0,0,0,0,0,0,0,0,0,0,0,0,0,0,0,0,0,0,0,0,0,0,0,0,0,0,0,0,0,0,0,0,0,0,0,0,0,0,0,0,0,0,0,0,0,0,0,0,0,0,0,0,0,0,0,0,0,0,0,0,0,0,0,0,1,1,1,1,1,1,1,1,1,1,1,3,3,3,8,8,7,9,9,9,9,10,10,10,11,11,11,11,11,11,11,11,11,11,11,11,11,11,11,11,11,12,12,13,13,13,13,13,13,13,13,13,13,13,13,13,13,13,13,13,13,13,13,13,13,13,13,13,13,13,13,13,13,13,13,13,13,13,13,13,13,13,13,13,14
84021149,US,USA,840,21149.0,McLean,Kentucky,US,37.5301951,-87.26803443,"McLean, Kentucky, US",0,0,0,0,0,0,0,0,0,0,0,0,0,0,0,0,0,0,0,0,0,0,0,0,0,0,0,0,0,0,0,0,0,0,0,0,0,0,0,0,0,0,0,0,0,0,0,0,0,0,0,0,0,0,0,0,0,0,0,0,0,0,0,0,0,0,1,1,1,1,1,1,1,1,1,1,1,1,2,5,5,7,7,6,6,7,7,7,8,8,8,9,9,10,11,12,12,12,13,15,15,15,16,16,16,16,16,16,16,16,17,17,17,18,18,19,19,18,18,18,19,19,19,19,19,21,22,22,22,22,22,22,22,22,22,22,22,22,22,22,23,23,23,23,23,23,23,24,24,24,24,24
84021151,US,USA,840,21151.0,Madison,Kentucky,US,37.71659336,-84.27220275,"Madison, Kentucky, US",0,0,0,0,0,0,0,0,0,0,0,0,0,0,0,0,0,0,0,0,0,0,0,0,0,0,0,0,0,0,0,0,0,0,0,0,0,0,0,0,0,0,0,0,0,0,0,0,0,0,0,0,0,0,0,0,0,0,0,0,0,2,2,2,2,2,2,7,8,10,10,10,10,11,11,11,12,12,14,14,14,18,18,20,21,21,21,21,21,21,21,23,23,26,27,29,29,29,29,28,29,29,29,30,31,31,33,33,34,34,34,35,35,41,42,43,43,49,50,45,45,45,45,45,45,47,47,47,50,55,55,55,55,54,57,57,59,59,61,70,70,71,72,76,76,77,77,82,86,91,94,94
84021153,US,USA,840,21153.0,Magoffin,Kentucky,US,37.70820545,-83.0657714,"Magoffin, Kentucky, US",0,0,0,0,0,0,0,0,0,0,0,0,0,0,0,0,0,0,0,0,0,0,0,0,0,0,0,0,0,0,0,0,0,0,0,0,0,0,0,0,0,0,0,0,0,0,0,0,0,0,0,0,0,0,0,0,0,0,0,0,0,0,0,0,0,0,0,0,0,0,0,0,0,0,0,0,0,0,0,0,0,0,0,0,0,0,0,0,0,0,0,0,0,0,0,0,0,0,0,0,0,0,0,0,0,0,0,0,0,0,0,0,0,0,0,1,1,1,1,1,1,1,2,2,2,2,2,2,2,2,2,2,2,2,2,2,2,2,2,2,2,2,4,4,4,4,4,4,4,5,5,5
84021155,US,USA,840,21155.0,Marion,Kentucky,US,37.55218078,-85.26898542,"Marion, Kentucky, US",0,0,0,0,0,0,0,0,0,0,0,0,0,0,0,0,0,0,0,0,0,0,0,0,0,0,0,0,0,0,0,0,0,0,0,0,0,0,0,0,0,0,0,0,0,0,0,0,0,0,0,0,0,0,0,0,0,0,0,0,0,0,0,0,0,0,0,0,0,1,1,1,1,3,3,3,3,3,4,4,4,11,11,10,11,12,13,13,13,13,13,13,13,13,14,15,16,16,16,16,17,17,17,17,17,17,17,17,17,17,17,17,17,17,17,17,17,17,17,17,17,18,18,18,18,18,19,20,20,21,21,21,24,25,27,31,34,34,34,36,37,38,41,42,42,42,42,43,45,45,46,46
84021157,US,USA,840,21157.0,Marshall,Kentucky,US,36.88007070000001,-88.32803576,"Marshall, Kentucky, US",0,0,0,0,0,0,0,0,0,0,0,0,0,0,0,0,0,0,0,0,0,0,0,0,0,0,0,0,0,0,0,0,0,0,0,0,0,0,0,0,0,0,0,0,0,0,0,0,0,0,0,0,0,0,0,0,0,0,0,0,0,0,0,0,0,0,0,0,0,1,1,1,1,2,3,3,5,5,8,8,8,11,11,11,12,12,12,12,12,14,16,20,23,23,27,31,33,34,34,34,34,34,34,33,33,33,33,33,34,34,34,34,34,34,35,35,35,36,36,36,36,37,37,37,37,37,37,37,38,38,38,38,38,37,37,37,37,37,37,37,37,40,41,41,41,44,44,47,48,50,50,50
84021159,US,USA,840,21159.0,Martin,Kentucky,US,37.79990579,-82.51247478,"Martin, Kentucky, US",0,0,0,0,0,0,0,0,0,0,0,0,0,0,0,0,0,0,0,0,0,0,0,0,0,0,0,0,0,0,0,0,0,0,0,0,0,0,0,0,0,0,0,0,0,0,0,0,0,0,0,0,0,0,0,0,0,0,0,0,0,1,1,1,1,1,1,2,2,1,1,1,1,1,1,1,1,1,1,1,1,4,4,1,1,2,2,2,2,2,3,3,3,3,3,3,3,3,3,3,3,3,3,3,3,3,3,3,3,3,3,3,3,3,3,3,3,3,3,3,3,3,3,3,3,3,3,3,3,3,3,3,3,3,3,3,3,3,3,3,3,3,3,3,3,3,3,3,3,3,3,4
84021161,US,USA,840,21161.0,Mason,Kentucky,US,38.59471935,-83.82151043,"Mason, Kentucky, US",0,0,0,0,0,0,0,0,0,0,0,0,0,0,0,0,0,0,0,0,0,0,0,0,0,0,0,0,0,0,0,0,0,0,0,0,0,0,0,0,0,0,0,0,0,0,0,0,0,0,0,0,0,0,0,0,0,0,0,0,0,0,0,0,0,0,0,1,1,1,1,1,1,2,2,2,2,2,3,3,3,5,5,5,6,6,6,6,6,6,6,6,6,6,6,6,6,6,6,6,6,6,6,6,6,6,6,6,7,7,7,7,7,8,8,8,8,8,8,8,8,8,8,8,8,8,8,9,9,9,9,9,9,10,10,12,12,12,13,13,15,15,16,16,16,16,16,17,18,18,24,24
84021163,US,USA,840,21163.0,Meade,Kentucky,US,37.96163597,-86.21028219,"Meade, Kentucky, US",0,0,0,0,0,0,0,0,0,0,0,0,0,0,0,0,0,0,0,0,0,0,0,0,0,0,0,0,0,0,0,0,0,0,0,0,0,0,0,0,0,0,0,0,0,0,0,0,0,0,0,0,0,0,0,0,0,0,0,0,0,0,0,0,0,0,0,0,0,0,0,0,0,2,2,2,2,2,2,2,2,2,2,2,2,2,2,2,3,3,3,3,3,4,6,7,9,11,11,12,12,12,14,15,15,17,17,18,18,18,18,18,18,18,18,20,20,20,20,20,20,21,21,21,21,21,21,21,21,22,22,22,22,22,23,23,23,23,23,23,23,23,23,24,24,24,24,24,24,24,24,24
84021165,US,USA,840,21165.0,Menifee,Kentucky,US,37.94090733,-83.59985712,"Menifee, Kentucky, US",0,0,0,0,0,0,0,0,0,0,0,0,0,0,0,0,0,0,0,0,0,0,0,0,0,0,0,0,0,0,0,0,0,0,0,0,0,0,0,0,0,0,0,0,0,0,0,0,0,0,0,0,0,0,0,0,0,0,0,0,0,1,1,1,1,1,1,2,2,2,2,2,2,3,3,3,3,3,3,3,3,3,3,3,3,3,3,3,3,3,3,3,3,3,3,3,3,3,3,3,3,3,3,3,3,3,3,3,3,3,3,3,3,3,3,3,3,4,4,6,6,8,8,8,8,8,10,10,10,10,10,10,10,10,10,10,10,10,10,10,10,10,10,10,10,10,10,10,10,10,10,10
84021167,US,USA,840,21167.0,Mercer,Kentucky,US,37.81474237,-84.87488475,"Mercer, Kentucky, US",0,0,0,0,0,0,0,0,0,0,0,0,0,0,0,0,0,0,0,0,0,0,0,0,0,0,0,0,0,0,0,0,0,0,0,0,0,0,0,0,0,0,0,0,0,0,0,0,0,0,0,0,0,0,0,0,0,0,0,0,0,0,0,0,0,0,0,2,2,2,2,2,2,3,4,4,4,4,4,4,4,9,9,9,9,9,9,9,9,9,10,11,11,11,11,11,11,11,11,11,11,11,11,11,11,10,10,11,11,11,11,12,12,12,12,12,12,12,12,12,12,12,12,12,12,13,13,13,13,13,13,13,14,14,14,15,15,15,15,15,15,16,16,16,16,16,16,16,17,17,17,17
84021169,US,USA,840,21169.0,Metcalfe,Kentucky,US,36.99459295,-85.63123699,"Metcalfe, Kentucky, US",0,0,0,0,0,0,0,0,0,0,0,0,0,0,0,0,0,0,0,0,0,0,0,0,0,0,0,0,0,0,0,0,0,0,0,0,0,0,0,0,0,0,0,0,0,0,0,0,0,0,0,0,0,0,0,0,0,0,0,0,0,0,0,0,0,0,0,0,0,0,0,0,0,0,0,0,0,0,0,0,0,0,0,0,0,0,0,0,0,0,0,0,0,0,0,0,0,0,1,1,1,1,1,1,1,1,2,2,2,2,2,3,3,3,3,3,3,3,3,3,4,4,4,4,4,4,4,4,6,6,6,6,6,7,7,7,7,7,7,7,7,7,7,7,7,8,8,8,8,8,8,8
84021171,US,USA,840,21171.0,Monroe,Kentucky,US,36.71225341,-85.71596443,"Monroe, Kentucky, US",0,0,0,0,0,0,0,0,0,0,0,0,0,0,0,0,0,0,0,0,0,0,0,0,0,0,0,0,0,0,0,0,0,0,0,0,0,0,0,0,0,0,0,0,0,0,0,0,0,0,0,0,0,0,0,0,0,0,0,0,0,0,0,0,0,0,0,0,0,0,0,0,0,0,0,0,0,0,2,2,2,2,2,2,3,3,3,3,3,3,3,3,3,3,3,4,4,4,5,5,5,5,6,6,6,6,6,6,6,6,6,6,6,6,6,6,6,6,6,6,7,7,14,14,14,15,16,16,16,17,17,20,21,21,25,25,25,25,27,27,27,27,27,29,29,31,31,31,32,32,32,34
84021173,US,USA,840,21173.0,Montgomery,Kentucky,US,38.03253032,-83.9145241,"Montgomery, Kentucky, US",0,0,0,0,0,0,0,0,0,0,0,0,0,0,0,0,0,0,0,0,0,0,0,0,0,0,0,0,0,0,0,0,0,0,0,0,0,0,0,0,0,0,0,0,0,0,0,0,0,0,0,2,2,2,1,2,2,2,2,2,2,2,2,2,2,2,2,2,2,2,2,2,2,5,5,5,6,6,7,7,7,8,8,8,8,9,9,9,9,9,9,9,9,10,10,10,10,11,11,11,12,12,12,11,11,11,11,11,11,11,11,13,13,16,16,16,16,16,16,17,17,17,21,21,21,22,22,23,23,24,24,25,25,25,25,25,30,30,30,30,31,31,33,37,37,37,37,40,41,41,44,45
84021175,US,USA,840,21175.0,Morgan,Kentucky,US,37.92465657,-83.25558245,"Morgan, Kentucky, US",0,0,0,0,0,0,0,0,0,0,0,0,0,0,0,0,0,0,0,0,0,0,0,0,0,0,0,0,0,0,0,0,0,0,0,0,0,0,0,0,0,0,0,0,0,0,0,0,0,0,0,0,0,0,0,0,0,0,0,0,0,0,0,0,0,0,0,0,0,0,0,0,0,0,0,0,0,0,0,0,0,0,0,1,1,1,1,1,1,1,1,1,1,1,1,1,1,1,1,1,1,1,1,1,1,1,1,1,1,1,1,1,1,1,1,1,1,1,1,1,1,1,1,1,1,1,1,1,1,1,1,1,1,3,3,3,3,3,3,4,4,4,6,6,6,6,6,7,7,7,7,7
84021177,US,USA,840,21177.0,Muhlenberg,Kentucky,US,37.21425819,-87.14632053,"Muhlenberg, Kentucky, US",0,0,0,0,0,0,0,0,0,0,0,0,0,0,0,0,0,0,0,0,0,0,0,0,0,0,0,0,0,0,0,0,0,0,0,0,0,0,0,0,0,0,0,0,0,0,0,0,0,0,0,0,0,0,0,0,0,0,0,0,0,2,2,2,2,2,2,4,7,10,10,10,10,0,0,0,27,27,26,26,26,28,28,45,47,55,54,58,75,76,76,74,72,91,96,111,111,114,116,123,125,125,132,132,442,446,446,452,453,453,457,457,457,457,464,465,465,470,468,468,468,468,471,471,471,474,475,482,482,483,483,484,484,479,479,480,485,485,486,486,484,484,482,481,481,482,482,482,482,491,492,492
84021179,US,USA,840,21179.0,Nelson,Kentucky,US,37.80335779,-85.4657193,"Nelson, Kentucky, US",0,0,0,0,0,0,0,0,0,0,0,0,0,0,0,0,0,0,0,0,0,0,0,0,0,0,0,0,0,0,0,0,0,0,0,0,0,0,0,0,0,0,0,0,0,0,0,0,0,0,0,0,1,1,1,1,1,1,1,1,1,1,1,1,1,1,1,2,3,3,3,3,3,4,4,4,4,4,7,7,7,10,10,13,13,14,13,13,13,13,13,14,14,17,17,19,19,20,21,22,23,23,24,24,24,24,28,29,30,30,31,31,31,32,32,32,32,33,34,34,35,36,35,35,35,36,38,38,41,41,41,41,42,44,44,44,45,45,45,45,47,47,47,48,48,48,48,49,50,50,53,53
84021181,US,USA,840,21181.0,Nicholas,Kentucky,US,38.33342292,-84.01889177,"Nicholas, Kentucky, US",0,0,0,0,0,0,0,0,0,0,0,0,0,0,0,0,0,0,0,0,0,0,0,0,0,0,0,0,0,0,0,0,0,0,0,0,0,0,0,0,0,0,0,0,0,0,0,0,0,0,0,0,0,0,0,0,0,0,0,0,0,0,0,0,0,0,0,1,1,1,1,1,1,1,1,1,1,1,1,1,1,1,1,1,1,1,1,1,1,1,1,1,1,1,1,1,1,1,1,1,1,1,1,1,1,1,1,1,1,1,1,1,1,1,1,1,1,1,1,1,1,1,1,1,1,1,3,3,3,3,3,3,3,3,3,4,4,4,4,4,4,4,4,4,4,4,4,4,4,5,5,5
84021183,US,USA,840,21183.0,Ohio,Kentucky,US,37.47751843,-86.85368087,"Ohio, Kentucky, US",0,0,0,0,0,0,0,0,0,0,0,0,0,0,0,0,0,0,0,0,0,0,0,0,0,0,0,0,0,0,0,0,0,0,0,0,0,0,0,0,0,0,0,0,0,0,0,0,0,0,0,0,0,0,0,0,0,0,0,0,0,0,0,0,0,0,0,0,0,0,0,0,0,1,1,1,1,1,4,8,8,8,8,8,7,9,9,13,17,17,17,25,26,34,38,38,38,40,40,39,49,49,51,53,62,62,65,65,68,68,72,73,73,85,108,113,113,116,117,117,117,117,120,120,120,128,138,141,141,144,144,148,148,148,150,151,151,151,155,154,157,158,162,162,162,164,164,168,168,171,171,171
84021185,US,USA,840,21185.0,Oldham,Kentucky,US,38.39791089,-85.448222,"Oldham, Kentucky, US",0,0,0,0,0,0,0,0,0,0,0,0,0,0,0,0,0,0,0,0,0,0,0,0,0,0,0,0,0,0,0,0,0,0,0,0,0,0,0,0,0,0,0,0,0,0,0,0,0,0,0,0,0,0,0,0,0,0,1,1,1,1,1,1,1,1,1,3,3,6,6,6,6,6,7,7,8,8,11,11,11,16,16,18,19,22,23,23,22,22,24,24,24,24,24,27,27,28,29,29,32,32,33,33,36,35,36,37,38,38,37,41,41,50,50,55,55,54,57,59,60,60,60,60,60,65,70,72,74,83,83,99,100,103,105,109,109,109,111,112,113,113,112,113,113,113,113,114,114,116,116,117
84021187,US,USA,840,21187.0,Owen,Kentucky,US,38.51679143,-84.82404619,"Owen, Kentucky, US",0,0,0,0,0,0,0,0,0,0,0,0,0,0,0,0,0,0,0,0,0,0,0,0,0,0,0,0,0,0,0,0,0,0,0,0,0,0,0,0,0,0,0,0,0,0,0,0,0,0,0,0,0,0,0,0,0,0,0,0,0,0,0,0,0,0,0,0,0,0,0,0,0,0,0,0,0,0,0,0,0,0,0,0,0,0,0,0,0,0,0,0,0,0,0,0,0,1,1,1,1,1,1,1,1,1,1,1,1,1,1,1,1,1,1,1,1,2,1,1,1,1,1,1,1,1,1,2,2,2,2,3,3,3,3,3,3,3,3,4,4,4,4,4,4,4,4,5,5,5,5,5
84021189,US,USA,840,21189.0,Owsley,Kentucky,US,37.42823949,-83.68811419,"Owsley, Kentucky, US",0,0,0,0,0,0,0,0,0,0,0,0,0,0,0,0,0,0,0,0,0,0,0,0,0,0,0,0,0,0,0,0,0,0,0,0,0,0,0,0,0,0,0,0,0,0,0,0,0,0,0,0,0,0,0,0,0,0,0,0,0,0,0,0,0,0,0,0,0,0,0,0,0,0,0,0,0,0,0,0,0,0,0,2,2,2,2,2,2,2,2,2,2,3,3,3,2,2,2,2,2,2,2,2,2,2,2,2,2,2,2,2,2,2,2,2,2,2,2,2,2,2,2,2,2,2,2,2,2,2,2,2,2,2,2,2,2,2,2,2,2,2,2,2,2,2,2,2,2,2,2,2
84021191,US,USA,840,21191.0,Pendleton,Kentucky,US,38.69607718,-84.35599463,"Pendleton, Kentucky, US",0,0,0,0,0,0,0,0,0,0,0,0,0,0,0,0,0,0,0,0,0,0,0,0,0,0,0,0,0,0,0,0,0,0,0,0,0,0,0,0,0,0,0,0,0,0,0,0,0,0,0,0,0,0,0,0,0,0,0,0,0,0,0,0,0,0,0,0,0,1,1,1,1,1,2,2,2,2,3,3,3,3,3,3,3,5,5,5,5,5,5,5,5,5,5,5,6,6,6,6,6,5,5,5,5,5,5,5,5,5,6,6,6,6,6,6,6,6,6,6,7,7,7,7,7,7,8,8,8,9,9,10,11,11,11,14,14,14,14,14,14,14,14,14,14,14,14,14,14,14,14,14
84021193,US,USA,840,21193.0,Perry,Kentucky,US,37.25023553,-83.22922731,"Perry, Kentucky, US",0,0,0,0,0,0,0,0,0,0,0,0,0,0,0,0,0,0,0,0,0,0,0,0,0,0,0,0,0,0,0,0,0,0,0,0,0,0,0,0,0,0,0,0,0,0,0,0,0,0,0,0,0,0,0,0,0,0,0,0,0,0,0,0,0,0,0,0,0,0,0,0,0,3,3,3,3,3,3,3,3,3,3,4,4,4,4,4,4,4,5,5,3,3,6,6,6,6,6,12,13,13,14,14,14,14,14,14,14,14,16,16,16,18,19,19,19,20,20,19,19,19,19,19,19,19,19,19,19,19,19,19,21,22,22,22,22,22,22,22,22,22,23,23,23,24,24,25,25,38,39,41
84021195,US,USA,840,21195.0,Pike,Kentucky,US,37.47088263,-82.39487445,"Pike, Kentucky, US",0,0,0,0,0,0,0,0,0,0,0,0,0,0,0,0,0,0,0,0,0,0,0,0,0,0,0,0,0,0,0,0,0,0,0,0,0,0,0,0,0,0,0,0,0,0,0,0,0,0,0,0,0,0,0,0,0,0,0,0,0,0,0,0,0,0,0,0,0,0,0,0,0,1,1,1,1,1,1,1,1,4,4,5,5,6,6,6,6,6,6,6,6,8,8,9,9,11,11,11,13,13,13,13,13,14,15,15,15,15,15,18,18,22,23,28,28,28,28,28,28,28,28,28,28,28,28,28,29,29,29,30,30,30,32,34,36,36,36,38,38,38,38,47,47,48,48,53,54,59,62,63
84021197,US,USA,840,21197.0,Powell,Kentucky,US,37.83218794,-83.82553961,"Powell, Kentucky, US",0,0,0,0,0,0,0,0,0,0,0,0,0,0,0,0,0,0,0,0,0,0,0,0,0,0,0,0,0,0,0,0,0,0,0,0,0,0,0,0,0,0,0,0,0,0,0,0,0,0,0,0,0,0,0,0,0,0,0,0,0,0,0,0,0,0,0,0,0,1,1,1,1,1,1,1,1,1,1,1,1,2,2,1,1,1,1,1,1,1,1,1,1,1,1,1,1,1,1,1,1,1,1,1,1,1,1,1,1,1,1,1,1,1,1,1,1,1,1,1,1,1,1,1,1,1,1,1,1,1,1,1,1,1,1,1,1,1,1,2,3,3,4,4,4,5,5,5,5,5,5,5
84021199,US,USA,840,21199.0,Pulaski,Kentucky,US,37.10466131,-84.57629079,"Pulaski, Kentucky, US",0,0,0,0,0,0,0,0,0,0,0,0,0,0,0,0,0,0,0,0,0,0,0,0,0,0,0,0,0,0,0,0,0,0,0,0,0,0,0,0,0,0,0,0,0,0,0,0,0,0,0,0,0,0,0,0,0,0,2,2,2,3,3,3,3,3,3,7,7,8,8,8,8,12,13,13,13,13,26,26,26,33,33,31,31,33,34,35,35,35,36,38,38,39,41,41,41,43,43,43,43,43,43,43,43,43,43,43,43,43,44,45,45,47,47,49,49,50,50,50,51,53,55,55,55,54,56,56,56,58,58,58,61,61,60,64,65,65,65,65,66,68,71,71,71,72,72,73,74,74,75,77
84021201,US,USA,840,21201.0,Robertson,Kentucky,US,38.51923469,-84.05055616,"Robertson, Kentucky, US",0,0,0,0,0,0,0,0,0,0,0,0,0,0,0,0,0,0,0,0,0,0,0,0,0,0,0,0,0,0,0,0,0,0,0,0,0,0,0,0,0,0,0,0,0,0,0,0,0,0,0,0,0,0,0,0,0,0,0,0,0,0,0,0,0,0,0,0,0,0,0,0,0,0,0,0,0,0,0,0,0,0,0,0,0,0,0,0,0,0,0,0,0,0,0,0,0,0,0,0,0,0,0,0,0,0,0,0,0,0,0,0,0,0,0,0,0,0,0,0,0,0,0,0,0,0,0,0,0,0,0,0,0,0,0,0,0,0,0,0,0,0,0,0,0,0,0,0,0,0,0,0
84021203,US,USA,840,21203.0,Rockcastle,Kentucky,US,37.36642393,-84.31176452,"Rockcastle, Kentucky, US",0,0,0,0,0,0,0,0,0,0,0,0,0,0,0,0,0,0,0,0,0,0,0,0,0,0,0,0,0,0,0,0,0,0,0,0,0,0,0,0,0,0,0,0,0,0,0,0,0,0,0,0,0,0,0,0,0,0,0,0,0,0,0,0,0,0,0,0,0,1,1,1,1,1,2,2,4,4,6,6,6,8,8,9,9,11,11,11,11,11,11,11,11,11,11,11,11,11,11,11,11,10,10,11,12,13,13,13,13,13,13,13,13,12,12,12,12,12,12,13,13,13,13,13,13,13,13,13,13,13,13,13,13,13,13,13,13,13,13,13,13,13,14,14,14,14,14,15,16,16,16,17
84021205,US,USA,840,21205.0,Rowan,Kentucky,US,38.19484205,-83.42088935,"Rowan, Kentucky, US",0,0,0,0,0,0,0,0,0,0,0,0,0,0,0,0,0,0,0,0,0,0,0,0,0,0,0,0,0,0,0,0,0,0,0,0,0,0,0,0,0,0,0,0,0,0,0,0,0,0,0,0,0,0,0,0,0,0,0,0,0,0,0,0,0,0,0,0,0,0,0,0,0,0,0,0,0,0,0,0,0,1,1,1,1,1,2,2,1,1,2,2,2,2,2,2,2,2,2,2,2,2,2,2,2,2,2,3,3,3,6,6,6,6,6,6,6,6,6,7,7,7,7,7,7,7,7,7,7,7,7,7,7,7,7,7,8,8,8,11,11,11,13,13,13,15,15,15,15,17,17,17
84021207,US,USA,840,21207.0,Russell,Kentucky,US,36.99308373,-85.06070117,"Russell, Kentucky, US",0,0,0,0,0,0,0,0,0,0,0,0,0,0,0,0,0,0,0,0,0,0,0,0,0,0,0,0,0,0,0,0,0,0,0,0,0,0,0,0,0,0,0,0,0,0,0,0,0,0,0,0,0,0,0,0,0,0,0,0,0,0,0,0,0,0,0,0,0,0,0,0,0,1,1,1,1,1,4,4,4,8,8,7,8,12,11,12,15,15,16,16,16,16,16,16,16,16,16,16,16,16,16,16,17,17,17,18,18,18,18,18,18,19,19,23,23,22,22,22,22,22,22,22,22,22,23,23,23,24,24,24,24,25,26,30,30,30,30,32,36,36,37,37,37,38,38,38,38,38,38,38
84021209,US,USA,840,21209.0,Scott,Kentucky,US,38.29622293,-84.5816631,"Scott, Kentucky, US",0,0,0,0,0,0,0,0,0,0,0,0,0,0,0,0,0,0,0,0,0,0,0,0,0,0,0,0,0,0,0,0,0,0,0,0,0,0,0,0,0,0,0,0,0,0,0,0,0,0,0,0,0,0,0,0,0,0,0,0,0,0,1,1,1,1,1,5,6,6,6,6,6,12,14,14,14,14,15,15,15,22,22,26,21,21,22,23,23,22,22,22,22,23,23,25,24,24,24,24,24,24,24,24,25,24,32,32,32,32,32,33,33,33,34,34,34,33,33,34,34,34,34,34,34,35,35,35,35,35,35,35,35,35,37,37,37,37,38,38,39,39,40,41,41,43,43,45,57,60,66,67
84021211,US,USA,840,21211.0,Shelby,Kentucky,US,38.21476019,-85.194223,"Shelby, Kentucky, US",0,0,0,0,0,0,0,0,0,0,0,0,0,0,0,0,0,0,0,0,0,0,0,0,0,0,0,0,0,0,0,0,0,0,0,0,0,0,0,0,0,0,0,0,0,0,0,0,0,0,0,0,0,0,0,0,0,0,0,0,0,0,0,0,0,0,0,1,1,2,2,2,2,7,7,7,8,8,11,11,11,18,18,18,19,21,22,23,23,22,24,23,23,26,26,28,28,28,28,30,30,30,32,31,33,34,35,44,49,49,52,54,54,54,65,75,75,76,78,82,84,89,92,92,92,132,138,140,156,164,164,175,178,184,184,214,216,216,219,233,233,233,256,268,268,277,277,281,314,347,358,361
84021213,US,USA,840,21213.0,Simpson,Kentucky,US,36.74058474,-86.58047435,"Simpson, Kentucky, US",0,0,0,0,0,0,0,0,0,0,0,0,0,0,0,0,0,0,0,0,0,0,0,0,0,0,0,0,0,0,0,0,0,0,0,0,0,0,0,0,0,0,0,0,0,0,0,0,0,0,0,0,0,0,0,0,0,0,0,0,0,0,1,1,1,1,1,2,4,9,9,9,9,13,13,13,13,13,14,14,14,17,17,16,17,19,20,21,21,21,22,22,22,22,23,24,24,24,27,27,28,28,29,28,31,31,32,32,32,32,32,32,32,35,35,37,37,38,39,43,43,44,44,44,44,49,49,49,51,52,52,54,54,55,55,55,54,54,54,56,58,57,57,59,59,59,59,60,61,62,62,62
84021215,US,USA,840,21215.0,Spencer,Kentucky,US,38.03223971,-85.32749335,"Spencer, Kentucky, US",0,0,0,0,0,0,0,0,0,0,0,0,0,0,0,0,0,0,0,0,0,0,0,0,0,0,0,0,0,0,0,0,0,0,0,0,0,0,0,0,0,0,0,0,0,0,0,0,0,0,0,0,0,0,0,0,0,0,0,0,0,1,1,1,1,1,1,2,2,2,2,2,2,2,2,2,2,2,3,3,3,6,6,6,9,8,8,8,9,9,9,9,9,9,10,10,10,10,12,13,13,13,13,14,15,16,16,16,16,16,17,16,16,16,16,16,16,16,16,16,16,16,16,16,16,17,17,19,19,22,22,22,22,24,24,24,25,25,25,25,25,25,25,26,26,26,26,26,28,28,29,29
84021217,US,USA,840,21217.0,Taylor,Kentucky,US,37.3677562,-85.3329931,"Taylor, Kentucky, US",0,0,0,0,0,0,0,0,0,0,0,0,0,0,0,0,0,0,0,0,0,0,0,0,0,0,0,0,0,0,0,0,0,0,0,0,0,0,0,0,0,0,0,0,0,0,0,0,0,0,0,0,0,0,0,0,0,0,0,0,0,0,0,0,0,0,0,0,0,2,2,2,2,2,2,2,2,2,3,3,3,3,3,4,4,4,4,5,5,4,4,4,4,5,6,6,6,8,8,8,8,8,8,8,8,8,9,9,9,9,9,9,9,9,9,9,9,9,9,9,10,10,11,11,11,11,11,11,11,11,11,11,12,13,13,13,13,13,14,15,15,15,16,16,16,17,17,21,25,25,29,29
84021219,US,USA,840,21219.0,Todd,Kentucky,US,36.8381152,-87.17878374,"Todd, Kentucky, US",0,0,0,0,0,0,0,0,0,0,0,0,0,0,0,0,0,0,0,0,0,0,0,0,0,0,0,0,0,0,0,0,0,0,0,0,0,0,0,0,0,0,0,0,0,0,0,0,0,0,0,0,0,0,0,0,0,0,0,0,0,0,0,0,0,0,0,0,0,0,0,0,0,0,0,0,0,0,3,3,3,6,6,7,8,10,9,11,9,9,9,9,9,10,10,11,11,12,12,12,12,12,12,12,13,13,13,13,14,14,15,15,15,15,17,17,17,17,17,17,16,16,16,16,16,17,17,17,17,17,17,17,17,18,23,23,23,23,23,23,23,23,23,23,23,23,23,23,23,23,23,23
84021221,US,USA,840,21221.0,Trigg,Kentucky,US,36.80767017,-87.87333656,"Trigg, Kentucky, US",0,0,0,0,0,0,0,0,0,0,0,0,0,0,0,0,0,0,0,0,0,0,0,0,0,0,0,0,0,0,0,0,0,0,0,0,0,0,0,0,0,0,0,0,0,0,0,0,0,0,0,0,0,0,0,0,0,0,0,0,0,0,0,0,0,0,0,0,0,0,0,0,0,0,0,0,0,0,0,0,0,0,0,4,4,4,4,4,4,4,4,4,4,4,5,5,5,8,9,9,9,9,9,9,9,9,9,9,9,9,9,9,9,9,9,9,9,9,9,9,9,9,9,9,9,9,10,10,10,10,10,10,10,10,11,11,11,11,11,12,13,14,16,17,17,17,17,17,18,20,22,22
84021223,US,USA,840,21223.0,Trimble,Kentucky,US,38.61056487,-85.33775972,"Trimble, Kentucky, US",0,0,0,0,0,0,0,0,0,0,0,0,0,0,0,0,0,0,0,0,0,0,0,0,0,0,0,0,0,0,0,0,0,0,0,0,0,0,0,0,0,0,0,0,0,0,0,0,0,0,0,0,0,0,0,0,0,0,0,0,0,0,0,0,0,0,0,0,0,0,0,0,0,0,0,0,0,0,0,0,0,2,2,1,1,1,2,2,2,2,2,2,2,2,2,3,3,3,3,3,3,3,3,3,3,3,3,3,3,3,3,3,3,3,3,3,3,3,3,3,4,5,5,5,5,5,5,5,5,6,6,6,6,6,6,6,6,6,6,6,6,5,4,4,4,4,4,4,4,4,5,5
84021225,US,USA,840,21225.0,Union,Kentucky,US,37.66166713,-87.94300009,"Union, Kentucky, US",0,0,0,0,0,0,0,0,0,0,0,0,0,0,0,0,0,0,0,0,0,0,0,0,0,0,0,0,0,0,0,0,0,0,0,0,0,0,0,0,0,0,0,0,0,0,0,0,0,0,0,0,0,0,0,0,0,0,0,0,0,0,0,0,0,0,0,1,1,2,2,2,2,2,2,2,2,2,3,3,3,5,5,5,5,6,6,8,8,8,8,8,8,8,8,8,8,8,8,8,8,8,8,8,9,10,10,10,10,10,10,10,10,10,10,10,10,10,10,10,10,10,10,10,10,10,10,10,11,11,11,12,15,15,15,15,15,15,15,15,15,15,16,17,17,19,19,20,22,24,25,25
84021227,US,USA,840,21227.0,Warren,Kentucky,US,36.99903045,-86.42672751,"Warren, Kentucky, US",0,0,0,0,0,0,0,0,0,0,0,0,0,0,0,0,0,0,0,0,0,0,0,0,0,0,0,0,0,0,0,0,0,0,0,0,0,0,0,0,0,0,0,0,0,0,0,0,0,0,0,0,0,0,0,0,0,0,2,2,2,4,4,5,5,5,5,9,12,13,13,13,13,18,21,21,21,21,24,24,24,49,49,47,52,71,71,87,95,101,112,131,130,165,184,219,234,263,313,332,344,344,369,400,426,447,486,512,530,530,573,637,637,730,751,776,776,810,828,863,878,906,920,920,920,949,950,964,995,1007,1007,1038,1045,1067,1081,1099,1112,1112,1127,1157,1179,1184,1208,1248,1248,1275,1275,1299,1302,1323,1339,1357
84021229,US,USA,840,21229.0,Washington,Kentucky,US,37.75599461,-85.17407732,"Washington, Kentucky, US",0,0,0,0,0,0,0,0,0,0,0,0,0,0,0,0,0,0,0,0,0,0,0,0,0,0,0,0,0,0,0,0,0,0,0,0,0,0,0,0,0,0,0,0,0,0,0,0,0,0,0,0,0,0,0,0,0,0,0,0,0,0,0,0,0,0,0,1,1,1,1,1,1,2,2,2,2,2,3,3,3,3,3,3,3,3,3,3,3,3,3,3,4,4,5,5,5,5,5,5,5,5,5,5,5,5,5,5,5,5,5,5,5,5,5,6,6,5,5,5,5,5,6,6,6,6,6,6,6,6,6,6,6,7,7,8,8,8,8,8,8,8,10,14,14,14,14,15,17,17,18,18
84021231,US,USA,840,21231.0,Wayne,Kentucky,US,36.80310688,-84.8251971,"Wayne, Kentucky, US",0,0,0,0,0,0,0,0,0,0,0,0,0,0,0,0,0,0,0,0,0,0,0,0,0,0,0,0,0,0,0,0,0,0,0,0,0,0,0,0,0,0,0,0,0,0,0,0,0,0,0,0,0,0,0,0,0,0,0,0,0,0,0,0,0,0,0,1,1,3,3,3,3,4,4,4,4,4,4,4,4,4,4,4,5,6,6,6,6,6,6,7,6,6,6,6,6,7,9,9,9,7,7,8,8,8,8,8,8,8,8,8,8,8,8,8,8,8,8,8,8,8,8,8,8,8,8,8,8,8,8,8,8,8,8,9,9,9,9,9,9,10,10,10,10,10,10,10,10,10,12,12
84021233,US,USA,840,21233.0,Webster,Kentucky,US,37.52168356,-87.67989953,"Webster, Kentucky, US",0,0,0,0,0,0,0,0,0,0,0,0,0,0,0,0,0,0,0,0,0,0,0,0,0,0,0,0,0,0,0,0,0,0,0,0,0,0,0,0,0,0,0,0,0,0,0,0,0,0,0,0,0,0,0,0,0,0,0,0,0,0,1,1,1,1,1,2,2,2,2,2,2,3,3,3,3,3,3,7,7,8,8,7,9,11,12,13,13,13,13,16,16,16,19,20,19,21,21,22,22,22,23,24,25,26,27,26,26,26,29,29,29,31,32,32,32,32,32,32,32,32,32,32,32,32,32,32,32,32,32,32,32,33,34,34,34,34,34,34,34,34,34,36,36,37,37,37,37,37,38,39
84021235,US,USA,840,21235.0,Whitley,Kentucky,US,36.75700531,-84.14541217,"Whitley, Kentucky, US",0,0,0,0,0,0,0,0,0,0,0,0,0,0,0,0,0,0,0,0,0,0,0,0,0,0,0,0,0,0,0,0,0,0,0,0,0,0,0,0,0,0,0,0,0,0,0,0,0,0,0,0,0,0,0,0,0,0,0,0,0,0,0,0,0,0,0,0,0,0,0,0,0,0,0,0,0,0,1,1,1,4,4,5,5,7,8,8,8,8,8,10,10,10,10,11,11,11,11,11,11,11,11,11,11,11,11,11,11,11,12,12,12,12,12,12,12,12,13,13,13,13,13,13,13,13,13,13,13,13,13,13,13,13,13,13,13,13,13,14,15,15,17,17,17,17,17,18,19,19,19,20
84021237,US,USA,840,21237.0,Wolfe,Kentucky,US,37.73941626,-83.49303612,"Wolfe, Kentucky, US",0,0,0,0,0,0,0,0,0,0,0,0,0,0,0,0,0,0,0,0,0,0,0,0,0,0,0,0,0,0,0,0,0,0,0,0,0,0,0,0,0,0,0,0,0,0,0,0,0,0,0,0,0,0,0,0,0,0,0,0,0,0,0,0,0,0,0,0,0,0,0,0,0,0,0,0,0,0,0,0,0,0,0,0,0,0,0,0,0,0,0,0,0,0,0,0,0,0,0,0,0,0,0,0,0,0,0,0,0,0,0,0,0,0,0,0,0,0,1,1,1,1,1,1,1,1,1,1,1,1,1,1,1,1,1,1,1,1,1,1,1,1,1,1,1,1,1,1,2,2,1,1
84021239,US,USA,840,21239.0,Woodford,Kentucky,US,38.04178222,-84.7417556,"Woodford, Kentucky, US",0,0,0,0,0,0,0,0,0,0,0,0,0,0,0,0,0,0,0,0,0,0,0,0,0,0,0,0,0,0,0,0,0,0,0,0,0,0,0,0,0,0,0,0,0,0,0,0,0,0,0,0,0,0,0,0,0,0,0,0,0,0,0,0,0,0,0,3,3,5,5,5,5,8,9,9,8,8,9,9,9,17,17,16,16,20,18,19,18,18,18,19,19,19,19,19,19,17,18,18,18,18,18,18,17,17,17,17,17,17,18,19,19,19,19,19,19,19,19,19,19,25,25,25,25,26,26,26,27,27,27,27,29,29,31,32,33,33,35,42,45,46,45,48,48,51,51,55,58,60,60,61
84022001,US,USA,840,22001.0,Acadia,Louisiana,US,30.295064899999996,-92.41419698,"Acadia, Louisiana, US",0,0,0,0,0,0,0,0,0,0,0,0,0,0,0,0,0,0,0,0,0,0,0,0,0,0,0,0,0,0,0,0,0,0,0,0,0,0,0,0,0,0,0,0,0,0,0,0,0,0,0,0,0,0,0,0,0,0,0,0,0,1,2,2,3,8,9,9,11,39,47,61,72,65,75,79,82,86,89,94,98,99,101,104,105,108,110,110,110,114,114,117,117,129,130,130,130,130,130,130,133,133,134,134,136,140,142,142,151,148,152,152,151,159,189,192,198,257,262,262,269,289,289,291,299,395,397,401,401,412,418,422,428,446,462,467,500,502,513,517,520,529,535,577,583,597,604,625,625,639,646,654
84022003,US,USA,840,22003.0,Allen,Louisiana,US,30.65385745,-92.82442028,"Allen, Louisiana, US",0,0,0,0,0,0,0,0,0,0,0,0,0,0,0,0,0,0,0,0,0,0,0,0,0,0,0,0,0,0,0,0,0,0,0,0,0,0,0,0,0,0,0,0,0,0,0,0,0,0,0,0,0,0,0,0,0,0,0,0,0,2,2,2,5,5,7,9,11,15,19,26,34,39,40,52,58,65,66,67,71,73,74,74,74,78,79,79,79,79,79,80,81,81,82,82,87,90,90,90,90,90,90,90,90,90,90,90,90,90,90,90,94,94,94,99,100,118,131,157,172,182,182,182,182,184,184,184,184,184,184,184,184,185,186,186,186,186,188,189,189,189,193,210,222,226,230,243,243,223,224,226
84022005,US,USA,840,22005.0,Ascension,Louisiana,US,30.20406249,-90.91328409999998,"Ascension, Louisiana, US",0,0,0,0,0,0,0,0,0,0,0,0,0,0,0,0,0,0,0,0,0,0,0,0,0,0,0,0,0,0,0,0,0,0,0,0,0,0,0,0,0,0,0,0,0,0,0,0,0,0,0,0,0,0,1,1,1,2,3,12,12,26,36,65,91,90,107,139,153,161,189,201,222,284,286,347,358,366,370,397,415,428,432,438,440,451,468,496,508,512,515,533,536,551,557,568,574,576,587,593,627,636,644,647,657,664,672,675,689,694,695,701,704,745,749,752,756,760,762,768,782,785,785,786,788,792,805,810,810,817,820,827,841,852,861,865,876,882,889,900,906,912,918,931,935,948,957,962,962,961,989,997
84022007,US,USA,840,22007.0,Assumption,Louisiana,US,29.89946234,-91.06461642,"Assumption, Louisiana, US",0,0,0,0,0,0,0,0,0,0,0,0,0,0,0,0,0,0,0,0,0,0,0,0,0,0,0,0,0,0,0,0,0,0,0,0,0,0,0,0,0,0,0,0,0,0,0,0,0,0,0,0,0,0,0,0,0,0,1,1,1,1,2,2,5,8,8,14,17,20,25,31,33,56,59,77,84,89,94,105,109,116,120,123,129,132,137,143,146,146,151,154,158,166,172,173,175,177,178,182,189,194,197,201,202,203,206,206,208,228,228,230,231,234,235,229,230,230,230,233,238,238,238,238,243,245,245,248,248,251,252,252,252,252,252,253,254,257,257,258,259,258,258,263,269,274,276,282,282,324,327,327
84022009,US,USA,840,22009.0,Avoyelles,Louisiana,US,31.07796211,-92.00079449,"Avoyelles, Louisiana, US",0,0,0,0,0,0,0,0,0,0,0,0,0,0,0,0,0,0,0,0,0,0,0,0,0,0,0,0,0,0,0,0,0,0,0,0,0,0,0,0,0,0,0,0,0,0,0,0,0,0,0,0,0,0,0,0,0,0,0,1,1,1,3,5,7,10,12,13,14,19,31,34,37,36,37,40,45,48,56,56,61,61,64,65,64,66,68,68,69,69,69,71,71,69,69,69,69,71,71,71,73,72,74,74,73,74,74,74,74,74,75,76,79,79,80,89,92,93,94,96,99,101,101,104,113,115,117,120,120,125,128,130,136,141,149,151,155,161,165,175,178,178,181,184,185,188,188,193,193,200,204,204
84022011,US,USA,840,22011.0,Beauregard,Louisiana,US,30.64836518,-93.34173616,"Beauregard, Louisiana, US",0,0,0,0,0,0,0,0,0,0,0,0,0,0,0,0,0,0,0,0,0,0,0,0,0,0,0,0,0,0,0,0,0,0,0,0,0,0,0,0,0,0,0,0,0,0,0,0,0,0,0,0,0,0,0,0,0,0,0,1,1,1,2,3,3,4,4,4,5,5,8,10,13,15,19,23,23,23,26,27,27,27,28,28,30,33,35,35,35,36,36,36,35,35,35,35,36,37,37,39,42,42,43,43,43,44,44,44,46,46,46,46,48,49,50,51,52,52,52,52,54,56,56,56,58,58,61,61,61,66,66,69,69,81,90,99,102,101,106,114,116,117,127,134,134,136,136,139,139,147,155,158
84022013,US,USA,840,22013.0,Bienville,Louisiana,US,32.34569994,-93.05398492,"Bienville, Louisiana, US",0,0,0,0,0,0,0,0,0,0,0,0,0,0,0,0,0,0,0,0,0,0,0,0,0,0,0,0,0,0,0,0,0,0,0,0,0,0,0,0,0,0,0,0,0,0,0,0,0,0,0,0,0,0,0,0,0,0,0,1,1,1,1,1,1,1,3,3,5,6,6,8,9,10,12,14,17,17,24,27,30,33,37,37,42,45,58,65,66,66,66,69,69,69,70,72,73,73,74,77,77,76,76,78,78,78,78,77,77,77,77,77,80,81,83,82,83,84,84,84,114,136,136,137,138,138,139,139,139,144,146,147,147,149,149,151,152,153,154,157,166,167,170,172,173,175,176,183,183,196,198,200
84022015,US,USA,840,22015.0,Bossier,Louisiana,US,32.67932307,-93.60460152,"Bossier, Louisiana, US",0,0,0,0,0,0,0,0,0,0,0,0,0,0,0,0,0,0,0,0,0,0,0,0,0,0,0,0,0,0,0,0,0,0,0,0,0,0,0,0,0,0,0,0,0,0,0,0,0,0,0,0,1,1,1,1,1,2,5,5,5,12,12,25,32,37,45,56,57,63,75,87,95,126,133,139,146,159,171,175,178,186,188,207,211,220,230,230,233,233,241,246,255,258,265,270,274,277,285,286,287,292,295,300,300,303,307,308,310,310,312,313,324,327,336,342,344,346,348,353,374,380,380,382,398,398,402,406,406,412,415,416,421,425,438,450,453,463,464,473,478,484,488,494,502,510,513,528,528,643,654,665
84022017,US,USA,840,22017.0,Caddo,Louisiana,US,32.57991587,-93.88375652,"Caddo, Louisiana, US",0,0,0,0,0,0,0,0,0,0,0,0,0,0,0,0,0,0,0,0,0,0,0,0,0,0,0,0,0,0,0,0,0,0,0,0,0,0,0,0,0,0,0,0,0,0,0,0,0,0,1,1,1,1,3,4,5,7,12,15,15,34,40,93,115,140,189,219,222,242,298,336,377,598,647,711,756,803,906,950,974,1018,1033,1097,1118,1154,1220,1244,1261,1276,1310,1332,1389,1407,1432,1448,1470,1497,1525,1540,1579,1601,1610,1629,1639,1667,1690,1712,1743,1751,1765,1784,1800,1818,1846,1864,1877,1898,1912,1939,2272,2293,2293,2312,2343,2347,2427,2480,2480,2525,2562,2578,2609,2633,2676,2699,2713,2731,2737,2755,2784,2794,2803,2830,2853,2869,2888,2933,2933,2831,2881,2905
84022019,US,USA,840,22019.0,Calcasieu,Louisiana,US,30.22931235,-93.35400434,"Calcasieu, Louisiana, US",0,0,0,0,0,0,0,0,0,0,0,0,0,0,0,0,0,0,0,0,0,0,0,0,0,0,0,0,0,0,0,0,0,0,0,0,0,0,0,0,0,0,0,0,0,0,0,0,0,0,0,0,0,0,0,0,0,0,3,4,4,4,5,11,15,22,28,35,42,65,90,108,119,135,139,159,186,191,209,228,248,259,268,273,282,300,309,309,323,324,334,341,352,356,360,363,369,377,386,389,437,449,455,464,470,475,478,481,490,493,496,496,505,507,513,514,517,520,521,521,548,567,567,568,572,578,581,588,588,596,599,608,611,613,621,625,632,637,642,661,673,684,701,741,755,772,789,824,824,831,876,888
84022021,US,USA,840,22021.0,Caldwell,Louisiana,US,32.0902519,-92.11752148,"Caldwell, Louisiana, US",0,0,0,0,0,0,0,0,0,0,0,0,0,0,0,0,0,0,0,0,0,0,0,0,0,0,0,0,0,0,0,0,0,0,0,0,0,0,0,0,0,0,0,0,0,0,0,0,0,0,0,0,0,0,0,0,0,0,0,0,0,0,0,0,0,0,0,1,1,0,0,0,1,3,10,11,13,14,18,18,18,18,18,18,18,19,19,15,15,15,15,15,17,17,17,17,17,17,18,18,20,20,31,39,40,41,41,47,48,48,48,48,48,48,48,50,50,50,50,50,51,51,51,52,52,52,52,52,52,53,54,58,60,61,65,70,71,71,72,74,76,76,76,79,83,83,83,86,86,93,94,95
84022023,US,USA,840,22023.0,Cameron,Louisiana,US,29.87592238,-93.19310676,"Cameron, Louisiana, US",0,0,0,0,0,0,0,0,0,0,0,0,0,0,0,0,0,0,0,0,0,0,0,0,0,0,0,0,0,0,0,0,0,0,0,0,0,0,0,0,0,0,0,0,0,0,0,0,0,0,0,0,0,0,0,0,0,0,0,0,0,0,0,0,0,0,0,0,0,0,0,0,0,0,0,0,1,1,1,1,2,2,2,2,2,2,2,2,3,3,3,3,3,3,3,3,3,3,3,3,3,3,3,3,3,3,3,3,3,3,3,3,3,3,3,3,3,3,3,3,3,3,3,3,3,3,3,3,3,5,6,6,6,6,8,8,9,9,9,10,10,11,11,11,11,11,11,12,12,26,26,27
84022025,US,USA,840,22025.0,Catahoula,Louisiana,US,31.66778967,-91.84526385,"Catahoula, Louisiana, US",0,0,0,0,0,0,0,0,0,0,0,0,0,0,0,0,0,0,0,0,0,0,0,0,0,0,0,0,0,0,0,0,0,0,0,0,0,0,0,0,0,0,0,0,0,0,0,0,0,0,0,0,0,0,0,0,0,0,1,1,1,1,1,1,1,1,1,1,3,3,3,5,6,9,9,12,13,14,17,18,20,21,21,21,22,23,23,23,24,24,24,24,24,25,25,25,25,25,35,36,40,44,45,46,46,46,46,59,83,85,85,86,103,103,103,104,106,106,106,106,112,112,112,112,112,112,112,112,112,113,113,115,114,117,119,120,120,121,121,121,123,123,124,130,130,131,162,164,164,151,152,152
84022027,US,USA,840,22027.0,Claiborne,Louisiana,US,32.82308512,-92.99526883,"Claiborne, Louisiana, US",0,0,0,0,0,0,0,0,0,0,0,0,0,0,0,0,0,0,0,0,0,0,0,0,0,0,0,0,0,0,0,0,0,0,0,0,0,0,0,0,0,0,0,0,0,0,0,0,0,0,0,0,0,0,0,0,0,0,0,1,1,2,2,2,2,3,4,4,4,8,10,11,18,20,23,30,30,33,38,40,41,41,41,41,44,47,48,50,50,50,50,50,50,52,52,52,52,53,54,59,59,59,58,58,58,58,58,58,59,59,59,59,59,59,59,58,58,58,58,58,58,58,58,61,61,61,62,62,62,66,66,66,66,66,66,66,66,66,68,70,71,72,73,76,77,78,81,85,85,105,105,106
84022029,US,USA,840,22029.0,Concordia,Louisiana,US,31.44817835,-91.63814433,"Concordia, Louisiana, US",0,0,0,0,0,0,0,0,0,0,0,0,0,0,0,0,0,0,0,0,0,0,0,0,0,0,0,0,0,0,0,0,0,0,0,0,0,0,0,0,0,0,0,0,0,0,0,0,0,0,0,0,0,0,0,0,0,0,0,0,0,0,0,0,0,0,0,0,0,3,5,8,10,5,5,9,11,12,13,16,17,18,19,19,21,21,23,25,26,26,26,27,27,28,30,30,31,32,36,38,39,39,39,40,41,42,42,43,43,43,43,43,51,54,55,56,57,57,57,57,68,69,69,69,73,74,86,86,86,87,87,88,88,94,94,95,96,96,96,97,97,97,97,105,105,107,109,117,117,100,101,101
84022031,US,USA,840,22031.0,De Soto,Louisiana,US,32.05457447,-93.74130302,"De Soto, Louisiana, US",0,0,0,0,0,0,0,0,0,0,0,0,0,0,0,0,0,0,0,0,0,0,0,0,0,0,0,0,0,0,0,0,0,0,0,0,0,0,0,0,0,0,0,0,0,0,0,0,0,0,0,0,0,0,0,0,0,0,2,2,2,5,6,8,11,13,21,25,28,30,39,42,46,71,80,82,89,91,101,107,114,124,125,130,134,140,145,152,156,158,168,171,176,180,184,185,187,189,191,190,194,198,198,202,202,205,207,208,213,214,215,215,221,223,225,218,222,224,226,228,235,236,236,237,239,239,241,242,242,246,247,247,249,250,260,262,262,262,263,263,263,266,269,270,271,271,273,275,275,311,313,316
84022033,US,USA,840,22033.0,East Baton Rouge,Louisiana,US,30.53842039,-91.09777565,"East Baton Rouge, Louisiana, US",0,0,0,0,0,0,0,0,0,0,0,0,0,0,0,0,0,0,0,0,0,0,0,0,0,0,0,0,0,0,0,0,0,0,0,0,0,0,0,0,0,0,0,0,0,0,0,0,0,0,0,0,0,0,0,1,2,5,7,18,18,43,58,75,105,124,153,164,188,228,244,325,389,621,656,816,892,935,1000,1088,1158,1223,1273,1295,1325,1389,1424,1476,1512,1534,1560,1603,1636,1697,1720,1739,1771,1787,1830,1874,1989,2054,2086,2131,2175,2224,2256,2284,2348,2374,2398,2445,2487,2898,2953,3009,3034,3056,3145,3213,3319,3370,3370,3386,3438,3462,3491,3526,3526,3591,3618,3666,3730,3773,3820,3874,3911,3949,3963,4023,4054,4088,4150,4197,4226,4284,4301,4357,4357,4218,4332,4374
84022035,US,USA,840,22035.0,East Carroll,Louisiana,US,32.73926954,-91.23425694,"East Carroll, Louisiana, US",0,0,0,0,0,0,0,0,0,0,0,0,0,0,0,0,0,0,0,0,0,0,0,0,0,0,0,0,0,0,0,0,0,0,0,0,0,0,0,0,0,0,0,0,0,0,0,0,0,0,0,0,0,0,0,0,0,0,0,0,0,0,0,0,0,0,1,1,1,1,1,1,1,1,1,1,1,1,1,1,1,1,1,1,1,1,1,1,1,1,1,5,5,6,6,6,6,8,8,9,9,9,9,8,9,11,14,15,17,17,23,24,25,25,26,32,34,37,46,46,51,62,62,65,103,111,115,118,118,138,148,159,164,165,179,184,187,195,199,205,208,212,216,222,235,243,243,244,244,260,308,332
84022037,US,USA,840,22037.0,East Feliciana,Louisiana,US,30.84425359,-91.04976723,"East Feliciana, Louisiana, US",0,0,0,0,0,0,0,0,0,0,0,0,0,0,0,0,0,0,0,0,0,0,0,0,0,0,0,0,0,0,0,0,0,0,0,0,0,0,0,0,0,0,0,0,0,0,0,0,0,0,0,0,0,0,0,0,0,0,0,0,0,0,0,0,4,5,6,8,8,9,10,14,19,22,27,39,39,39,59,65,67,71,73,77,81,84,90,90,93,95,101,102,106,105,107,108,116,118,119,122,128,128,129,130,131,132,132,133,136,135,136,140,145,169,172,176,176,177,179,179,183,184,184,187,190,190,191,192,192,194,194,197,198,198,199,199,201,201,201,207,210,210,216,225,226,227,229,231,231,263,268,268
84022039,US,USA,840,22039.0,Evangeline,Louisiana,US,30.72985248,-92.39915924,"Evangeline, Louisiana, US",0,0,0,0,0,0,0,0,0,0,0,0,0,0,0,0,0,0,0,0,0,0,0,0,0,0,0,0,0,0,0,0,0,0,0,0,0,0,0,0,0,0,0,0,0,0,0,0,0,0,0,0,0,0,0,0,0,0,0,2,2,2,2,2,2,4,4,4,8,10,11,16,18,19,19,23,23,25,31,35,34,36,38,39,40,41,42,43,43,43,43,44,44,44,45,45,45,46,49,49,51,59,59,60,63,63,64,67,67,67,67,68,74,74,74,66,66,66,67,67,83,87,87,165,166,75,75,75,75,78,78,78,80,81,81,81,82,84,84,85,85,85,87,89,89,91,93,100,100,120,123,123
84022041,US,USA,840,22041.0,Franklin,Louisiana,US,32.13675181,-91.67589857,"Franklin, Louisiana, US",0,0,0,0,0,0,0,0,0,0,0,0,0,0,0,0,0,0,0,0,0,0,0,0,0,0,0,0,0,0,0,0,0,0,0,0,0,0,0,0,0,0,0,0,0,0,0,0,0,0,0,0,0,0,0,0,0,0,0,0,0,0,0,0,0,0,4,4,5,5,5,5,10,19,25,28,28,30,37,40,47,48,49,49,53,58,67,78,81,83,87,95,108,108,113,116,119,121,123,125,130,131,131,139,140,146,145,146,188,206,208,208,256,266,266,268,273,273,274,274,287,287,287,288,294,297,310,311,311,314,332,376,377,377,378,383,384,386,389,390,391,395,395,415,415,424,425,439,439,412,414,416
84022043,US,USA,840,22043.0,Grant,Louisiana,US,31.59882456,-92.56124347,"Grant, Louisiana, US",0,0,0,0,0,0,0,0,0,0,0,0,0,0,0,0,0,0,0,0,0,0,0,0,0,0,0,0,0,0,0,0,0,0,0,0,0,0,0,0,0,0,0,0,0,0,0,0,0,0,0,0,0,0,0,0,0,0,0,0,0,1,1,1,1,1,1,2,2,2,3,5,5,9,8,10,10,10,10,11,11,11,12,12,12,12,12,12,12,12,12,12,11,11,11,11,12,12,12,13,14,15,15,17,17,17,17,17,18,18,18,18,18,18,20,20,21,22,22,22,26,26,26,26,27,27,28,28,28,28,28,29,30,30,33,34,36,44,46,48,51,51,54,58,59,61,61,61,61,76,76,76
84022045,US,USA,840,22045.0,Iberia,Louisiana,US,29.86803617,-91.75871777,"Iberia, Louisiana, US",0,0,0,0,0,0,0,0,0,0,0,0,0,0,0,0,0,0,0,0,0,0,0,0,0,0,0,0,0,0,0,0,0,0,0,0,0,0,0,0,0,0,0,0,0,0,0,0,0,0,1,0,0,0,0,0,0,0,2,2,2,3,2,2,3,4,9,11,18,36,49,67,78,68,69,83,89,97,108,121,128,136,142,148,159,164,175,176,184,194,195,217,228,231,240,243,245,247,248,257,261,265,267,270,274,278,281,283,285,285,286,287,352,352,352,353,353,355,358,359,384,388,388,388,392,393,403,404,404,407,408,410,411,418,419,422,424,424,427,428,428,430,435,459,461,465,476,501,501,459,465,469
84022047,US,USA,840,22047.0,Iberville,Louisiana,US,30.25734305,-91.3499598,"Iberville, Louisiana, US",0,0,0,0,0,0,0,0,0,0,0,0,0,0,0,0,0,0,0,0,0,0,0,0,0,0,0,0,0,0,0,0,0,0,0,0,0,0,0,0,0,0,0,0,0,0,0,0,0,0,0,0,0,0,0,0,0,0,1,2,2,10,14,14,17,20,21,22,28,35,36,69,81,119,122,136,160,171,187,198,214,232,241,253,256,258,267,270,274,282,281,297,299,339,433,433,442,443,448,450,459,472,476,482,484,489,492,493,495,499,501,504,507,537,543,524,526,527,528,531,540,541,541,546,554,556,559,563,563,564,567,577,578,579,584,588,593,596,599,603,607,607,610,610,610,615,617,618,618,662,664,665
84022049,US,USA,840,22049.0,Jackson,Louisiana,US,32.30251776,-92.55692092,"Jackson, Louisiana, US",0,0,0,0,0,0,0,0,0,0,0,0,0,0,0,0,0,0,0,0,0,0,0,0,0,0,0,0,0,0,0,0,0,0,0,0,0,0,0,0,0,0,0,0,0,0,0,0,0,0,0,0,0,0,0,0,0,0,0,0,0,0,0,1,1,3,2,2,2,3,4,4,4,1,1,4,5,5,7,8,8,8,8,9,11,12,14,14,14,15,15,16,21,22,25,25,30,30,34,34,40,40,42,47,48,56,57,58,59,64,67,67,67,70,69,68,69,70,75,76,80,82,82,83,90,96,100,100,100,106,106,106,109,110,117,120,130,131,133,139,148,149,154,158,158,162,169,173,173,186,189,189
84022051,US,USA,840,22051.0,Jefferson,Louisiana,US,29.74075478,-90.11115756,"Jefferson, Louisiana, US",0,0,0,0,0,0,0,0,0,0,0,0,0,0,0,0,0,0,0,0,0,0,0,0,0,0,0,0,0,0,0,0,0,0,0,0,0,0,0,0,0,0,0,0,0,0,0,0,0,0,2,0,11,12,16,35,40,62,104,166,166,252,293,359,458,548,744,761,838,1193,1433,2178,2495,3008,3088,3530,3922,4092,4480,4678,4877,4990,5088,5188,5265,5346,5476,5543,5592,5761,5802,5860,5929,5985,6007,6059,6104,6135,6173,6197,6305,6362,6388,6426,6491,6554,6588,6610,6679,6709,6755,6789,6833,6860,6897,6982,7039,7059,7095,7128,7175,7232,7232,7248,7298,7332,7394,7424,7424,7536,7584,7652,7711,7738,7763,7803,7831,7862,7885,7940,7971,8032,8091,8339,8379,8416,8468,8507,8507,8542,8647,8681
84022053,US,USA,840,22053.0,Jefferson Davis,Louisiana,US,30.26896765,-92.81210004,"Jefferson Davis, Louisiana, US",0,0,0,0,0,0,0,0,0,0,0,0,0,0,0,0,0,0,0,0,0,0,0,0,0,0,0,0,0,0,0,0,0,0,0,0,0,0,0,0,0,0,0,0,0,0,0,0,0,0,0,0,0,0,0,0,0,0,0,0,0,0,0,1,1,1,1,2,3,5,9,13,14,9,13,21,25,28,30,32,35,44,47,47,48,48,52,53,55,55,57,57,57,57,59,59,61,61,62,62,63,64,64,65,65,66,66,66,67,67,68,68,69,69,70,69,69,70,71,71,72,73,73,73,74,74,75,75,75,76,76,78,78,78,84,87,89,91,93,96,102,106,114,131,132,133,147,162,162,189,203,208
84022055,US,USA,840,22055.0,Lafayette,Louisiana,US,30.2049055,-92.06959876,"Lafayette, Louisiana, US",0,0,0,0,0,0,0,0,0,0,0,0,0,0,0,0,0,0,0,0,0,0,0,0,0,0,0,0,0,0,0,0,0,0,0,0,0,0,0,0,0,0,0,0,0,0,0,0,0,0,0,0,0,0,0,0,0,2,6,6,6,9,12,20,30,44,48,50,82,118,159,247,276,229,247,260,272,285,303,330,337,354,360,363,375,387,396,414,419,423,429,435,439,440,442,443,443,446,451,455,463,464,466,468,473,477,479,481,498,501,508,512,537,541,543,578,590,598,605,607,631,637,637,659,674,678,689,695,695,763,768,793,803,821,834,854,866,880,897,908,931,957,988,1140,1148,1202,1243,1302,1302,1310,1364,1396
84022057,US,USA,840,22057.0,Lafourche,Louisiana,US,29.52470226,-90.40976986,"Lafourche, Louisiana, US",0,0,0,0,0,0,0,0,0,0,0,0,0,0,0,0,0,0,0,0,0,0,0,0,0,0,0,0,0,0,0,0,0,0,0,0,0,0,0,0,0,0,0,0,0,0,0,0,0,0,0,0,1,1,2,2,3,4,5,11,11,15,16,18,28,30,34,36,51,74,105,158,185,217,228,305,322,355,393,426,454,468,481,486,499,528,542,560,566,573,576,583,603,607,610,624,632,635,651,651,661,666,669,681,686,692,693,698,706,711,713,715,716,719,724,738,742,744,750,753,763,766,766,766,775,776,781,789,789,809,821,827,867,878,882,886,896,902,909,922,928,937,945,968,973,983,999,1013,1013,998,1005,1010
84022059,US,USA,840,22059.0,LaSalle,Louisiana,US,31.67884782,-92.15907765,"LaSalle,Louisiana,US",0,0,0,0,0,0,0,0,0,0,0,0,0,0,0,0,0,0,0,0,0,0,0,0,0,0,0,0,0,0,0,0,0,0,0,0,0,0,0,0,0,0,0,0,0,0,0,0,0,0,0,0,0,0,0,0,0,0,0,0,0,0,0,0,0,0,2,2,2,2,2,2,2,4,4,6,6,8,9,9,10,11,13,13,13,13,13,13,13,14,14,15,15,17,18,19,21,21,22,23,26,26,26,27,27,29,30,31,33,33,33,33,35,35,36,37,40,40,40,40,45,45,45,45,47,47,48,48,48,51,51,52,53,53,56,58,59,61,63,66,67,68,72,76,77,80,85,90,90,86,86,86
84022061,US,USA,840,22061.0,Lincoln,Louisiana,US,32.6003154,-92.66597409999999,"Lincoln, Louisiana, US",0,0,0,0,0,0,0,0,0,0,0,0,0,0,0,0,0,0,0,0,0,0,0,0,0,0,0,0,0,0,0,0,0,0,0,0,0,0,0,0,0,0,0,0,0,0,0,0,0,0,0,0,0,0,0,0,0,0,0,0,0,2,2,2,3,7,6,7,8,12,13,13,17,17,18,19,22,24,28,33,37,39,39,42,41,43,47,49,49,51,52,58,62,64,69,72,79,80,83,85,85,88,90,94,96,99,101,103,106,106,107,107,115,116,122,119,121,121,122,122,130,133,133,133,135,138,142,144,144,152,157,160,160,161,163,165,169,173,175,184,193,196,202,227,235,241,248,259,259,269,273,274
84022063,US,USA,840,22063.0,Livingston,Louisiana,US,30.44143993,-90.73061664,"Livingston, Louisiana, US",0,0,0,0,0,0,0,0,0,0,0,0,0,0,0,0,0,0,0,0,0,0,0,0,0,0,0,0,0,0,0,0,0,0,0,0,0,0,0,0,0,0,0,0,0,0,0,0,0,0,0,0,0,0,0,0,0,0,1,2,2,5,6,6,11,11,12,15,16,23,25,33,40,64,67,79,94,99,103,107,109,120,122,129,133,136,142,144,148,149,158,161,165,172,177,182,183,185,190,197,229,235,238,243,247,266,268,268,277,278,281,283,293,343,347,344,348,350,356,358,363,366,366,375,391,399,403,408,408,417,422,428,440,446,453,458,460,464,468,481,484,495,514,525,526,546,561,573,573,638,669,683
84022065,US,USA,840,22065.0,Madison,Louisiana,US,32.36918118,-91.23973355,"Madison, Louisiana, US",0,0,0,0,0,0,0,0,0,0,0,0,0,0,0,0,0,0,0,0,0,0,0,0,0,0,0,0,0,0,0,0,0,0,0,0,0,0,0,0,0,0,0,0,0,0,0,0,0,0,0,0,0,0,0,0,0,0,0,0,0,0,0,0,1,1,1,1,1,1,1,1,1,1,1,1,2,2,2,2,2,2,2,2,2,2,4,4,4,4,4,5,5,5,7,7,7,7,7,7,7,8,8,8,8,8,8,8,12,12,13,14,14,18,24,24,24,24,27,33,43,54,54,55,69,70,77,79,79,90,97,101,105,106,116,121,199,209,214,219,221,249,251,261,270,286,287,287,287,289,308,317
84022067,US,USA,840,22067.0,Morehouse,Louisiana,US,32.81686191,-91.80421614,"Morehouse, Louisiana, US",0,0,0,0,0,0,0,0,0,0,0,0,0,0,0,0,0,0,0,0,0,0,0,0,0,0,0,0,0,0,0,0,0,0,0,0,0,0,0,0,0,0,0,0,0,0,0,0,0,0,0,0,0,0,0,0,0,0,0,0,0,0,0,1,3,2,2,2,2,2,2,4,7,9,10,15,20,23,24,27,31,31,32,32,32,34,34,35,37,38,39,41,45,46,46,46,48,48,51,52,52,54,55,55,55,55,57,57,60,62,65,67,87,89,92,85,91,93,93,94,108,110,110,111,117,119,121,121,121,121,122,122,122,131,132,132,133,133,134,135,136,138,138,153,158,161,165,186,186,182,182,186
84022069,US,USA,840,22069.0,Natchitoches,Louisiana,US,31.72321584,-93.09816516,"Natchitoches, Louisiana, US",0,0,0,0,0,0,0,0,0,0,0,0,0,0,0,0,0,0,0,0,0,0,0,0,0,0,0,0,0,0,0,0,0,0,0,0,0,0,0,0,0,0,0,0,0,0,0,0,0,0,0,0,0,0,0,0,0,0,0,0,0,2,2,2,2,2,2,2,2,2,2,4,6,15,14,22,24,25,27,33,33,41,41,42,42,45,50,53,57,58,58,62,62,65,73,73,77,77,79,84,86,87,87,90,90,91,91,92,98,100,100,100,100,102,102,101,101,103,103,103,141,145,145,147,152,157,157,157,157,168,169,171,172,173,173,173,175,177,177,179,180,182,188,191,191,194,195,195,195,190,192,192
84022071,US,USA,840,22071.0,Orleans,Louisiana,US,30.06971951,-89.92660315,"Orleans, Louisiana, US",0,0,0,0,0,0,0,0,0,0,0,0,0,0,0,0,0,0,0,0,0,0,0,0,0,0,0,0,0,0,0,0,0,0,0,0,0,0,0,0,0,0,0,0,0,0,0,0,0,5,14,26,53,66,79,136,187,231,326,418,451,567,675,827,997,1170,1298,1350,1480,1834,2270,3148,3476,3966,4066,4565,4942,5070,5242,5416,5535,5600,5651,5718,5769,5847,5906,5953,6000,6148,6169,6209,6263,6286,6297,6342,6365,6380,6420,6452,6495,6524,6538,6557,6575,6608,6626,6645,6674,6682,6693,6718,6753,6768,6787,6781,6809,6822,6869,6884,6904,6944,6944,6953,7005,7021,7045,7067,7067,7108,7127,7141,7156,7174,7192,7206,7222,7230,7237,7247,7279,7294,7319,7374,7393,7411,7428,7459,7459,7448,7491,7518
84022073,US,USA,840,22073.0,Ouachita,Louisiana,US,32.47645559,-92.15704172,"Ouachita, Louisiana, US",0,0,0,0,0,0,0,0,0,0,0,0,0,0,0,0,0,0,0,0,0,0,0,0,0,0,0,0,0,0,0,0,0,0,0,0,0,0,0,0,0,0,0,0,0,0,0,0,0,0,0,0,0,0,0,0,0,0,0,2,2,9,7,10,19,25,34,41,44,57,80,94,114,176,182,230,264,275,300,326,350,367,384,387,411,429,470,483,511,518,532,552,579,598,609,622,645,651,671,706,730,755,770,785,793,806,814,820,836,842,842,856,861,869,891,931,946,956,966,980,1032,1041,1041,1045,1102,1125,1150,1166,1166,1219,1248,1264,1289,1312,1346,1396,1432,1470,1500,1543,1592,1631,1679,1744,1782,1813,1832,1889,1889,1881,1927,1960
84022075,US,USA,840,22075.0,Plaquemines,Louisiana,US,29.42245447,-89.60322085,"Plaquemines, Louisiana, US",0,0,0,0,0,0,0,0,0,0,0,0,0,0,0,0,0,0,0,0,0,0,0,0,0,0,0,0,0,0,0,0,0,0,0,0,0,0,0,0,0,0,0,0,0,0,0,0,0,0,0,0,0,0,0,0,0,1,1,4,4,8,8,9,13,16,19,20,22,37,47,68,75,86,92,100,115,123,129,130,136,137,140,142,147,149,152,156,157,164,164,164,165,166,168,168,168,168,172,177,179,180,180,181,181,183,185,185,189,190,190,191,191,192,193,194,194,194,196,197,197,198,198,200,200,200,201,201,201,211,211,213,215,215,217,218,218,218,218,219,220,222,223,228,228,228,228,228,228,234,237,239
84022077,US,USA,840,22077.0,Pointe Coupee,Louisiana,US,30.71409502,-91.60209535,"Pointe Coupee, Louisiana, US",0,0,0,0,0,0,0,0,0,0,0,0,0,0,0,0,0,0,0,0,0,0,0,0,0,0,0,0,0,0,0,0,0,0,0,0,0,0,0,0,0,0,0,0,0,0,0,0,0,0,0,0,0,0,0,0,0,0,0,0,0,0,0,0,1,1,2,2,2,7,7,12,13,16,17,24,26,27,32,38,40,43,47,49,53,60,62,64,69,71,80,84,86,88,89,89,94,98,98,99,104,101,103,108,114,117,120,125,126,126,136,138,139,152,155,163,168,169,173,179,181,182,182,182,186,188,189,192,192,195,197,199,205,205,207,208,212,213,214,215,217,217,217,218,218,221,223,224,224,218,222,222
84022079,US,USA,840,22079.0,Rapides,Louisiana,US,31.19778499,-92.52997303,"Rapides, Louisiana, US",0,0,0,0,0,0,0,0,0,0,0,0,0,0,0,0,0,0,0,0,0,0,0,0,0,0,0,0,0,0,0,0,0,0,0,0,0,0,0,0,0,0,0,0,0,0,0,0,0,0,0,0,0,0,0,0,0,0,3,2,2,8,10,14,25,26,37,41,44,58,69,77,81,97,100,110,129,135,148,156,159,165,168,175,179,192,196,201,210,210,213,217,220,228,239,247,249,255,259,265,270,273,281,300,308,316,316,338,351,362,370,376,394,417,424,437,474,499,504,516,591,600,600,606,654,663,679,703,703,783,790,800,810,829,850,890,926,957,975,992,1007,1074,1098,1132,1145,1193,1209,1229,1229,1290,1312,1320
84022081,US,USA,840,22081.0,Red River,Louisiana,US,32.09530039,-93.34213308,"Red River, Louisiana, US",0,0,0,0,0,0,0,0,0,0,0,0,0,0,0,0,0,0,0,0,0,0,0,0,0,0,0,0,0,0,0,0,0,0,0,0,0,0,0,0,0,0,0,0,0,0,0,0,0,0,0,0,0,0,0,0,0,0,0,0,0,0,0,0,0,0,0,1,1,1,1,1,2,2,2,2,2,3,5,7,9,11,12,13,13,15,18,19,20,21,21,22,22,22,22,22,22,23,24,25,29,32,32,33,34,34,34,34,36,36,36,36,37,38,40,42,42,43,43,43,44,46,46,47,48,48,48,49,49,50,50,50,50,50,51,51,51,51,51,52,52,52,52,52,52,53,52,52,52,54,54,54
84022083,US,USA,840,22083.0,Richland,Louisiana,US,32.41391005,-91.76634876,"Richland, Louisiana, US",0,0,0,0,0,0,0,0,0,0,0,0,0,0,0,0,0,0,0,0,0,0,0,0,0,0,0,0,0,0,0,0,0,0,0,0,0,0,0,0,0,0,0,0,0,0,0,0,0,0,0,0,0,0,0,0,0,0,0,0,0,2,1,1,1,2,2,2,2,2,3,4,4,9,10,11,13,13,16,18,19,19,20,20,21,22,27,27,33,34,38,42,45,47,48,48,52,53,56,58,66,73,74,82,84,86,91,95,99,100,103,103,104,104,106,106,106,107,108,108,113,114,114,114,119,119,124,125,125,128,135,138,139,143,148,148,149,153,156,157,157,159,160,163,163,164,164,167,167,144,148,148
84022085,US,USA,840,22085.0,Sabine,Louisiana,US,31.56388699,-93.55433981,"Sabine, Louisiana, US",0,0,0,0,0,0,0,0,0,0,0,0,0,0,0,0,0,0,0,0,0,0,0,0,0,0,0,0,0,0,0,0,0,0,0,0,0,0,0,0,0,0,0,0,0,0,0,0,0,0,0,0,0,0,0,0,0,0,0,0,0,0,0,0,0,0,0,1,1,2,3,4,4,4,5,7,7,7,8,8,8,9,9,10,10,11,13,13,13,13,14,14,13,13,13,13,13,16,16,17,17,17,17,17,17,17,17,17,17,17,19,19,28,29,29,29,29,29,30,31,39,39,39,40,40,40,41,41,41,46,46,47,47,49,50,50,51,51,51,52,53,53,53,59,59,59,62,63,63,63,60,61
84022087,US,USA,840,22087.0,St. Bernard,Louisiana,US,29.87761636,-89.51887093,"St. Bernard, Louisiana, US",0,0,0,0,0,0,0,0,0,0,0,0,0,0,0,0,0,0,0,0,0,0,0,0,0,0,0,0,0,0,0,0,0,0,0,0,0,0,0,0,0,0,0,0,0,0,0,0,0,0,0,0,0,0,1,2,2,4,5,12,12,15,19,23,28,31,43,45,53,71,94,181,196,239,242,267,289,304,325,343,358,361,369,377,383,388,404,409,411,423,428,430,435,440,443,446,449,452,461,464,469,474,475,480,502,505,508,508,512,513,514,515,515,516,517,511,512,513,516,518,521,521,521,521,529,529,531,534,534,536,536,539,544,545,546,548,549,552,555,555,558,559,562,568,569,571,575,580,580,598,598,601
84022089,US,USA,840,22089.0,St. Charles,Louisiana,US,29.90709658,-90.35555967,"St. Charles, Louisiana, US",0,0,0,0,0,0,0,0,0,0,0,0,0,0,0,0,0,0,0,0,0,0,0,0,0,0,0,0,0,0,0,0,0,0,0,0,0,0,0,0,0,0,0,0,0,0,0,0,0,0,0,0,2,2,3,3,3,4,7,7,7,15,15,17,22,23,30,31,36,71,82,180,210,252,260,285,310,328,362,376,401,404,410,460,476,486,471,487,488,508,516,522,529,536,540,542,549,554,563,570,573,577,582,584,589,590,594,593,593,594,595,596,600,602,606,613,613,615,615,615,618,622,622,623,625,625,631,633,633,637,638,642,645,647,647,647,649,649,649,652,653,654,655,656,660,661,665,667,667,685,688,689
84022091,US,USA,840,22091.0,St. Helena,Louisiana,US,30.82210324,-90.71013176,"St. Helena, Louisiana, US",0,0,0,0,0,0,0,0,0,0,0,0,0,0,0,0,0,0,0,0,0,0,0,0,0,0,0,0,0,0,0,0,0,0,0,0,0,0,0,0,0,0,0,0,0,0,0,0,0,0,0,0,0,0,0,0,0,0,0,0,0,0,0,0,0,0,0,0,0,1,1,1,1,4,5,8,10,10,11,11,13,13,14,14,14,17,18,19,19,20,21,22,23,23,27,27,27,28,28,28,28,30,30,31,32,32,32,32,35,35,35,38,38,38,40,41,41,41,41,42,43,44,44,44,49,51,51,51,51,51,51,51,51,51,52,53,55,55,55,55,56,56,56,58,58,58,60,60,60,85,86,86
84022093,US,USA,840,22093.0,St. James,Louisiana,US,30.02531716,-90.80212061,"St. James, Louisiana, US",0,0,0,0,0,0,0,0,0,0,0,0,0,0,0,0,0,0,0,0,0,0,0,0,0,0,0,0,0,0,0,0,0,0,0,0,0,0,0,0,0,0,0,0,0,0,0,0,0,0,0,0,0,0,0,0,0,1,1,1,1,8,9,14,29,40,48,55,65,77,86,110,116,150,155,167,176,181,191,194,197,204,207,208,210,214,216,217,218,222,228,231,235,237,237,239,239,240,243,246,247,247,250,253,254,256,256,257,257,257,256,256,268,284,284,282,283,284,284,284,289,289,289,289,292,292,293,294,294,294,294,294,294,303,303,304,304,304,304,305,306,306,308,308,308,308,309,313,313,331,333,334
84022095,US,USA,840,22095.0,St. John the Baptist,Louisiana,US,30.12597499,-90.4753503,"St. John the Baptist, Louisiana, US",0,0,0,0,0,0,0,0,0,0,0,0,0,0,0,0,0,0,0,0,0,0,0,0,0,0,0,0,0,0,0,0,0,0,0,0,0,0,0,0,0,0,0,0,0,0,0,0,0,0,0,0,1,1,1,1,1,2,6,9,9,16,21,27,38,41,54,57,75,104,118,274,290,338,345,366,415,432,477,507,538,545,556,562,569,609,623,637,642,669,686,704,721,736,747,749,751,758,765,768,771,772,772,777,782,790,791,791,801,801,801,804,808,820,830,829,829,830,831,832,838,838,838,841,845,848,849,850,850,858,860,862,864,868,872,873,875,877,877,881,883,883,886,889,891,892,894,904,904,917,919,924
84022097,US,USA,840,22097.0,St. Landry,Louisiana,US,30.59724262,-92.00135806,"St. Landry, Louisiana, US",0,0,0,0,0,0,0,0,0,0,0,0,0,0,0,0,0,0,0,0,0,0,0,0,0,0,0,0,0,0,0,0,0,0,0,0,0,0,0,0,0,0,0,0,0,0,0,0,0,0,0,0,0,0,0,0,0,0,2,3,3,3,3,4,5,10,10,10,15,31,45,56,68,45,47,52,60,86,90,103,109,113,114,115,116,118,119,133,134,136,136,140,154,157,163,163,167,170,172,180,181,185,186,191,198,202,203,204,211,215,214,215,241,244,244,230,231,235,237,237,244,247,247,247,248,249,252,252,252,255,257,263,266,269,272,308,309,309,311,316,323,324,326,358,360,370,379,393,393,453,462,465
84022099,US,USA,840,22099.0,St. Martin,Louisiana,US,30.13112107,-91.61403569,"St. Martin, Louisiana, US",0,0,0,0,0,0,0,0,0,0,0,0,0,0,0,0,0,0,0,0,0,0,0,0,0,0,0,0,0,0,0,0,0,0,0,0,0,0,0,0,0,0,0,0,0,0,0,0,0,0,0,0,0,0,0,0,0,0,0,0,0,0,1,1,2,10,13,13,20,32,41,58,69,64,77,90,101,112,127,140,146,157,162,168,174,179,184,187,190,193,193,202,210,218,219,221,223,226,228,232,241,244,244,244,247,252,254,255,257,257,260,264,276,278,278,272,274,274,275,275,287,288,288,288,289,291,292,293,293,294,298,300,300,306,311,281,285,286,288,291,295,307,316,340,343,351,381,441,441,483,509,514
84022101,US,USA,840,22101.0,St. Mary,Louisiana,US,29.69262097,-91.44702164,"St. Mary, Louisiana, US",0,0,0,0,0,0,0,0,0,0,0,0,0,0,0,0,0,0,0,0,0,0,0,0,0,0,0,0,0,0,0,0,0,0,0,0,0,0,0,0,0,0,0,0,0,0,0,0,0,0,0,0,0,0,0,0,0,0,0,1,1,1,2,5,5,6,7,7,10,22,26,42,47,65,67,73,76,81,89,100,105,113,127,129,130,134,137,143,149,156,160,162,168,171,178,179,181,182,185,191,193,199,205,209,212,215,222,224,242,245,250,251,257,263,268,269,274,275,277,281,288,294,294,295,302,304,308,309,309,317,319,321,323,328,331,333,337,339,339,342,342,346,348,353,356,359,360,363,363,373,378,384
84022103,US,USA,840,22103.0,St. Tammany,Louisiana,US,30.40942847,-89.95642711,"St. Tammany, Louisiana, US",0,0,0,0,0,0,0,0,0,0,0,0,0,0,0,0,0,0,0,0,0,0,0,0,0,0,0,0,0,0,0,0,0,0,0,0,0,0,0,0,0,0,0,0,0,0,0,0,0,0,1,2,2,2,5,6,8,10,12,22,22,47,52,67,89,111,134,138,186,220,270,399,435,532,560,637,700,733,777,825,845,864,881,898,924,944,961,987,1011,1057,1067,1079,1111,1131,1138,1162,1172,1184,1205,1220,1270,1321,1325,1341,1369,1406,1415,1416,1447,1452,1463,1477,1492,1511,1520,1528,1539,1544,1559,1572,1599,1609,1609,1618,1665,1678,1687,1703,1703,1724,1749,1764,1776,1790,1799,1823,1837,1846,1849,1863,1872,1885,1906,1931,1942,1954,1962,1999,1999,1966,2003,2017
84022105,US,USA,840,22105.0,Tangipahoa,Louisiana,US,30.62888673,-90.40664996,"Tangipahoa, Louisiana, US",0,0,0,0,0,0,0,0,0,0,0,0,0,0,0,0,0,0,0,0,0,0,0,0,0,0,0,0,0,0,0,0,0,0,0,0,0,0,0,0,0,0,0,0,0,0,0,0,0,0,0,0,0,0,0,0,0,0,1,3,3,3,4,5,7,7,10,10,18,25,33,42,55,131,171,186,238,269,283,305,318,344,352,391,418,422,435,440,442,452,489,494,501,508,526,528,535,540,549,553,565,584,584,588,605,631,635,645,652,654,670,679,687,696,707,719,729,732,742,752,767,767,767,784,802,810,826,831,831,854,858,868,883,891,898,916,935,944,944,965,973,984,1001,1039,1042,1048,1062,1082,1082,1078,1112,1120
84022107,US,USA,840,22107.0,Tensas,Louisiana,US,32.00760749,-91.32915234,"Tensas, Louisiana, US",0,0,0,0,0,0,0,0,0,0,0,0,0,0,0,0,0,0,0,0,0,0,0,0,0,0,0,0,0,0,0,0,0,0,0,0,0,0,0,0,0,0,0,0,0,0,0,0,0,0,0,0,0,0,0,0,0,0,0,0,0,0,0,0,0,0,0,0,0,0,0,0,0,0,0,0,0,0,0,0,1,1,1,1,1,1,1,1,1,1,1,1,1,1,1,1,1,1,1,1,1,2,2,2,2,2,3,3,6,6,6,6,6,6,6,5,5,5,5,5,10,10,10,10,10,10,10,10,10,11,11,12,12,16,16,20,21,21,21,21,21,21,21,22,22,22,22,22,22,24,24,24
84022109,US,USA,840,22109.0,Terrebonne,Louisiana,US,29.37343766,-90.82626855,"Terrebonne, Louisiana, US",0,0,0,0,0,0,0,0,0,0,0,0,0,0,0,0,0,0,0,0,0,0,0,0,0,0,0,0,0,0,0,0,0,0,0,0,0,0,0,0,0,0,0,0,0,0,0,0,0,0,0,0,1,1,3,3,3,4,7,11,11,14,14,15,21,23,26,29,34,40,55,97,102,143,148,182,194,209,233,244,248,255,260,265,273,283,293,310,320,342,346,350,357,363,366,371,375,382,389,437,450,456,459,466,469,476,499,501,523,523,528,533,542,550,557,567,585,590,591,594,614,623,623,628,639,641,647,653,653,667,679,686,692,709,719,724,738,744,748,756,761,771,780,792,801,812,818,826,826,826,839,848
84022111,US,USA,840,22111.0,Union,Louisiana,US,32.83121059,-92.3749373,"Union, Louisiana, US",0,0,0,0,0,0,0,0,0,0,0,0,0,0,0,0,0,0,0,0,0,0,0,0,0,0,0,0,0,0,0,0,0,0,0,0,0,0,0,0,0,0,0,0,0,0,0,0,0,0,0,0,0,0,0,0,0,0,0,0,0,0,0,2,2,4,7,9,9,9,11,13,17,19,19,26,33,35,39,41,45,47,48,50,56,67,71,75,78,79,82,85,89,95,102,102,103,108,114,117,125,131,135,143,144,148,151,153,162,165,169,171,227,231,238,236,242,243,245,245,287,287,287,287,291,295,303,306,306,313,317,324,324,331,333,343,344,348,349,366,375,383,385,409,411,422,422,435,435,372,375,375
84022113,US,USA,840,22113.0,Vermilion,Louisiana,US,29.83517605,-92.30292538,"Vermilion, Louisiana, US",0,0,0,0,0,0,0,0,0,0,0,0,0,0,0,0,0,0,0,0,0,0,0,0,0,0,0,0,0,0,0,0,0,0,0,0,0,0,0,0,0,0,0,0,0,0,0,0,0,0,0,0,0,0,0,0,0,0,0,0,0,0,0,0,1,2,3,2,3,8,10,16,18,15,16,17,19,22,22,22,24,26,26,27,27,28,28,30,30,33,33,33,33,33,34,34,35,35,35,35,37,38,38,38,40,40,40,40,41,41,41,41,42,42,43,44,44,45,45,45,50,50,50,50,50,51,53,53,53,53,53,55,57,58,59,59,61,61,61,61,62,65,69,79,79,81,85,99,99,121,130,130
84022115,US,USA,840,22115.0,Vernon,Louisiana,US,31.10884837,-93.18153838,"Vernon, Louisiana, US",0,0,0,0,0,0,0,0,0,0,0,0,0,0,0,0,0,0,0,0,0,0,0,0,0,0,0,0,0,0,0,0,0,0,0,0,0,0,0,0,0,0,0,0,0,0,0,0,0,0,0,0,0,0,0,0,0,0,0,0,0,0,2,2,2,2,2,2,3,3,6,7,8,11,10,10,11,11,11,13,14,14,14,14,14,14,14,14,14,14,14,14,14,15,16,16,16,16,16,16,16,16,16,16,17,17,17,17,18,18,18,18,19,19,19,20,20,21,21,21,22,23,23,23,24,24,24,25,25,25,26,26,28,28,29,31,33,34,34,39,39,39,43,51,53,54,58,67,67,73,74,76
84022117,US,USA,840,22117.0,Washington,Louisiana,US,30.85288548,-90.03866652,"Washington, Louisiana, US",0,0,0,0,0,0,0,0,0,0,0,0,0,0,0,0,0,0,0,0,0,0,0,0,0,0,0,0,0,0,0,0,0,0,0,0,0,0,0,0,0,0,0,0,0,0,0,0,0,0,0,0,0,0,0,1,1,2,2,2,2,2,3,4,6,8,10,12,22,28,39,50,57,75,81,92,100,106,119,136,142,147,156,162,173,179,184,188,191,195,206,214,225,232,241,245,253,256,261,262,273,282,285,291,292,298,308,312,335,337,342,347,350,356,357,363,365,370,375,376,383,383,383,389,398,400,407,410,410,419,425,433,437,444,451,457,462,465,478,489,500,509,520,528,532,546,556,560,560,570,579,581
84022119,US,USA,840,22119.0,Webster,Louisiana,US,32.70847669,-93.33121835,"Webster, Louisiana, US",0,0,0,0,0,0,0,0,0,0,0,0,0,0,0,0,0,0,0,0,0,0,0,0,0,0,0,0,0,0,0,0,0,0,0,0,0,0,0,0,0,0,0,0,0,0,0,0,0,0,0,0,0,0,0,0,0,0,1,1,1,3,3,5,8,9,9,9,11,17,17,19,23,42,49,51,50,51,55,57,60,62,65,65,69,71,74,76,76,78,79,79,81,80,82,83,83,85,85,85,92,92,92,92,95,96,97,97,97,98,100,101,112,112,112,113,113,117,119,119,126,126,126,136,139,139,142,143,143,147,147,147,157,163,171,175,179,182,185,195,203,204,206,242,244,248,252,331,331,311,316,321
84022121,US,USA,840,22121.0,West Baton Rouge,Louisiana,US,30.46058217,-91.30989571,"West Baton Rouge, Louisiana, US",0,0,0,0,0,0,0,0,0,0,0,0,0,0,0,0,0,0,0,0,0,0,0,0,0,0,0,0,0,0,0,0,0,0,0,0,0,0,0,0,0,0,0,0,0,0,0,0,0,0,0,0,0,0,0,0,0,1,3,3,3,5,5,7,8,11,12,12,12,13,14,19,23,40,40,45,52,54,57,61,66,68,72,76,78,81,83,86,88,90,90,90,90,93,92,91,94,94,96,98,108,110,110,111,115,118,118,119,122,123,123,124,124,150,150,148,148,148,148,149,152,154,154,154,156,157,158,159,159,161,166,175,176,176,180,180,183,185,186,192,195,197,200,202,204,204,204,205,205,231,232,234
84022123,US,USA,840,22123.0,West Carroll,Louisiana,US,32.78550125,-91.461201,"West Carroll, Louisiana, US",0,0,0,0,0,0,0,0,0,0,0,0,0,0,0,0,0,0,0,0,0,0,0,0,0,0,0,0,0,0,0,0,0,0,0,0,0,0,0,0,0,0,0,0,0,0,0,0,0,0,0,0,0,0,0,0,0,0,0,0,0,0,0,0,0,0,0,0,0,0,0,0,0,0,0,1,1,1,1,3,4,4,4,4,4,4,4,4,4,4,4,4,4,4,4,4,4,4,4,4,4,4,4,4,4,4,4,4,4,4,5,5,5,6,11,12,13,18,19,19,21,33,33,33,39,41,44,56,56,61,62,64,66,68,68,68,74,84,86,90,99,99,99,104,112,115,114,115,115,103,105,107
84022125,US,USA,840,22125.0,West Feliciana,Louisiana,US,30.87882871,-91.41485379999999,"West Feliciana, Louisiana, US",0,0,0,0,0,0,0,0,0,0,0,0,0,0,0,0,0,0,0,0,0,0,0,0,0,0,0,0,0,0,0,0,0,0,0,0,0,0,0,0,0,0,0,0,0,0,0,0,0,0,0,0,0,0,0,0,0,0,0,0,0,0,0,0,0,0,4,4,4,4,8,10,11,18,19,30,31,32,38,41,45,46,46,46,47,55,60,74,74,78,81,82,84,89,97,103,104,109,111,115,129,142,149,153,156,158,174,176,183,184,184,186,187,181,184,184,186,188,190,192,193,194,194,196,200,205,205,205,205,208,209,211,212,215,216,220,220,222,222,224,225,225,226,229,231,231,234,239,239,226,226,226
84022127,US,USA,840,22127.0,Winn,Louisiana,US,31.94449367,-92.63789413,"Winn, Louisiana, US",0,0,0,0,0,0,0,0,0,0,0,0,0,0,0,0,0,0,0,0,0,0,0,0,0,0,0,0,0,0,0,0,0,0,0,0,0,0,0,0,0,0,0,0,0,0,0,0,0,0,0,0,0,0,0,0,0,0,0,0,0,0,0,1,1,1,1,1,1,1,1,2,2,2,2,2,3,5,7,8,9,12,12,12,12,17,16,16,19,19,19,19,19,20,20,20,22,26,32,32,38,41,42,44,46,47,48,49,51,52,52,54,64,66,76,80,84,89,90,90,100,112,112,112,126,145,150,153,153,163,164,173,174,178,178,182,183,186,187,190,194,195,197,211,212,214,215,215,215,224,225,226
84023001,US,USA,840,23001.0,Androscoggin,Maine,US,44.1664747,-70.20380627,"Androscoggin, Maine, US",0,0,0,0,0,0,0,0,0,0,0,0,0,0,0,0,0,0,0,0,0,0,0,0,0,0,0,0,0,0,0,0,0,0,0,0,0,0,0,0,0,0,0,0,0,0,0,0,0,0,1,1,1,1,1,2,3,3,3,3,3,3,3,4,5,6,7,8,8,11,11,12,19,20,20,23,23,23,24,24,27,28,28,29,31,32,32,35,35,35,36,36,37,38,38,42,42,42,43,48,52,54,56,60,62,67,74,78,82,84,92,97,103,109,113,120,131,139,151,185,202,209,227,233,238,247,252,264,269,287,298,304,314,326,334,338,346,367,376,381,390,397,415,419,425,429,428,434,441,445,448,452
84023003,US,USA,840,23003.0,Aroostook,Maine,US,46.65926321,-68.59841248,"Aroostook, Maine, US",0,0,0,0,0,0,0,0,0,0,0,0,0,0,0,0,0,0,0,0,0,0,0,0,0,0,0,0,0,0,0,0,0,0,0,0,0,0,0,0,0,0,0,0,0,0,0,0,0,0,0,0,0,0,0,0,0,0,0,0,0,0,0,0,0,0,0,0,0,0,0,0,1,1,1,1,2,2,2,2,2,2,2,2,2,3,2,2,2,2,2,2,3,4,4,4,4,5,5,5,5,5,5,5,6,6,6,6,6,6,6,6,6,7,7,7,7,7,7,8,8,8,8,8,8,8,8,8,10,10,10,10,10,10,10,10,10,10,10,10,10,10,10,10,10,10,10,10,11,11,11,17
84023005,US,USA,840,23005.0,Cumberland,Maine,US,43.8370751,-70.37226999,"Cumberland, Maine, US",0,0,0,0,0,0,0,0,0,0,0,0,0,0,0,0,0,0,0,0,0,0,0,0,0,0,0,0,0,0,0,0,0,0,0,0,0,0,0,0,0,0,0,0,0,0,0,0,0,0,0,0,0,1,13,18,24,25,35,41,53,66,74,87,90,92,120,142,154,169,169,204,222,231,238,249,253,262,269,276,284,292,299,331,339,343,360,369,378,380,386,395,414,426,426,454,459,466,472,486,504,527,549,558,571,583,631,658,685,702,714,721,744,778,798,821,837,852,863,891,919,968,1009,1032,1040,1056,1065,1092,1117,1146,1175,1189,1203,1226,1244,1265,1290,1307,1311,1324,1339,1361,1388,1414,1434,1445,1450,1461,1493,1516,1534,1540
84023007,US,USA,840,23007.0,Franklin,Maine,US,44.97330019,-70.44381045,"Franklin, Maine, US",0,0,0,0,0,0,0,0,0,0,0,0,0,0,0,0,0,0,0,0,0,0,0,0,0,0,0,0,0,0,0,0,0,0,0,0,0,0,0,0,0,0,0,0,0,0,0,0,0,0,0,0,0,0,0,0,0,0,0,0,0,0,0,0,1,1,2,2,2,2,2,3,4,4,4,5,5,5,7,7,7,8,8,8,9,9,10,11,12,13,13,14,14,26,26,27,27,27,27,27,28,28,29,29,29,29,31,31,31,31,31,31,31,31,33,33,33,33,33,34,35,36,36,36,36,36,36,36,36,36,36,36,36,36,36,36,36,36,36,36,36,36,37,37,37,37,37,37,37,38,38,38
84023009,US,USA,840,23009.0,Hancock,Maine,US,44.59816444,-68.38401854,"Hancock, Maine, US",0,0,0,0,0,0,0,0,0,0,0,0,0,0,0,0,0,0,0,0,0,0,0,0,0,0,0,0,0,0,0,0,0,0,0,0,0,0,0,0,0,0,0,0,0,0,0,0,0,0,0,0,0,0,0,0,0,1,0,0,0,0,0,0,0,0,0,0,0,0,0,2,2,2,2,2,2,3,3,4,4,5,5,5,5,5,6,6,6,6,6,7,8,8,8,9,9,10,10,10,10,10,10,10,10,10,10,10,10,10,10,10,10,10,10,10,11,11,11,11,11,11,11,11,11,11,11,11,11,11,11,11,11,11,11,12,12,12,12,12,12,12,13,13,13,13,13,13,13,13,14,14
84023011,US,USA,840,23011.0,Kennebec,Maine,US,44.40759555,-69.76738544,"Kennebec, Maine, US",0,0,0,0,0,0,0,0,0,0,0,0,0,0,0,0,0,0,0,0,0,0,0,0,0,0,0,0,0,0,0,0,0,0,0,0,0,0,0,0,0,0,0,0,0,0,0,0,0,0,0,0,0,0,0,1,1,3,4,4,4,4,5,5,6,6,9,10,10,12,12,19,19,21,22,23,26,26,26,29,31,32,78,81,93,94,95,96,97,97,97,99,100,100,100,101,102,103,104,104,104,104,105,105,105,106,107,108,109,109,110,111,112,113,116,120,121,121,120,121,123,124,126,128,128,128,128,128,128,128,128,128,127,127,128,129,130,130,131,131,132,133,134,136,136,136,137,138,138,138,137,138
84023013,US,USA,840,23013.0,Knox,Maine,US,44.11486325,-69.10529169,"Knox, Maine, US",0,0,0,0,0,0,0,0,0,0,0,0,0,0,0,0,0,0,0,0,0,0,0,0,0,0,0,0,0,0,0,0,0,0,0,0,0,0,0,0,0,0,0,0,0,0,0,0,0,0,0,0,0,0,1,1,0,0,0,0,0,1,1,1,1,2,2,4,4,5,5,7,9,9,9,9,9,9,10,10,10,10,12,11,12,12,12,12,12,12,13,13,13,13,13,14,14,15,16,16,16,16,16,16,16,17,17,18,18,18,19,19,19,19,21,21,20,20,20,20,20,20,20,20,20,20,20,20,20,20,20,20,20,21,21,21,21,21,21,21,21,21,21,22,22,23,23,23,23,23,24,24
84023015,US,USA,840,23015.0,Lincoln,Maine,US,44.05996956,-69.54227124,"Lincoln, Maine, US",0,0,0,0,0,0,0,0,0,0,0,0,0,0,0,0,0,0,0,0,0,0,0,0,0,0,0,0,0,0,0,0,0,0,0,0,0,0,0,0,0,0,0,0,0,0,0,0,0,0,0,0,0,0,2,2,3,3,4,4,4,5,5,5,5,5,5,5,8,8,8,8,8,8,8,9,9,9,9,9,9,9,10,11,12,12,12,12,12,12,12,12,12,12,12,12,12,12,12,13,14,14,13,13,13,14,14,15,15,15,15,15,15,15,16,17,17,17,17,17,18,18,19,20,20,20,20,20,20,20,20,20,20,20,20,20,20,20,20,20,20,20,21,21,21,21,21,21,21,21,21,21
84023017,US,USA,840,23017.0,Oxford,Maine,US,44.49952995,-70.75682123,"Oxford, Maine, US",0,0,0,0,0,0,0,0,0,0,0,0,0,0,0,0,0,0,0,0,0,0,0,0,0,0,0,0,0,0,0,0,0,0,0,0,0,0,0,0,0,0,0,0,0,0,0,0,0,0,0,0,0,0,0,1,1,1,1,4,4,5,6,6,8,8,8,9,9,9,9,9,10,11,11,11,12,12,12,12,13,13,13,13,13,13,13,13,14,14,14,14,14,14,14,15,15,15,15,15,15,15,15,15,15,16,17,17,17,17,17,17,17,17,17,17,17,17,17,18,18,19,19,21,21,22,26,29,32,33,34,33,33,33,32,32,32,31,31,31,31,31,31,31,33,34,34,34,33,34,34,34
84023019,US,USA,840,23019.0,Penobscot,Maine,US,45.40194593,-68.65020455,"Penobscot, Maine, US",0,0,0,0,0,0,0,0,0,0,0,0,0,0,0,0,0,0,0,0,0,0,0,0,0,0,0,0,0,0,0,0,0,0,0,0,0,0,0,0,0,0,0,0,0,0,0,0,0,0,0,0,0,0,0,0,1,1,2,2,2,3,4,4,5,6,10,11,12,12,12,16,20,22,22,25,31,31,31,33,34,34,34,34,36,37,40,41,43,44,46,47,49,50,50,53,55,57,59,78,79,82,84,85,85,87,89,89,89,90,90,90,90,91,91,93,93,93,94,95,98,98,98,98,99,99,99,100,100,100,100,100,100,100,100,101,101,101,101,101,101,101,102,102,102,102,101,101,101,102,102,102
84023021,US,USA,840,23021.0,Piscataquis,Maine,US,45.83839062,-69.2860223,"Piscataquis, Maine, US",0,0,0,0,0,0,0,0,0,0,0,0,0,0,0,0,0,0,0,0,0,0,0,0,0,0,0,0,0,0,0,0,0,0,0,0,0,0,0,0,0,0,0,0,0,0,0,0,0,0,0,0,0,0,0,0,0,0,0,0,0,0,0,0,0,0,0,0,0,0,0,0,0,0,0,0,0,0,0,0,0,0,0,0,0,0,0,0,1,1,1,1,1,1,1,1,1,1,1,1,1,1,1,1,1,1,1,1,1,1,1,1,1,1,1,1,1,1,1,1,1,1,1,1,1,1,1,1,1,1,1,1,1,1,1,1,1,1,1,1,1,1,1,1,1,1,1,1,1,1,2,2
84023023,US,USA,840,23023.0,Sagadahoc,Maine,US,43.95415864,-69.85074999,"Sagadahoc, Maine, US",0,0,0,0,0,0,0,0,0,0,0,0,0,0,0,0,0,0,0,0,0,0,0,0,0,0,0,0,0,0,0,0,0,0,0,0,0,0,0,0,0,0,0,0,0,0,0,0,0,0,0,0,0,0,0,0,0,0,0,1,3,3,3,4,4,4,5,7,7,7,7,10,12,13,13,13,13,13,14,15,15,15,15,15,15,15,15,15,16,16,17,17,17,17,17,18,18,18,19,19,19,19,19,19,19,20,20,20,20,21,21,21,23,25,26,26,27,27,27,28,28,28,28,28,28,28,29,30,30,30,30,30,31,31,30,30,30,30,30,30,30,30,30,30,30,30,30,30,30,30,30,30
84023025,US,USA,840,23025.0,Somerset,Maine,US,45.51229767,-69.95995554,"Somerset, Maine, US",0,0,0,0,0,0,0,0,0,0,0,0,0,0,0,0,0,0,0,0,0,0,0,0,0,0,0,0,0,0,0,0,0,0,0,0,0,0,0,0,0,0,0,0,0,0,0,0,0,0,0,0,0,0,0,0,0,0,0,0,0,0,0,0,0,0,0,1,1,1,1,2,2,3,4,4,4,5,5,5,6,8,8,11,13,14,15,15,16,16,16,16,16,16,16,17,17,18,18,17,17,17,17,17,17,17,17,17,17,17,17,17,18,18,19,20,20,20,20,20,20,21,21,21,21,21,21,22,22,22,22,22,22,22,22,22,22,22,24,24,25,25,25,25,25,25,25,26,26,26,26,26
84023027,US,USA,840,23027.0,Waldo,Maine,US,44.4858305,-69.12061935,"Waldo, Maine, US",0,0,0,0,0,0,0,0,0,0,0,0,0,0,0,0,0,0,0,0,0,0,0,0,0,0,0,0,0,0,0,0,0,0,0,0,0,0,0,0,0,0,0,0,0,0,0,0,0,0,0,0,0,0,0,0,0,0,0,0,0,0,1,1,2,2,2,2,2,2,2,2,3,3,3,5,5,7,11,19,27,29,29,29,30,39,42,42,42,43,43,45,47,47,47,48,48,48,48,48,49,49,49,49,49,49,49,49,49,49,49,49,49,50,50,50,50,50,50,50,51,51,51,51,51,51,51,51,51,51,51,51,51,51,51,52,52,52,53,53,54,55,55,55,55,55,55,55,55,55,55,55
84023029,US,USA,840,23029.0,Washington,Maine,US,45.01607142,-67.62813524,"Washington, Maine, US",0,0,0,0,0,0,0,0,0,0,0,0,0,0,0,0,0,0,0,0,0,0,0,0,0,0,0,0,0,0,0,0,0,0,0,0,0,0,0,0,0,0,0,0,0,0,0,0,0,0,0,0,0,0,0,0,0,0,0,0,0,0,0,0,0,0,0,0,0,0,0,0,1,1,1,1,1,1,1,1,1,1,1,1,2,2,2,2,2,2,2,2,2,2,2,2,2,2,2,2,2,2,2,2,2,2,2,2,2,2,2,2,2,2,2,2,5,2,2,2,2,2,2,2,2,2,2,2,2,2,2,2,1,1,1,1,1,1,1,1,1,1,1,1,1,1,1,1,2,2,2,2
84023031,US,USA,840,23031.0,York,Maine,US,43.47808377,-70.71052375,"York, Maine, US",0,0,0,0,0,0,0,0,0,0,0,0,0,0,0,0,0,0,0,0,0,0,0,0,0,0,0,0,0,0,0,0,0,0,0,0,0,0,0,0,0,0,0,0,0,0,0,0,0,0,0,0,0,0,0,1,2,2,5,8,8,12,16,23,27,33,38,47,53,59,59,74,89,95,101,108,115,121,132,137,143,144,151,152,156,164,170,175,177,181,183,185,190,191,191,196,196,200,203,205,208,210,215,219,226,230,243,249,256,261,262,264,269,277,281,288,295,302,307,316,320,331,337,344,350,359,365,370,373,381,385,391,396,398,401,408,420,427,428,428,432,431,433,438,446,446,450,450,451,457,458,461
84024001,US,USA,840,24001.0,Allegany,Maryland,US,39.62357628,-78.69280486,"Allegany, Maryland, US",0,0,0,0,0,0,0,0,0,0,0,0,0,0,0,0,0,0,0,0,0,0,0,0,0,0,0,0,0,0,0,0,0,0,0,0,0,0,0,0,0,0,0,0,0,0,0,0,0,0,0,0,0,0,0,0,0,0,0,0,0,0,0,0,0,0,0,0,0,0,0,1,2,3,6,6,7,6,8,10,11,13,15,17,17,20,26,33,33,32,56,58,77,90,105,113,114,115,116,118,118,121,124,126,129,129,143,143,144,146,146,148,149,150,151,160,161,164,166,166,166,168,168,170,176,176,177,178,177,177,178,180,181,182,182,183,184,184,185,186,185,185,187,187,187,187,188,188,187,187,188,188
84024003,US,USA,840,24003.0,Anne Arundel,Maryland,US,39.00670238,-76.60329337,"Anne Arundel, Maryland, US",0,0,0,0,0,0,0,0,0,0,0,0,0,0,0,0,0,0,0,0,0,0,0,0,0,0,0,0,0,0,0,0,0,0,0,0,0,0,0,0,0,0,0,0,0,0,0,0,0,0,0,1,1,2,1,3,4,5,9,15,18,20,24,31,41,63,88,99,110,127,158,206,249,289,319,343,370,466,505,554,615,659,724,783,845,896,966,1005,1047,1098,1157,1190,1294,1373,1430,1510,1544,1571,1662,1725,1807,1885,1959,2018,2045,2085,2194,2290,2372,2463,2492,2520,2596,2661,2752,2801,2856,2893,2981,3033,3132,3207,3282,3307,3357,3394,3448,3556,3643,3743,3785,3842,3924,4009,4080,4150,4210,4236,4267,4309,4348,4421,4453,4522,4607,4623,4751,4796,4835,4862,4880,4904
84024005,US,USA,840,24005.0,Baltimore,Maryland,US,39.45784712,-76.62911955,"Baltimore, Maryland, US",0,0,0,0,0,0,0,0,0,0,0,0,0,0,0,0,0,0,0,0,0,0,0,0,0,0,0,0,0,0,0,0,0,0,0,0,0,0,0,0,0,0,0,0,0,0,0,0,0,0,1,2,2,3,4,6,10,12,13,19,28,35,42,51,81,103,141,162,186,227,289,353,427,491,590,648,652,866,979,1072,1173,1257,1361,1377,1485,1516,1569,1664,1733,1875,1925,2012,2132,2234,2387,2509,2548,2631,2740,2831,3013,3183,3301,3448,3430,3527,3662,3763,3737,3862,3948,4051,4160,4290,4399,4549,4624,4749,4920,5025,5135,5170,5290,5373,5476,5498,5562,5678,5819,5955,6065,6299,6385,6457,6476,6590,6696,6753,6814,6852,6916,6985,7051,7107,7151,7199,7248,7329,7371,7403,7480,7537
84024009,US,USA,840,24009.0,Calvert,Maryland,US,38.53961642,-76.56820632,"Calvert, Maryland, US",0,0,0,0,0,0,0,0,0,0,0,0,0,0,0,0,0,0,0,0,0,0,0,0,0,0,0,0,0,0,0,0,0,0,0,0,0,0,0,0,0,0,0,0,0,0,0,0,0,0,0,0,0,0,0,0,0,1,1,1,2,1,3,3,7,9,8,10,12,15,18,22,30,33,39,40,41,56,66,76,82,90,94,99,102,103,109,109,113,114,116,118,121,125,130,134,138,139,142,150,161,160,162,171,174,184,188,191,202,206,209,211,214,225,228,237,241,245,255,259,278,291,298,304,307,308,314,320,329,334,341,349,352,348,352,353,354,358,362,363,363,366,370,373,375,376,380,382,385,389,393,394
84024011,US,USA,840,24011.0,Caroline,Maryland,US,38.87172293,-75.82904158,"Caroline, Maryland, US",0,0,0,0,0,0,0,0,0,0,0,0,0,0,0,0,0,0,0,0,0,0,0,0,0,0,0,0,0,0,0,0,0,0,0,0,0,0,0,0,0,0,0,0,0,0,0,0,0,0,0,0,0,0,0,0,0,0,0,1,1,1,1,1,1,1,1,3,4,4,4,4,4,4,4,6,11,11,12,12,15,17,21,21,22,23,28,33,33,39,41,41,50,55,61,63,68,69,69,71,74,79,95,98,99,101,105,107,110,133,167,174,177,183,190,200,191,200,208,210,216,223,231,240,241,243,243,245,248,253,259,260,263,265,268,268,270,272,272,273,276,278,279,282,283,283,284,284,285,288,290,294
84024013,US,USA,840,24013.0,Carroll,Maryland,US,39.56453592,-77.02373735,"Carroll, Maryland, US",0,0,0,0,0,0,0,0,0,0,0,0,0,0,0,0,0,0,0,0,0,0,0,0,0,0,0,0,0,0,0,0,0,0,0,0,0,0,0,0,0,0,0,0,0,0,0,0,0,0,0,1,1,1,1,2,1,2,4,3,4,5,5,5,7,9,10,82,82,92,96,105,129,134,142,150,159,186,203,214,214,236,250,259,262,283,288,308,313,335,330,344,355,372,384,391,403,416,421,436,460,480,494,506,513,521,534,542,551,560,583,589,595,619,635,633,646,703,712,720,733,755,765,783,802,811,817,840,861,880,913,914,927,940,947,960,950,952,954,963,969,976,977,983,989,992,987,1006,1010,1028,1028,1030
84024015,US,USA,840,24015.0,Cecil,Maryland,US,39.56647682,-75.94627411,"Cecil, Maryland, US",0,0,0,0,0,0,0,0,0,0,0,0,0,0,0,0,0,0,0,0,0,0,0,0,0,0,0,0,0,0,0,0,0,0,0,0,0,0,0,0,0,0,0,0,0,0,0,0,0,0,0,0,0,0,0,0,0,0,0,0,0,1,3,4,4,9,13,13,13,14,16,20,25,33,36,37,41,49,54,64,66,74,83,85,90,101,127,131,131,134,134,134,140,144,146,154,163,163,164,167,176,187,188,194,195,200,208,211,219,242,267,270,271,291,300,308,308,318,323,328,331,339,342,345,348,353,354,356,364,366,371,369,377,381,388,393,399,404,408,417,423,429,435,439,443,445,450,455,456,459,460,460
84024017,US,USA,840,24017.0,Charles,Maryland,US,38.51092331,-76.98580666,"Charles, Maryland, US",0,0,0,0,0,0,0,0,0,0,0,0,0,0,0,0,0,0,0,0,0,0,0,0,0,0,0,0,0,0,0,0,0,0,0,0,0,0,0,0,0,0,0,0,0,0,0,0,0,0,0,1,1,1,1,1,2,2,2,4,5,5,5,8,10,17,21,28,33,40,56,69,90,95,111,129,136,164,180,220,235,253,274,292,310,327,337,347,370,392,401,427,442,459,483,504,529,539,551,564,611,622,637,651,660,670,698,716,729,748,756,761,778,796,829,844,859,867,895,921,943,956,969,989,997,1001,1008,1027,1056,1085,1108,1120,1133,1152,1174,1185,1196,1202,1211,1216,1231,1235,1248,1264,1269,1272,1277,1291,1294,1294,1304,1313
84024019,US,USA,840,24019.0,Dorchester,Maryland,US,38.45413522,-76.02752426,"Dorchester, Maryland, US",0,0,0,0,0,0,0,0,0,0,0,0,0,0,0,0,0,0,0,0,0,0,0,0,0,0,0,0,0,0,0,0,0,0,0,0,0,0,0,0,0,0,0,0,0,0,0,0,0,0,0,0,0,0,0,0,0,0,0,0,0,0,0,0,0,0,0,0,0,0,1,1,1,1,1,1,3,4,7,7,8,9,12,14,16,18,20,20,21,23,25,28,31,32,38,46,51,52,51,51,54,59,71,75,76,79,85,86,91,95,98,102,102,104,107,111,111,122,122,122,124,126,126,127,128,130,133,136,140,141,142,142,144,147,152,153,154,155,156,157,157,159,160,161,162,165,166,170,170,174,180,183
84024021,US,USA,840,24021.0,Frederick,Maryland,US,39.47296601,-77.39999394,"Frederick, Maryland, US",0,0,0,0,0,0,0,0,0,0,0,0,0,0,0,0,0,0,0,0,0,0,0,0,0,0,0,0,0,0,0,0,0,0,0,0,0,0,0,0,0,0,0,0,0,0,0,0,0,0,0,0,0,0,1,1,1,1,1,1,1,4,4,7,14,15,22,24,26,33,35,45,54,73,120,138,151,199,233,289,341,368,417,441,442,497,525,557,591,616,632,658,690,765,814,834,865,870,893,918,942,976,1004,1038,1071,1108,1151,1182,1213,1251,1267,1282,1302,1325,1364,1402,1423,1460,1491,1533,1568,1625,1661,1696,1731,1746,1786,1824,1856,1890,1911,1928,1961,2005,2041,2069,2100,2114,2135,2152,2178,2202,2225,2251,2273,2298,2308,2336,2342,2361,2380,2393
84024023,US,USA,840,24023.0,Garrett,Maryland,US,39.52786077,-79.27355126,"Garrett, Maryland, US",0,0,0,0,0,0,0,0,0,0,0,0,0,0,0,0,0,0,0,0,0,0,0,0,0,0,0,0,0,0,0,0,0,0,0,0,0,0,0,0,0,0,0,0,0,0,0,0,0,0,0,0,0,0,0,0,0,0,0,0,0,3,3,3,3,3,3,3,3,3,3,3,3,3,3,3,3,5,5,4,4,4,4,4,4,4,4,4,4,4,4,4,4,4,4,4,4,4,4,4,4,4,4,4,4,4,4,5,6,6,6,6,6,6,6,7,6,7,7,7,7,7,7,7,10,10,10,10,10,10,10,10,10,10,10,10,10,10,10,10,10,10,10,10,10,10,10,10,10,10,10,10
84024025,US,USA,840,24025.0,Harford,Maryland,US,39.55010644,-76.30775940000002,"Harford, Maryland, US",0,0,0,0,0,0,0,0,0,0,0,0,0,0,0,0,0,0,0,0,0,0,0,0,0,0,0,0,0,0,0,0,0,0,0,0,0,0,0,0,0,0,0,0,0,0,1,1,1,1,1,1,2,2,2,2,3,3,5,5,5,5,5,5,9,18,21,23,24,25,34,37,41,44,52,55,59,86,101,110,120,129,142,147,152,161,176,195,210,226,232,267,280,289,302,319,352,358,371,414,437,468,479,491,499,532,552,572,589,605,605,614,629,663,671,678,687,695,709,721,737,746,764,780,789,795,801,827,854,861,882,881,891,901,920,939,947,957,961,969,982,990,991,1004,1009,1019,1023,1032,1036,1041,1052,1056
84024027,US,USA,840,24027.0,Howard,Maryland,US,39.25305293,-76.93126208,"Howard, Maryland, US",0,0,0,0,0,0,0,0,0,0,0,0,0,0,0,0,0,0,0,0,0,0,0,0,0,0,0,0,0,0,0,0,0,0,0,0,0,0,0,0,0,0,0,0,0,0,0,0,0,0,0,0,0,0,4,4,8,16,18,19,24,26,30,35,49,62,73,81,96,117,142,152,166,180,199,214,236,274,299,319,351,371,386,403,424,451,475,508,515,538,565,592,618,642,686,707,778,802,831,867,896,931,969,992,1010,1061,1098,1138,1170,1205,1223,1234,1258,1285,1313,1352,1378,1416,1465,1494,1548,1586,1638,1667,1716,1732,1760,1815,1868,1905,1928,1944,1975,2004,2033,2074,2094,2125,2156,2191,2220,2311,2332,2371,2335,2350,2327,2343,2348,2382,2409,2423
84024029,US,USA,840,24029.0,Kent,Maryland,US,39.24976208,-76.04741541,"Kent, Maryland, US",0,0,0,0,0,0,0,0,0,0,0,0,0,0,0,0,0,0,0,0,0,0,0,0,0,0,0,0,0,0,0,0,0,0,0,0,0,0,0,0,0,0,0,0,0,0,0,0,0,0,0,0,0,0,0,0,0,0,0,0,0,0,0,1,1,2,2,3,3,3,3,5,5,5,5,5,8,9,9,9,10,11,11,11,11,11,14,16,18,28,29,36,64,67,67,68,70,73,73,79,86,80,91,95,95,94,98,98,102,113,116,120,123,125,131,138,137,140,144,145,143,146,148,152,155,158,160,165,167,170,173,174,174,178,180,184,185,187,187,188,189,188,189,192,193,193,193,192,193,193,193,193
84024031,US,USA,840,24031.0,Montgomery,Maryland,US,39.13676329,-77.20358245,"Montgomery, Maryland, US",0,0,0,0,0,0,0,0,0,0,0,0,0,0,0,0,0,0,0,0,0,0,0,0,0,0,0,0,0,0,0,0,0,0,0,0,0,0,0,0,0,0,0,0,3,3,4,4,4,5,6,6,6,7,15,24,31,33,51,68,83,94,107,127,164,208,255,301,341,388,447,498,566,640,693,793,871,1088,1214,1388,1537,1631,1756,1883,1933,2133,2280,2404,2507,2647,2768,2868,3060,3227,3483,3645,3843,4003,4152,4300,4754,4919,5150,5384,5541,5790,6032,6316,6555,6762,6909,7130,7283,7548,7759,7988,8206,8417,8950,9052,9260,9432,9699,9922,10111,10291,10467,10752,11035,11251,11361,11476,11731,11924,12226,12434,12624,12734,12818,12968,13124,13276,13348,13534,13607,13657,13709,13819,13862,13928,14004,14079
84024033,US,USA,840,24033.0,Prince George's,Maryland,US,38.83070039,-76.8496441,"Prince George's, Maryland, US",0,0,0,0,0,0,0,0,0,0,0,0,0,0,0,0,0,0,0,0,0,0,0,0,0,0,0,0,0,0,0,0,0,0,0,0,0,0,0,0,0,0,0,0,0,0,0,0,3,3,4,6,7,7,10,14,20,23,31,36,40,47,63,76,101,148,196,247,294,341,403,473,563,653,785,916,1020,1310,1476,1716,1923,2035,2205,2356,2516,2722,2966,3160,3345,3583,3734,3875,4141,4403,4795,4987,5263,5496,5738,6043,6735,7041,7333,7598,7831,8135,8516,8901,9205,9496,9687,9892,10072,10449,10791,11031,11316,11608,12240,12446,12830,13077,13324,13521,13726,13819,14100,14508,14773,15022,15220,15353,15553,15738,15940,16169,16316,16434,16523,16636,16753,16940,17042,17216,17326,17400,17499,17611,17666,17709,17804,17874
84024035,US,USA,840,24035.0,Queen Anne's,Maryland,US,39.06198912,-76.03530977,"Queen Anne's, Maryland, US",0,0,0,0,0,0,0,0,0,0,0,0,0,0,0,0,0,0,0,0,0,0,0,0,0,0,0,0,0,0,0,0,0,0,0,0,0,0,0,0,0,0,0,0,0,0,0,0,0,0,0,0,0,0,0,0,0,0,0,1,1,1,1,1,2,2,4,4,4,4,7,8,12,13,13,15,15,16,17,17,19,19,19,19,19,19,19,24,25,26,27,31,33,43,52,53,54,55,55,52,52,57,60,63,65,67,68,70,72,80,100,103,104,106,108,112,125,129,133,135,141,141,146,146,151,151,151,152,160,159,160,161,161,162,161,163,168,170,177,177,178,178,179,179,180,183,183,187,187,203,204,205
84024037,US,USA,840,24037.0,St. Mary's,Maryland,US,38.30058422,-76.60629279999998,"St. Mary's, Maryland, US",0,0,0,0,0,0,0,0,0,0,0,0,0,0,0,0,0,0,0,0,0,0,0,0,0,0,0,0,0,0,0,0,0,0,0,0,0,0,0,0,0,0,0,0,0,0,0,0,0,0,0,0,0,0,0,0,0,0,0,0,1,1,2,2,4,4,8,9,9,15,19,27,30,34,40,41,46,62,65,71,73,82,95,98,99,98,100,119,122,107,107,112,115,119,124,133,144,145,145,150,159,164,165,168,170,186,193,207,234,241,244,246,254,271,299,306,313,326,338,340,357,370,379,393,395,400,400,417,460,471,499,505,518,536,542,547,548,553,553,561,565,573,575,578,580,582,585,587,595,599,597,602
84024039,US,USA,840,24039.0,Somerset,Maryland,US,38.1163542,-75.75118623,"Somerset, Maryland, US",0,0,0,0,0,0,0,0,0,0,0,0,0,0,0,0,0,0,0,0,0,0,0,0,0,0,0,0,0,0,0,0,0,0,0,0,0,0,0,0,0,0,0,0,0,0,0,0,0,0,0,0,0,0,0,0,0,0,0,1,1,1,1,1,1,1,1,1,1,1,4,4,4,4,4,4,4,4,4,4,4,4,6,5,5,6,9,10,10,11,11,11,12,13,14,16,19,20,21,26,30,32,33,35,37,39,40,41,42,43,50,51,51,51,54,55,57,61,62,64,71,71,71,72,72,73,73,73,73,73,73,73,74,75,76,76,76,76,77,77,77,78,78,79,79,80,82,82,83,83,83,83
84024041,US,USA,840,24041.0,Talbot,Maryland,US,38.76618159,-76.10882561,"Talbot, Maryland, US",0,0,0,0,0,0,0,0,0,0,0,0,0,0,0,0,0,0,0,0,0,0,0,0,0,0,0,0,0,0,0,0,0,0,0,0,0,0,0,0,0,0,0,0,0,0,0,0,0,0,0,0,0,0,1,1,1,1,1,1,1,1,1,1,1,1,2,3,4,3,4,4,5,6,7,8,8,10,13,13,13,14,16,16,14,14,14,16,19,22,22,23,25,23,28,34,34,34,34,35,35,39,44,45,45,45,52,55,58,60,61,61,62,64,65,68,68,68,68,69,70,73,77,79,86,86,84,87,91,96,99,101,101,103,106,106,108,108,108,108,108,107,107,107,107,107,109,110,110,113,113,115
84024043,US,USA,840,24043.0,Washington,Maryland,US,39.60835778,-77.82002295,"Washington, Maryland, US",0,0,0,0,0,0,0,0,0,0,0,0,0,0,0,0,0,0,0,0,0,0,0,0,0,0,0,0,0,0,0,0,0,0,0,0,0,0,0,0,0,0,0,0,0,0,0,0,0,0,0,0,0,0,0,0,0,0,0,0,1,2,2,4,4,5,6,6,7,11,15,17,27,29,34,37,44,57,60,66,72,75,93,96,106,109,116,116,117,123,126,127,139,143,154,173,181,187,197,206,216,225,232,237,238,251,260,259,265,276,283,284,287,305,320,332,338,343,352,364,377,389,398,408,413,413,418,423,441,456,469,472,480,486,516,529,545,548,551,545,551,560,568,570,571,579,579,593,595,601,602,603
84024045,US,USA,840,24045.0,Wicomico,Maryland,US,38.37301947,-75.62705831,"Wicomico, Maryland, US",0,0,0,0,0,0,0,0,0,0,0,0,0,0,0,0,0,0,0,0,0,0,0,0,0,0,0,0,0,0,0,0,0,0,0,0,0,0,0,0,0,0,0,0,0,0,0,0,0,0,0,0,0,0,0,0,0,0,1,2,2,4,4,4,5,5,6,6,6,7,7,7,7,8,11,11,17,20,21,28,33,42,58,63,76,87,103,138,145,166,176,183,203,222,242,270,336,340,350,406,425,452,473,480,500,517,541,553,558,571,690,694,738,754,777,801,818,837,839,848,844,854,859,867,892,908,910,919,931,943,953,955,955,959,959,967,975,977,984,990,992,998,1004,1010,1020,1027,1031,1035,1036,1036,1039,1043
84024047,US,USA,840,24047.0,Worcester,Maryland,US,38.21274277,-75.33200012,"Worcester, Maryland, US",0,0,0,0,0,0,0,0,0,0,0,0,0,0,0,0,0,0,0,0,0,0,0,0,0,0,0,0,0,0,0,0,0,0,0,0,0,0,0,0,0,0,0,0,0,0,0,0,0,0,0,0,0,0,0,0,0,0,1,1,2,2,2,2,2,2,2,2,3,3,4,5,5,7,9,10,10,10,16,16,19,20,21,21,22,25,28,31,33,34,33,34,39,44,46,48,53,54,55,61,65,72,75,80,81,86,96,98,102,106,113,114,125,127,131,136,137,164,164,169,181,180,180,183,185,194,193,198,206,210,214,215,217,219,223,230,232,235,239,241,242,243,246,253,256,258,258,265,267,267,270,271
84024510,US,USA,840,24510.0,Baltimore City,Maryland,US,39.30211911,-76.61151012,"Baltimore City, Maryland, US",0,0,0,0,0,0,0,0,0,0,0,0,0,0,0,0,0,0,0,0,0,0,0,0,0,0,0,0,0,0,0,0,0,0,0,0,0,0,0,0,0,0,0,0,0,0,0,0,0,0,0,0,0,1,2,2,4,8,11,15,24,31,41,53,72,88,112,129,152,187,221,265,313,343,394,435,459,571,638,689,756,812,873,962,1060,1160,1273,1378,1392,1511,1542,1602,1672,1728,1791,1866,1933,1977,2014,2068,2162,2237,2319,2411,2609,2752,2856,2941,3208,3317,3353,3404,3476,3505,3606,3719,3798,3830,4002,4152,4339,4492,4673,4782,4888,4997,5054,5203,5426,5564,5664,5604,5688,5801,5906,6038,6141,6229,6296,6355,6428,6509,6559,6633,6689,6747,6782,6866,6906,6938,6993,7053
84025001,US,USA,840,25001.0,Barnstable,Massachusetts,US,41.72980578,-70.28854339,"Barnstable, Massachusetts, US",0,0,0,0,0,0,0,0,0,0,0,0,0,0,0,0,0,0,0,0,0,0,0,0,0,0,0,0,0,0,0,0,0,0,0,0,0,0,0,0,0,0,0,0,0,0,0,0,0,0,0,0,1,1,1,2,2,5,9,11,24,30,40,51,67,100,133,148,173,191,255,283,314,330,347,383,405,423,444,464,480,501,502,514,530,550,582,599,642,674,682,688,720,760,770,787,813,843,866,886,930,970,981,997,1008,1039,1065,1088,1112,1129,1138,1158,1178,1186,1208,1219,1224,1229,1253,1275,1282,1346,1357,1363,1373,1378,1385,1398,1408,1413,1420,1424,1430,1435,1443,1446,1450,1456,1458,1462,1467,1474,1479,1486,1487,1489,1494,1497,1502,1508,1513,1515
84025003,US,USA,840,25003.0,Berkshire,Massachusetts,US,42.37428441,-73.20524838,"Berkshire, Massachusetts, US",0,0,0,0,0,0,0,0,0,0,0,0,0,0,0,0,0,0,0,0,0,0,0,0,0,0,0,0,0,0,0,0,0,0,0,0,0,0,0,0,0,0,0,0,0,0,1,1,5,7,9,9,9,9,11,14,17,18,20,21,23,26,37,71,73,105,119,151,162,171,183,213,240,253,258,268,278,281,304,329,336,350,355,360,370,382,390,392,394,394,411,411,425,432,432,435,435,437,447,449,451,455,458,460,464,469,474,482,483,486,489,497,498,502,505,511,513,514,515,518,529,531,536,541,544,558,560,561,566,567,567,567,568,566,568,571,573,574,575,575,574,575,575,580,580,579,578,582,584,585,586,590
84025005,US,USA,840,25005.0,Bristol,Massachusetts,US,41.79228404,-71.10872211,"Bristol, Massachusetts, US",0,0,0,0,0,0,0,0,0,0,0,0,0,0,0,0,0,0,0,0,0,0,0,0,0,0,0,0,0,0,0,0,0,0,0,0,0,0,0,0,0,0,0,0,0,0,0,0,0,0,0,0,1,1,2,5,5,6,6,14,24,25,31,67,90,129,179,208,263,306,366,424,517,601,659,722,768,835,994,1086,1191,1327,1394,1435,1508,1605,1693,1733,1766,1815,1888,1946,2222,2739,2872,2967,3113,3318,3478,3631,3848,3975,4083,4169,4304,4457,4610,4754,4934,5023,5093,5227,5361,5556,5710,5868,5994,6122,6207,6295,6421,6503,6569,6741,6828,6880,6928,7007,7089,7251,7322,7348,7380,7453,7508,7573,7635,7683,7698,7728,7754,7793,7872,7906,7933,7925,7940,7956,7979,8002,8028,8035
84025007,US,USA,840,25007.0,Dukes,Massachusetts,US,41.40674725,-70.68763497,"Dukes, Massachusetts, US",0,0,0,0,0,0,0,0,0,0,0,0,0,0,0,0,0,0,0,0,0,0,0,0,0,0,0,0,0,0,0,0,0,0,0,0,0,0,0,0,0,0,0,0,0,0,0,0,0,0,0,0,0,0,0,0,0,0,0,0,0,0,0,0,0,0,0,0,0,0,0,0,0,0,0,0,0,0,0,0,0,0,0,0,0,0,0,0,0,0,0,0,0,0,0,0,0,0,0,0,0,0,0,0,0,0,0,0,0,0,0,0,0,0,0,0,0,0,0,0,0,0,0,0,0,0,0,0,0,0,0,0,0,0,0,0,0,0,0,0,0,0,0,0,0,42,0,0,0,0,0,0
84025009,US,USA,840,25009.0,Essex,Massachusetts,US,42.6687626,-70.94687179,"Essex, Massachusetts, US",0,0,0,0,0,0,0,0,0,0,0,0,0,0,0,0,0,0,0,0,0,0,0,0,0,0,0,0,0,0,0,0,0,0,0,0,0,0,0,0,0,0,0,0,0,0,0,0,0,1,2,2,5,5,8,8,14,19,29,41,60,73,118,177,247,350,472,570,653,784,885,1039,1238,1400,1506,1653,1841,2103,2336,2670,2896,3170,3413,3594,3894,4245,4668,5001,5240,5385,5621,5886,6325,6952,7327,7606,7827,8094,8509,8813,9178,9522,9705,9941,10154,10533,10812,11207,11429,11576,11665,11811,11955,12222,12419,12609,12767,12898,13067,13252,13411,13580,13699,13833,13962,14064,14182,14309,14415,14528,14658,14721,14795,14857,14969,15064,15170,15217,15236,15271,15365,15465,15518,15573,15604,15627,15667,15703,15739,15778,15817,15829
84025011,US,USA,840,25011.0,Franklin,Massachusetts,US,42.58119713,-72.58602547,"Franklin, Massachusetts, US",0,0,0,0,0,0,0,0,0,0,0,0,0,0,0,0,0,0,0,0,0,0,0,0,0,0,0,0,0,0,0,0,0,0,0,0,0,0,0,0,0,0,0,0,0,0,0,0,0,0,0,0,0,0,0,0,1,1,1,6,6,6,10,14,16,24,39,41,49,61,72,85,89,95,100,107,118,117,128,135,138,143,148,155,160,170,178,182,186,192,197,201,208,222,230,231,236,242,257,262,265,268,275,279,281,284,291,295,301,301,305,306,312,312,314,314,318,318,318,320,321,321,323,325,326,327,329,331,333,334,335,335,335,335,337,337,338,338,338,341,344,348,348,353,353,353,353,354,356,357,358,358
84025013,US,USA,840,25013.0,Hampden,Massachusetts,US,42.13440424,-72.63235561,"Hampden, Massachusetts, US",0,0,0,0,0,0,0,0,0,0,0,0,0,0,0,0,0,0,0,0,0,0,0,0,0,0,0,0,0,0,0,0,0,0,0,0,0,0,0,0,0,0,0,0,0,0,0,0,0,0,0,0,0,0,1,1,2,3,3,9,12,15,24,45,55,90,183,201,255,354,475,546,661,733,768,889,997,1081,1276,1394,1545,1647,1694,1798,1885,1985,2163,2283,2366,2467,2562,2710,2871,3096,3266,3332,3420,3586,3738,3819,3943,4053,4121,4171,4262,4383,4512,4598,4725,4793,4843,4917,4978,5068,5133,5231,5303,5363,5437,5523,5602,5683,5736,5804,5873,5918,5969,6003,6068,6110,6165,6188,6201,6237,6268,6297,6337,6353,6365,6380,6395,6415,6431,6460,6481,6489,6503,6518,6537,6556,6584,6598
84025015,US,USA,840,25015.0,Hampshire,Massachusetts,US,42.33997957,-72.65898478,"Hampshire, Massachusetts, US",0,0,0,0,0,0,0,0,0,0,0,0,0,0,0,0,0,0,0,0,0,0,0,0,0,0,0,0,0,0,0,0,0,0,0,0,0,0,0,0,0,0,0,0,0,0,0,0,0,0,0,0,0,0,0,0,0,1,2,2,4,6,8,11,17,20,30,37,46,69,81,102,114,125,128,147,158,164,177,194,204,219,224,233,239,248,269,317,328,343,348,357,380,409,425,440,456,522,544,560,532,563,573,579,591,599,614,674,679,696,710,724,731,747,762,776,792,799,805,817,833,840,847,858,862,868,871,873,881,885,885,886,883,891,894,900,904,905,907,905,905,913,918,921,924,926,930,936,936,941,943,944
84025017,US,USA,840,25017.0,Middlesex,Massachusetts,US,42.48607732,-71.39049229,"Middlesex, Massachusetts, US",0,0,0,0,0,0,0,0,0,0,0,0,0,0,0,0,0,0,0,0,0,0,0,0,0,0,0,0,0,0,0,0,0,0,0,0,0,0,0,0,0,0,0,0,1,1,7,7,15,41,49,60,65,65,83,89,100,119,144,177,199,232,304,446,538,685,842,981,1141,1340,1582,1870,2202,2468,2632,2950,3187,3545,4045,4447,4872,5660,5983,6254,6681,7206,7867,8422,8863,9383,9756,10239,10877,11843,12426,12826,13133,13603,13996,14420,14829,15281,15614,16020,16264,16643,17016,17386,17694,17996,18197,18394,18680,18890,19223,19445,19696,19918,20107,20331,20580,20776,20942,21162,21286,21364,21493,21661,21787,21976,22150,22224,22296,22403,22485,22583,22686,22754,22812,22845,22889,22996,23075,23156,23195,23227,23269,23346,23407,23464,23544,23574
84025019,US,USA,840,25019.0,Nantucket,Massachusetts,US,41.2942019,-70.08774729,"Nantucket, Massachusetts, US",0,0,0,0,0,0,0,0,0,0,0,0,0,0,0,0,0,0,0,0,0,0,0,0,0,0,0,0,0,0,0,0,0,0,0,0,0,0,0,0,0,0,0,0,0,0,0,0,0,0,0,0,0,0,0,0,0,0,0,0,0,0,0,0,0,0,0,0,0,0,0,0,0,0,0,0,0,0,0,0,0,0,0,0,0,0,0,0,0,0,0,0,0,0,0,0,0,0,0,0,0,0,0,0,0,0,0,0,0,0,0,0,0,0,0,0,0,0,0,0,0,0,0,0,0,0,0,0,0,0,0,0,0,0,0,0,0,0,0,0,0,0,0,0,0,13,0,0,0,0,0,0
84025021,US,USA,840,25021.0,Norfolk,Massachusetts,US,42.16073095,-71.20530408,"Norfolk, Massachusetts, US",0,0,0,0,0,0,0,0,0,0,0,0,0,0,0,0,0,0,0,0,0,0,0,0,0,0,0,0,0,0,0,0,0,0,0,0,0,0,0,0,0,1,1,1,2,2,6,6,10,22,24,24,28,28,36,43,45,52,64,69,75,82,129,222,292,393,490,548,628,738,829,938,1045,1199,1271,1382,1592,1778,2007,2216,2395,2649,2838,2969,3122,3342,3580,3740,3874,4045,4152,4306,4641,5084,5288,5407,5521,5703,5843,6054,6231,6370,6472,6588,6685,6847,6979,7080,7172,7246,7303,7359,7457,7601,7685,7780,7852,7906,7959,8011,8101,8148,8192,8249,8283,8304,8331,8390,8436,8504,8568,8586,8600,8613,8625,8646,8689,8713,8715,8753,8774,8809,8842,8860,8866,8872,8892,8908,8935,8962,8983,8994
84025023,US,USA,840,25023.0,Plymouth,Massachusetts,US,41.94070556,-70.80802823,"Plymouth, Massachusetts, US",0,0,0,0,0,0,0,0,0,0,0,0,0,0,0,0,0,0,0,0,0,0,0,0,0,0,0,0,0,0,0,0,0,0,0,0,0,0,0,0,0,0,0,0,0,0,0,0,0,0,0,0,0,0,3,5,5,5,11,20,25,32,64,101,138,187,272,325,380,459,561,621,745,898,963,1067,1194,1327,1507,1677,1809,2024,2141,2207,2308,2466,2614,2725,2869,3014,3083,3296,3573,4204,4435,4562,4675,4823,4956,5180,5371,5536,5643,5747,5891,6060,6254,6384,6504,6582,6661,6720,6811,7002,7105,7223,7308,7384,7449,7542,7636,7704,7768,7850,7887,7927,7953,8026,8071,8128,8171,8200,8228,8243,8282,8313,8347,8363,8372,8404,8418,8440,8462,8478,8507,8512,8514,8522,8555,8566,8576,8583
84025025,US,USA,840,25025.0,Suffolk,Massachusetts,US,42.327951399999996,-71.07850442,"Suffolk, Massachusetts, US",0,0,0,0,0,0,0,0,0,0,1,1,1,1,1,1,1,1,1,1,1,1,1,1,1,1,1,1,1,1,1,1,1,1,1,1,1,1,1,1,1,1,1,1,3,3,8,8,10,20,22,26,27,27,36,42,51,72,86,108,126,154,234,342,448,631,843,940,1115,1373,1624,1896,2183,2429,2658,2929,3245,3600,4041,4534,4926,5359,5579,5872,6279,6820,7378,7803,8181,8422,8778,9174,9859,10847,11346,11674,12019,12286,12693,13051,13468,13784,13963,14141,14389,14722,14996,15237,15423,15591,15686,15806,15964,16285,16415,16777,16917,17110,17278,17434,17572,17680,17805,17937,18008,18065,18143,18259,18361,18467,18533,18581,18636,18733,18790,18858,18955,19001,19028,19067,19099,19195,19249,19299,19335,19334,19367,19434,19477,19493,19528,19551
84025027,US,USA,840,25027.0,Worcester,Massachusetts,US,42.35026951,-71.90493363,"Worcester, Massachusetts, US",0,0,0,0,0,0,0,0,0,0,0,0,0,0,0,0,0,0,0,0,0,0,0,0,0,0,0,0,0,0,0,0,0,0,0,0,0,0,0,0,0,0,0,0,0,0,0,0,1,1,1,2,2,2,6,8,10,14,19,24,37,42,73,129,166,219,291,337,390,433,563,667,825,915,978,1077,1172,1296,1461,1678,1822,2032,2128,2246,2350,2503,2812,3000,3117,3230,3392,3511,3854,4285,4529,4642,4815,5073,5377,5630,5874,6220,6382,6567,6698,7105,7315,7536,7743,7880,7956,8102,8391,8711,8944,9233,9421,9613,9757,9958,10181,10301,10460,10649,10735,10788,10887,10974,11086,11184,11307,11352,11438,11465,11529,11600,11696,11732,11758,11803,11820,11885,11937,11961,11975,11991,12014,12032,12050,12085,12122,12130
84026001,US,USA,840,26001.0,Alcona,Michigan,US,44.6846864,-83.59507875,"Alcona, Michigan, US",0,0,0,0,0,0,0,0,0,0,0,0,0,0,0,0,0,0,0,0,0,0,0,0,0,0,0,0,0,0,0,0,0,0,0,0,0,0,0,0,0,0,0,0,0,0,0,0,0,0,0,0,0,0,0,0,0,0,0,0,0,0,0,0,0,0,0,0,0,0,0,0,0,0,0,0,0,0,0,0,0,0,0,1,2,2,2,2,3,6,6,6,6,7,7,6,7,7,7,7,7,8,7,7,7,7,7,7,7,7,7,7,7,8,9,9,9,9,9,11,12,12,13,14,14,14,15,17,17,17,18,20,20,20,20,20,20,20,20,20,20,20,20,21,21,21,21,21,21,21,21,21
84026003,US,USA,840,26003.0,Alger,Michigan,US,46.41292944,-86.60260122,"Alger, Michigan, US",0,0,0,0,0,0,0,0,0,0,0,0,0,0,0,0,0,0,0,0,0,0,0,0,0,0,0,0,0,0,0,0,0,0,0,0,0,0,0,0,0,0,0,0,0,0,0,0,0,0,0,0,0,0,0,0,0,0,0,0,0,0,0,0,0,0,0,0,0,0,0,0,0,0,0,0,0,0,0,0,0,0,0,0,0,0,0,0,0,0,0,0,0,0,0,0,0,0,0,0,0,0,0,0,0,0,0,0,0,0,0,0,0,0,0,0,0,0,0,0,0,0,0,0,0,0,0,0,0,0,0,0,0,0,0,0,0,0,1,1,1,1,1,1,1,1,1,2,2,2,2,2
84026005,US,USA,840,26005.0,Allegan,Michigan,US,42.59147037,-85.89102866,"Allegan, Michigan, US",0,0,0,0,0,0,0,0,0,0,0,0,0,0,0,0,0,0,0,0,0,0,0,0,0,0,0,0,0,0,0,0,0,0,0,0,0,0,0,0,0,0,0,0,0,0,0,0,0,0,0,0,0,0,0,0,0,0,0,1,1,1,1,1,1,1,2,2,2,3,5,5,7,11,15,16,20,21,23,24,26,33,38,40,42,42,46,50,58,60,65,68,75,79,84,88,91,104,114,120,128,133,138,142,147,151,153,157,163,179,186,190,194,198,203,205,210,218,216,224,229,231,236,244,244,246,246,250,253,254,255,257,258,260,262,271,273,273,273,274,274,277,280,283,286,287,288,288,291,292,297,299
84026007,US,USA,840,26007.0,Alpena,Michigan,US,45.03477666,-83.62212411,"Alpena, Michigan, US",0,0,0,0,0,0,0,0,0,0,0,0,0,0,0,0,0,0,0,0,0,0,0,0,0,0,0,0,0,0,0,0,0,0,0,0,0,0,0,0,0,0,0,0,0,0,0,0,0,0,0,0,0,0,0,0,0,0,0,0,0,0,0,0,0,0,0,0,0,0,0,0,0,0,0,0,0,0,0,0,1,1,1,1,1,4,4,4,16,19,39,43,52,67,67,67,67,74,83,89,89,89,90,90,92,93,93,93,94,94,94,94,95,95,97,98,98,98,98,98,99,100,101,102,102,102,102,101,101,101,101,102,102,102,103,112,112,112,112,112,112,114,113,114,114,114,114,114,115,115,115,115
84026009,US,USA,840,26009.0,Antrim,Michigan,US,44.99690221,-85.15503082,"Antrim, Michigan, US",0,0,0,0,0,0,0,0,0,0,0,0,0,0,0,0,0,0,0,0,0,0,0,0,0,0,0,0,0,0,0,0,0,0,0,0,0,0,0,0,0,0,0,0,0,0,0,0,0,0,0,0,0,0,0,0,0,0,0,1,1,1,1,1,1,1,1,1,3,4,5,5,5,5,5,6,7,7,7,7,8,9,9,9,10,10,9,9,10,10,10,10,10,10,11,11,10,10,11,11,11,11,11,11,11,11,11,11,11,11,11,11,11,11,11,12,12,12,12,12,12,12,12,12,12,13,13,13,13,13,13,13,13,13,13,14,14,14,14,14,14,14,14,14,14,14,14,14,14,14,16,16
84026011,US,USA,840,26011.0,Arenac,Michigan,US,44.0636262,-83.89277559,"Arenac, Michigan, US",0,0,0,0,0,0,0,0,0,0,0,0,0,0,0,0,0,0,0,0,0,0,0,0,0,0,0,0,0,0,0,0,0,0,0,0,0,0,0,0,0,0,0,0,0,0,0,0,0,0,0,0,0,0,0,0,0,0,0,0,0,0,0,0,0,0,0,0,0,1,1,1,2,3,3,3,3,4,4,4,4,5,5,5,9,9,9,11,14,15,16,16,18,19,19,20,19,22,22,28,30,33,32,32,32,31,31,31,31,31,31,32,32,33,33,34,34,35,35,36,36,36,36,36,37,37,37,37,38,38,38,38,38,38,38,38,38,38,38,38,38,38,38,38,38,38,38,38,38,38,38,38
84026013,US,USA,840,26013.0,Baraga,Michigan,US,46.6720582,-88.36363591,"Baraga, Michigan, US",0,0,0,0,0,0,0,0,0,0,0,0,0,0,0,0,0,0,0,0,0,0,0,0,0,0,0,0,0,0,0,0,0,0,0,0,0,0,0,0,0,0,0,0,0,0,0,0,0,0,0,0,0,0,0,0,0,0,0,0,0,0,0,0,0,0,0,0,0,0,0,0,0,0,0,0,0,0,0,0,0,0,0,0,0,0,0,0,0,0,0,0,0,0,0,0,0,0,0,0,1,1,1,1,1,1,1,1,1,1,1,1,1,1,1,1,1,1,1,1,1,1,1,1,1,1,1,1,1,1,1,1,1,1,1,1,1,1,1,1,1,1,1,1,1,1,1,1,1,1,1,1
84026015,US,USA,840,26015.0,Barry,Michigan,US,42.59513984,-85.30834519,"Barry, Michigan, US",0,0,0,0,0,0,0,0,0,0,0,0,0,0,0,0,0,0,0,0,0,0,0,0,0,0,0,0,0,0,0,0,0,0,0,0,0,0,0,0,0,0,0,0,0,0,0,0,0,0,0,0,0,0,0,0,0,0,0,1,1,1,1,1,2,2,2,2,2,4,4,6,7,7,8,9,9,9,9,9,10,11,14,17,21,24,25,25,30,32,32,34,34,36,38,39,41,41,44,45,47,50,50,50,52,52,54,57,62,61,64,65,67,71,69,69,69,70,72,73,73,73,75,76,77,77,78,79,79,79,80,81,82,82,83,87,87,88,89,89,89,90,91,91,91,91,91,92,93,94,93,94
84026017,US,USA,840,26017.0,Bay,Michigan,US,43.70639106,-83.98731479,"Bay, Michigan, US",0,0,0,0,0,0,0,0,0,0,0,0,0,0,0,0,0,0,0,0,0,0,0,0,0,0,0,0,0,0,0,0,0,0,0,0,0,0,0,0,0,0,0,0,0,0,0,0,0,0,0,0,1,1,1,1,1,1,1,2,3,4,4,5,6,6,6,7,11,11,12,19,21,27,33,34,35,43,47,53,58,61,67,68,73,76,78,88,94,98,101,110,119,126,134,136,143,158,167,168,178,186,185,191,193,207,210,216,220,223,237,247,248,260,263,269,277,284,286,291,296,305,312,318,322,323,330,332,338,339,346,348,354,359,364,369,370,370,372,372,372,385,381,376,377,378,376,378,379,379,378,378
84026019,US,USA,840,26019.0,Benzie,Michigan,US,44.63899297,-86.01608482,"Benzie, Michigan, US",0,0,0,0,0,0,0,0,0,0,0,0,0,0,0,0,0,0,0,0,0,0,0,0,0,0,0,0,0,0,0,0,0,0,0,0,0,0,0,0,0,0,0,0,0,0,0,0,0,0,0,0,0,0,0,0,0,0,0,0,0,0,0,0,0,0,0,0,0,0,0,0,0,0,1,0,0,0,0,0,0,0,0,0,0,0,0,2,3,4,4,4,4,4,4,4,4,4,6,6,4,5,4,4,4,4,4,4,4,4,4,4,4,4,4,4,4,4,4,4,4,4,4,4,4,4,4,4,4,4,4,4,4,4,4,5,5,5,5,5,5,5,5,5,5,5,5,5,5,5,5,5
84026021,US,USA,840,26021.0,Berrien,Michigan,US,41.95447397,-86.41313079999998,"Berrien, Michigan, US",0,0,0,0,0,0,0,0,0,0,0,0,0,0,0,0,0,0,0,0,0,0,0,0,0,0,0,0,0,0,0,0,0,0,0,0,0,0,0,0,0,0,0,0,0,0,0,0,0,0,1,2,2,2,3,3,6,9,11,14,19,26,33,36,40,50,56,63,68,78,85,90,108,113,118,121,130,138,156,167,176,188,192,202,216,229,242,251,256,263,270,277,289,312,315,317,319,334,346,352,369,400,406,411,422,453,464,492,501,508,521,529,545,592,608,623,645,652,662,677,692,699,712,715,721,726,730,737,746,752,761,767,776,784,790,800,802,803,807,808,808,816,816,822,825,824,827,829,843,848,852,852
84026023,US,USA,840,26023.0,Branch,Michigan,US,41.91600556,-85.05929476,"Branch, Michigan, US",0,0,0,0,0,0,0,0,0,0,0,0,0,0,0,0,0,0,0,0,0,0,0,0,0,0,0,0,0,0,0,0,0,0,0,0,0,0,0,0,0,0,0,0,0,0,0,0,0,0,0,0,0,0,0,0,0,0,0,0,0,0,0,0,0,0,0,0,0,2,2,5,6,10,13,15,17,20,26,27,28,30,32,32,33,34,38,38,41,43,47,46,49,51,52,53,55,58,61,68,69,71,73,71,75,77,78,81,84,84,86,88,90,96,98,101,102,103,103,105,106,107,109,110,111,112,115,119,121,129,133,135,136,136,138,153,153,153,153,155,155,160,161,164,235,235,237,238,239,247,250,250
84026025,US,USA,840,26025.0,Calhoun,Michigan,US,42.24633834,-85.00493569,"Calhoun, Michigan, US",0,0,0,0,0,0,0,0,0,0,0,0,0,0,0,0,0,0,0,0,0,0,0,0,0,0,0,0,0,0,0,0,0,0,0,0,0,0,0,0,0,0,0,0,0,0,0,0,0,0,0,0,0,0,0,0,0,0,0,1,2,3,4,7,8,10,12,16,19,19,26,28,34,37,45,44,48,59,66,74,81,84,94,102,118,133,144,152,158,166,175,188,200,213,214,225,228,236,245,254,258,263,266,273,275,279,283,285,289,291,301,308,313,321,325,330,336,339,343,356,364,371,377,379,385,387,394,401,406,410,416,418,433,439,446,465,466,466,472,474,475,477,481,484,486,487,492,495,501,503,503,504
84026027,US,USA,840,26027.0,Cass,Michigan,US,41.91522292,-85.99405727,"Cass, Michigan, US",0,0,0,0,0,0,0,0,0,0,0,0,0,0,0,0,0,0,0,0,0,0,0,0,0,0,0,0,0,0,0,0,0,0,0,0,0,0,0,0,0,0,0,0,0,0,0,0,0,0,0,0,0,0,0,0,0,0,0,2,2,2,2,2,3,3,4,6,7,8,10,10,10,10,11,11,13,13,14,16,19,18,18,22,26,28,31,31,31,31,31,32,32,34,35,35,36,36,38,40,39,42,41,44,45,46,47,50,52,52,53,54,55,57,61,64,70,71,72,77,79,84,87,88,88,90,92,93,93,95,96,95,96,97,98,109,110,110,110,110,110,112,114,114,115,115,116,118,119,119,121,122
84026029,US,USA,840,26029.0,Charlevoix,Michigan,US,45.37790017,-85.19614053,"Charlevoix, Michigan, US",0,0,0,0,0,0,0,0,0,0,0,0,0,0,0,0,0,0,0,0,0,0,0,0,0,0,0,0,0,0,0,0,0,0,0,0,0,0,0,0,0,0,0,0,0,0,0,0,0,0,0,0,1,1,1,1,1,1,1,1,2,2,3,4,4,4,4,4,4,4,4,5,5,7,7,8,8,8,9,10,11,11,11,11,11,11,11,13,13,13,13,13,14,14,14,14,14,14,14,14,14,14,14,14,14,15,15,14,14,14,14,14,14,14,14,17,17,17,17,17,17,17,17,17,18,18,18,18,18,18,18,18,18,18,18,19,19,19,19,19,19,19,20,20,20,20,22,22,22,22,22,22
84026031,US,USA,840,26031.0,Cheboygan,Michigan,US,45.44787015,-84.50122149,"Cheboygan, Michigan, US",0,0,0,0,0,0,0,0,0,0,0,0,0,0,0,0,0,0,0,0,0,0,0,0,0,0,0,0,0,0,0,0,0,0,0,0,0,0,0,0,0,0,0,0,0,0,0,0,0,0,0,0,0,0,0,0,0,0,0,0,0,0,0,0,1,1,1,2,2,2,3,4,7,8,9,9,11,11,11,11,14,13,16,16,16,16,16,18,18,18,19,19,19,20,22,22,22,22,22,24,24,24,24,24,24,24,24,24,24,24,24,24,24,24,24,24,24,24,24,26,26,26,26,26,26,26,26,26,26,26,26,26,26,26,26,26,26,26,26,26,26,26,26,26,26,26,26,26,26,26,26,26
84026033,US,USA,840,26033.0,Chippewa,Michigan,US,46.29552653,-84.54353449,"Chippewa, Michigan, US",0,0,0,0,0,0,0,0,0,0,0,0,0,0,0,0,0,0,0,0,0,0,0,0,0,0,0,0,0,0,0,0,0,0,0,0,0,0,0,0,0,0,0,0,0,0,0,0,0,0,0,0,0,0,0,0,0,0,0,0,0,1,1,1,1,1,0,0,0,1,1,1,1,1,2,1,1,1,1,1,0,0,0,1,1,1,1,2,2,3,3,2,2,3,3,3,3,3,3,3,3,3,3,3,3,3,3,3,3,3,3,3,3,3,3,4,3,3,3,3,3,3,3,3,3,3,3,3,3,3,3,3,3,3,3,3,3,3,3,3,3,3,3,3,3,3,4,4,3,3,3,3
84026035,US,USA,840,26035.0,Clare,Michigan,US,43.98794227,-84.84819859999998,"Clare, Michigan, US",0,0,0,0,0,0,0,0,0,0,0,0,0,0,0,0,0,0,0,0,0,0,0,0,0,0,0,0,0,0,0,0,0,0,0,0,0,0,0,0,0,0,0,0,0,0,0,0,0,0,0,0,0,0,0,0,0,0,0,1,1,1,1,1,1,1,1,1,1,1,1,1,2,1,1,3,2,2,2,3,4,4,4,4,5,7,7,8,8,9,9,10,10,10,10,10,11,11,11,11,11,11,11,11,11,12,12,12,12,12,12,12,12,14,15,15,15,16,16,18,17,18,18,18,18,18,18,19,19,19,20,20,20,20,20,24,24,24,24,24,24,24,24,24,25,25,25,25,25,26,26,27
84026037,US,USA,840,26037.0,Clinton,Michigan,US,42.94400871,-84.60145248,"Clinton, Michigan, US",0,0,0,0,0,0,0,0,0,0,0,0,0,0,0,0,0,0,0,0,0,0,0,0,0,0,0,0,0,0,0,0,0,0,0,0,0,0,0,0,0,0,0,0,0,0,0,0,0,0,0,0,0,0,0,0,0,1,1,2,2,2,5,6,7,8,13,17,22,27,36,46,52,57,58,60,77,86,89,94,95,96,98,103,105,107,108,108,108,109,110,111,110,111,112,115,118,120,123,128,128,128,129,132,133,136,141,142,143,142,144,143,146,148,151,152,154,155,159,160,164,164,167,169,170,172,176,175,175,175,175,176,176,178,181,184,184,184,187,187,187,188,188,188,190,190,190,191,193,195,199,201
84026039,US,USA,840,26039.0,Crawford,Michigan,US,44.68255561,-84.61006219,"Crawford, Michigan, US",0,0,0,0,0,0,0,0,0,0,0,0,0,0,0,0,0,0,0,0,0,0,0,0,0,0,0,0,0,0,0,0,0,0,0,0,0,0,0,0,0,0,0,0,0,0,0,0,0,0,0,0,0,0,0,0,0,0,0,0,0,0,0,0,0,1,1,1,1,1,1,1,1,1,1,2,5,6,6,7,10,14,14,17,18,20,24,28,31,31,32,36,47,50,50,50,54,55,58,58,57,61,60,60,60,60,60,60,61,61,61,61,61,61,61,61,61,61,61,62,62,62,62,62,62,62,62,62,62,62,62,62,62,62,63,63,63,63,63,63,63,63,63,63,63,65,65,65,65,66,66,66
84026041,US,USA,840,26041.0,Delta,Michigan,US,45.90484910000001,-86.9080745,"Delta, Michigan, US",0,0,0,0,0,0,0,0,0,0,0,0,0,0,0,0,0,0,0,0,0,0,0,0,0,0,0,0,0,0,0,0,0,0,0,0,0,0,0,0,0,0,0,0,0,0,0,0,0,0,0,0,0,0,0,0,0,0,0,0,0,0,0,0,0,0,0,0,1,1,3,4,5,5,7,8,8,9,10,10,10,10,10,10,10,11,11,13,13,14,14,13,13,13,13,13,14,14,14,14,14,14,14,14,15,15,16,16,15,15,15,16,16,16,16,16,16,16,18,19,20,20,20,20,20,20,20,20,20,20,20,20,20,20,20,20,20,20,20,20,20,20,21,21,21,21,21,21,21,21,21,21
84026043,US,USA,840,26043.0,Dickinson,Michigan,US,46.00999672,-87.86961634,"Dickinson, Michigan, US",0,0,0,0,0,0,0,0,0,0,0,0,0,0,0,0,0,0,0,0,0,0,0,0,0,0,0,0,0,0,0,0,0,0,0,0,0,0,0,0,0,0,0,0,0,0,0,0,0,0,0,0,0,0,0,0,0,0,0,0,0,0,0,0,0,0,0,0,0,0,0,1,1,1,1,2,2,2,3,3,3,3,3,3,3,3,3,3,3,3,3,3,3,3,3,3,3,3,3,3,3,3,4,3,3,4,4,5,5,5,5,5,5,5,5,5,5,5,5,5,5,5,5,5,5,5,5,5,5,5,5,5,5,5,5,6,6,6,6,6,6,6,7,7,7,7,7,7,7,7,7,7
84026045,US,USA,840,26045.0,Eaton,Michigan,US,42.59599185,-84.83740035,"Eaton, Michigan, US",0,0,0,0,0,0,0,0,0,0,0,0,0,0,0,0,0,0,0,0,0,0,0,0,0,0,0,0,0,0,0,0,0,0,0,0,0,0,0,0,0,0,0,0,0,0,0,0,0,0,0,0,0,0,0,0,0,2,2,2,2,2,3,3,4,8,8,8,16,22,28,38,48,54,56,58,64,70,72,72,74,79,79,81,82,90,93,97,99,101,113,118,125,128,128,129,130,133,139,148,150,153,154,156,157,163,169,176,175,175,178,180,184,191,192,192,194,198,200,207,213,219,223,225,227,228,230,235,237,240,244,244,244,249,249,251,251,251,252,255,255,255,256,256,257,258,258,261,263,265,267,269
84026047,US,USA,840,26047.0,Emmet,Michigan,US,45.52625509,-84.89083249,"Emmet, Michigan, US",0,0,0,0,0,0,0,0,0,0,0,0,0,0,0,0,0,0,0,0,0,0,0,0,0,0,0,0,0,0,0,0,0,0,0,0,0,0,0,0,0,0,0,0,0,0,0,0,0,0,0,0,0,0,0,0,0,0,0,0,1,1,2,2,2,3,4,4,4,5,7,7,7,8,14,14,15,16,17,21,25,25,25,25,25,25,25,25,25,25,25,26,25,25,25,25,25,25,25,25,25,25,25,25,25,25,25,25,25,25,25,25,25,25,25,25,25,25,25,25,25,25,25,25,25,25,25,26,26,26,26,26,26,26,26,26,26,26,26,26,26,26,26,26,26,26,26,26,28,26,26,26
84026049,US,USA,840,26049.0,Genesee,Michigan,US,43.02244215,-83.70589709,"Genesee, Michigan, US",0,0,0,0,0,0,0,0,0,0,0,0,0,0,0,0,0,0,0,0,0,0,0,0,0,0,0,0,0,0,0,0,0,0,0,0,0,0,0,0,0,0,0,0,0,0,0,0,0,0,0,0,0,0,0,0,0,0,4,7,14,25,36,48,65,93,112,131,155,190,255,357,431,474,515,582,654,731,776,850,941,980,1015,1060,1114,1178,1231,1263,1275,1301,1350,1415,1446,1505,1533,1551,1572,1632,1671,1704,1726,1751,1767,1788,1822,1873,1909,1933,1959,1971,1992,2030,2046,2088,2127,2141,2170,2188,2230,2286,2315,2326,2337,2351,2369,2379,2396,2418,2442,2449,2459,2471,2486,2519,2524,2549,2551,2553,2556,2558,2558,2564,2566,2573,2574,2583,2589,2596,2605,2619,2625,2631
84026051,US,USA,840,26051.0,Gladwin,Michigan,US,43.98901072,-84.38774817,"Gladwin, Michigan, US",0,0,0,0,0,0,0,0,0,0,0,0,0,0,0,0,0,0,0,0,0,0,0,0,0,0,0,0,0,0,0,0,0,0,0,0,0,0,0,0,0,0,0,0,0,0,0,0,0,0,0,0,0,0,0,0,0,0,0,0,1,1,2,2,2,2,2,3,2,2,2,2,2,3,4,4,4,4,4,4,4,4,4,5,6,8,8,9,9,9,9,10,10,10,10,11,11,12,16,15,16,14,14,14,14,15,15,16,16,17,17,18,18,17,17,17,17,17,17,17,17,17,17,18,18,18,18,18,18,18,18,18,18,18,18,19,19,19,20,20,20,20,20,20,20,20,20,20,23,23,23,23
84026053,US,USA,840,26053.0,Gogebic,Michigan,US,46.40862701,-89.69377193,"Gogebic, Michigan, US",0,0,0,0,0,0,0,0,0,0,0,0,0,0,0,0,0,0,0,0,0,0,0,0,0,0,0,0,0,0,0,0,0,0,0,0,0,0,0,0,0,0,0,0,0,0,0,0,0,0,0,0,0,0,0,0,0,0,0,0,0,0,0,0,0,1,1,1,1,2,2,3,3,3,3,3,3,3,3,4,4,4,4,4,4,4,4,4,4,4,4,4,4,4,4,4,4,4,4,4,4,4,4,5,5,4,4,4,4,4,4,4,4,4,4,4,5,5,5,5,5,5,5,5,5,5,5,5,5,5,5,5,5,5,5,5,5,5,5,5,5,5,5,5,5,5,5,5,5,6,6,6
84026055,US,USA,840,26055.0,Grand Traverse,Michigan,US,44.69565625,-85.55585247,"Grand Traverse, Michigan, US",0,0,0,0,0,0,0,0,0,0,0,0,0,0,0,0,0,0,0,0,0,0,0,0,0,0,0,0,0,0,0,0,0,0,0,0,0,0,0,0,0,0,0,0,0,0,0,0,0,0,0,0,0,0,0,0,0,0,0,0,1,1,3,3,3,3,5,6,7,7,8,9,11,12,12,14,15,16,16,17,18,18,18,18,18,18,18,19,19,20,20,20,20,20,20,20,20,20,20,20,20,20,20,21,21,21,21,21,21,21,21,22,22,24,24,24,24,24,24,24,24,24,24,24,24,24,24,24,26,28,28,28,28,28,29,34,34,34,35,35,35,35,36,36,36,37,37,36,37,38,38,38
84026057,US,USA,840,26057.0,Gratiot,Michigan,US,43.29265605,-84.60505416,"Gratiot, Michigan, US",0,0,0,0,0,0,0,0,0,0,0,0,0,0,0,0,0,0,0,0,0,0,0,0,0,0,0,0,0,0,0,0,0,0,0,0,0,0,0,0,0,0,0,0,0,0,0,0,0,0,0,0,0,0,0,0,0,0,0,0,0,0,0,0,0,1,2,3,3,3,3,5,5,4,4,5,6,6,7,7,8,8,8,8,8,8,8,8,9,9,9,9,9,9,9,9,11,11,14,15,23,25,28,27,28,29,30,30,33,35,37,37,39,40,40,47,47,54,55,65,66,72,76,78,80,80,83,83,83,83,83,83,85,85,85,88,88,88,88,88,88,89,88,91,91,91,90,91,92,92,93,93
84026059,US,USA,840,26059.0,Hillsdale,Michigan,US,41.88753639,-84.59312019,"Hillsdale, Michigan, US",0,0,0,0,0,0,0,0,0,0,0,0,0,0,0,0,0,0,0,0,0,0,0,0,0,0,0,0,0,0,0,0,0,0,0,0,0,0,0,0,0,0,0,0,0,0,0,0,0,0,0,0,0,0,0,0,0,0,0,0,0,0,1,2,5,6,7,10,12,14,19,24,26,38,45,47,56,63,65,71,76,76,78,81,83,86,87,91,92,92,96,99,100,111,111,115,116,120,123,127,129,134,133,133,139,140,148,153,153,154,156,155,156,159,167,171,171,173,171,173,174,174,174,174,176,177,176,176,176,176,176,176,176,177,177,178,179,179,179,179,179,179,179,179,179,182,182,182,182,183,183,183
84026061,US,USA,840,26061.0,Houghton,Michigan,US,46.89988536,-88.68495385,"Houghton, Michigan, US",0,0,0,0,0,0,0,0,0,0,0,0,0,0,0,0,0,0,0,0,0,0,0,0,0,0,0,0,0,0,0,0,0,0,0,0,0,0,0,0,0,0,0,0,0,0,0,0,0,0,0,0,0,0,0,0,0,0,0,0,0,0,0,0,0,0,0,0,1,1,1,1,1,2,1,1,1,1,1,1,1,1,1,2,2,2,2,2,2,2,2,2,2,2,2,2,2,2,2,2,2,2,2,2,2,2,2,2,2,2,2,2,2,2,2,2,2,2,2,2,2,2,2,2,2,3,4,5,5,6,6,6,6,6,7,7,7,7,7,8,8,8,8,8,8,8,8,8,8,8,9,9
84026063,US,USA,840,26063.0,Huron,Michigan,US,43.83353985,-83.04078453,"Huron, Michigan, US",0,0,0,0,0,0,0,0,0,0,0,0,0,0,0,0,0,0,0,0,0,0,0,0,0,0,0,0,0,0,0,0,0,0,0,0,0,0,0,0,0,0,0,0,0,0,0,0,0,0,0,0,0,0,0,0,0,0,0,0,0,0,0,0,0,1,1,3,3,3,3,5,5,5,5,5,5,6,8,9,10,11,12,12,13,14,14,16,16,16,16,15,16,16,17,19,19,19,22,24,26,28,29,31,32,35,38,41,41,42,43,43,43,46,45,48,51,51,52,49,50,50,50,50,50,50,50,52,52,52,56,56,56,56,56,58,58,59,59,60,60,60,60,60,60,61,60,60,60,60,60,63
84026065,US,USA,840,26065.0,Ingham,Michigan,US,42.59716886,-84.37472069,"Ingham, Michigan, US",0,0,0,0,0,0,0,0,0,0,0,0,0,0,0,0,0,0,0,0,0,0,0,0,0,0,0,0,0,0,0,0,0,0,0,0,0,0,0,0,0,0,0,0,0,0,0,0,0,0,0,2,2,2,4,6,8,9,10,14,14,15,18,21,25,29,35,46,77,96,127,134,158,174,179,185,198,214,231,248,250,259,263,272,280,289,309,316,321,328,350,366,387,409,413,424,431,445,465,490,503,517,526,527,539,561,579,587,601,607,616,624,637,652,662,676,681,682,683,700,708,716,730,731,736,740,752,764,771,773,775,777,782,783,792,804,807,807,807,810,810,832,815,824,825,822,817,818,819,831,837,845
84026067,US,USA,840,26067.0,Ionia,Michigan,US,42.94502238,-85.07413319,"Ionia, Michigan, US",0,0,0,0,0,0,0,0,0,0,0,0,0,0,0,0,0,0,0,0,0,0,0,0,0,0,0,0,0,0,0,0,0,0,0,0,0,0,0,0,0,0,0,0,0,0,0,0,0,0,0,0,0,0,0,0,0,0,0,0,0,0,0,0,2,2,2,2,4,4,6,5,6,6,8,8,9,11,13,14,14,14,15,17,19,21,22,24,26,25,28,31,36,41,45,47,51,57,65,82,86,94,98,98,102,107,109,113,117,118,120,120,121,124,127,129,130,130,137,138,144,153,159,161,161,162,163,165,165,165,166,169,170,172,172,175,176,176,176,176,176,177,179,179,179,180,180,182,188,188,190,190
84026069,US,USA,840,26069.0,Iosco,Michigan,US,44.35486835,-83.63484895,"Iosco, Michigan, US",0,0,0,0,0,0,0,0,0,0,0,0,0,0,0,0,0,0,0,0,0,0,0,0,0,0,0,0,0,0,0,0,0,0,0,0,0,0,0,0,0,0,0,0,0,0,0,0,0,0,0,0,0,0,0,0,0,0,0,0,0,0,0,1,1,1,1,1,1,1,2,2,2,3,4,4,5,5,5,5,6,6,6,6,6,8,10,13,13,16,18,18,25,38,38,43,52,59,58,63,62,63,63,63,63,64,66,66,66,67,67,67,68,70,72,73,73,74,80,86,88,91,92,92,97,99,104,105,109,109,109,110,111,111,110,110,110,110,110,110,110,110,111,112,112,112,111,111,111,111,111,111
84026071,US,USA,840,26071.0,Iron,Michigan,US,46.20974132,-88.53136251,"Iron, Michigan, US",0,0,0,0,0,0,0,0,0,0,0,0,0,0,0,0,0,0,0,0,0,0,0,0,0,0,0,0,0,0,0,0,0,0,0,0,0,0,0,0,0,0,0,0,0,0,0,0,0,0,0,0,0,0,0,0,0,0,0,0,0,0,0,0,0,0,0,0,0,0,0,0,0,0,0,0,0,0,0,0,0,0,0,0,0,0,0,0,0,0,0,0,0,0,0,0,0,0,0,0,0,0,0,0,0,0,0,0,0,0,0,0,0,0,0,0,0,0,0,0,0,0,0,0,0,0,0,0,0,0,0,0,1,1,1,2,2,2,2,2,2,2,2,2,2,3,3,3,4,4,4,4
84026073,US,USA,840,26073.0,Isabella,Michigan,US,43.64060976,-84.84664923,"Isabella, Michigan, US",0,0,0,0,0,0,0,0,0,0,0,0,0,0,0,0,0,0,0,0,0,0,0,0,0,0,0,0,0,0,0,0,0,0,0,0,0,0,0,0,0,0,0,0,0,0,0,0,0,0,0,0,0,0,0,0,0,0,0,0,0,0,2,2,3,4,4,4,5,6,7,9,11,14,17,21,29,30,38,48,50,51,54,55,56,58,59,65,66,66,68,69,69,70,70,70,72,74,75,76,75,76,76,76,76,76,76,76,76,77,77,76,76,77,77,77,77,77,77,80,80,82,85,89,89,89,89,91,91,92,92,92,94,94,94,94,94,94,94,95,95,95,95,96,97,97,99,99,102,106,109,112
84026075,US,USA,840,26075.0,Jackson,Michigan,US,42.24807035,-84.42258681,"Jackson, Michigan, US",0,0,0,0,0,0,0,0,0,0,0,0,0,0,0,0,0,0,0,0,0,0,0,0,0,0,0,0,0,0,0,0,0,0,0,0,0,0,0,0,0,0,0,0,0,0,0,0,0,0,0,0,0,0,1,2,2,2,3,3,3,4,9,15,20,20,24,28,42,53,63,74,77,90,99,114,125,137,142,151,164,183,185,196,208,222,241,246,263,275,296,305,315,331,341,345,359,360,370,384,401,384,382,384,388,394,401,402,410,414,421,422,426,432,437,437,436,436,439,442,446,451,453,457,459,459,460,466,532,532,470,470,478,480,481,482,482,484,484,484,484,488,484,486,487,487,486,487,488,488,489,489
84026077,US,USA,840,26077.0,Kalamazoo,Michigan,US,42.24542231,-85.53038622,"Kalamazoo, Michigan, US",0,0,0,0,0,0,0,0,0,0,0,0,0,0,0,0,0,0,0,0,0,0,0,0,0,0,0,0,0,0,0,0,0,0,0,0,0,0,0,0,0,0,0,0,0,0,0,0,0,0,0,0,0,0,0,0,0,0,0,1,1,4,4,6,11,12,17,21,26,26,33,38,45,50,59,65,72,76,83,87,89,96,104,107,117,134,146,170,182,203,219,231,251,293,307,319,331,360,382,400,441,478,492,516,527,577,600,613,631,641,662,676,683,709,719,749,748,760,781,793,806,824,839,843,847,851,864,870,883,884,894,895,899,903,912,931,934,935,938,940,940,943,949,952,954,955,958,969,977,984,995,996
84026079,US,USA,840,26079.0,Kalkaska,Michigan,US,44.68512729,-85.09085699,"Kalkaska, Michigan, US",0,0,0,0,0,0,0,0,0,0,0,0,0,0,0,0,0,0,0,0,0,0,0,0,0,0,0,0,0,0,0,0,0,0,0,0,0,0,0,0,0,0,0,0,0,0,0,0,0,0,0,0,0,0,0,0,0,0,0,0,0,0,1,2,2,4,4,4,5,7,7,7,8,8,8,9,11,11,11,12,15,18,21,21,24,25,25,26,26,27,27,27,27,27,27,27,27,27,27,27,28,28,28,28,28,28,28,28,28,29,29,28,28,28,28,28,28,28,28,29,29,29,30,30,30,30,30,30,30,30,30,30,30,30,30,30,30,30,30,30,30,30,30,30,30,30,30,30,30,30,30,30
84026081,US,USA,840,26081.0,Kent,Michigan,US,43.03197711,-85.54934642,"Kent, Michigan, US",0,0,0,0,0,0,0,0,0,0,0,0,0,0,0,0,0,0,0,0,0,0,0,0,0,0,0,0,0,0,0,0,0,0,0,0,0,0,0,0,0,0,0,0,0,0,0,0,0,0,0,3,3,3,5,5,5,7,12,21,22,28,31,36,41,45,54,74,98,111,123,129,140,157,169,183,195,218,251,269,295,316,345,364,397,438,496,529,575,626,708,842,907,1001,1030,1139,1215,1427,1523,1615,1741,1838,1929,2000,2063,2169,2230,2292,2374,2448,2503,2590,2627,2812,2897,2961,3023,3068,3138,3242,3353,3442,3520,3571,3599,3637,3676,3765,3828,3878,3953,3992,4021,4062,4104,4215,4222,4228,4240,4256,4261,4291,4420,4427,4461,4463,4471,4491,4526,4551,4575,4590
84026083,US,USA,840,26083.0,Keweenaw,Michigan,US,47.63197653,-88.41434263,"Keweenaw, Michigan, US",0,0,0,0,0,0,0,0,0,0,0,0,0,0,0,0,0,0,0,0,0,0,0,0,0,0,0,0,0,0,0,0,0,0,0,0,0,0,0,0,0,0,0,0,0,0,0,0,0,0,0,0,0,0,0,0,0,0,0,0,0,0,0,0,0,0,0,0,0,0,0,0,0,0,0,0,0,0,0,0,0,0,0,0,0,0,0,0,0,0,0,0,0,0,0,0,0,0,0,0,0,0,0,0,0,0,0,0,0,0,0,0,0,0,0,0,0,0,0,0,0,0,0,0,0,0,0,0,0,0,0,0,0,0,0,0,0,0,0,1,1,1,1,1,1,1,1,1,1,1,1,1
84026085,US,USA,840,26085.0,Lake,Michigan,US,43.99050893,-85.802173,"Lake, Michigan, US",0,0,0,0,0,0,0,0,0,0,0,0,0,0,0,0,0,0,0,0,0,0,0,0,0,0,0,0,0,0,0,0,0,0,0,0,0,0,0,0,0,0,0,0,0,0,0,0,0,0,0,0,0,0,0,0,0,0,0,0,0,0,0,0,0,0,0,0,0,0,0,0,0,0,0,0,0,0,0,1,2,2,3,3,3,3,3,3,3,3,3,3,3,3,3,3,3,3,3,3,3,3,3,3,3,3,3,3,3,3,3,3,3,3,3,4,4,4,4,4,4,6,6,6,7,6,6,6,8,8,7,7,7,7,7,7,7,7,7,7,7,7,7,7,7,7,7,7,7,7,7,7
84026087,US,USA,840,26087.0,Lapeer,Michigan,US,43.09052506,-83.22153148,"Lapeer, Michigan, US",0,0,0,0,0,0,0,0,0,0,0,0,0,0,0,0,0,0,0,0,0,0,0,0,0,0,0,0,0,0,0,0,0,0,0,0,0,0,0,0,0,0,0,0,0,0,0,0,0,0,0,0,0,0,0,0,0,0,0,0,0,0,1,1,3,4,4,4,8,11,11,24,25,31,49,53,60,69,82,93,101,108,113,125,133,139,148,149,151,153,156,162,167,172,173,175,174,176,177,180,181,181,181,181,183,184,184,184,185,186,188,187,188,192,196,197,197,198,198,201,202,204,210,213,212,212,212,214,214,216,217,217,220,224,225,225,225,225,225,225,225,226,226,228,229,229,230,231,242,243,244,244
84026089,US,USA,840,26089.0,Leelanau,Michigan,US,44.94430054,-85.80150326,"Leelanau, Michigan, US",0,0,0,0,0,0,0,0,0,0,0,0,0,0,0,0,0,0,0,0,0,0,0,0,0,0,0,0,0,0,0,0,0,0,0,0,0,0,0,0,0,0,0,0,0,0,0,0,0,0,0,0,0,0,0,1,1,1,1,1,1,1,1,1,1,1,1,1,1,1,1,1,1,1,1,2,3,4,4,4,4,4,4,4,5,6,7,7,8,7,7,8,8,8,9,9,9,9,10,9,9,9,9,9,9,9,9,9,9,9,9,9,9,10,10,10,10,10,11,11,11,11,11,11,11,11,11,11,11,11,11,11,11,11,11,11,11,11,12,12,12,12,12,12,12,12,12,12,12,12,12,12
84026091,US,USA,840,26091.0,Lenawee,Michigan,US,41.89475156,-84.06603727,"Lenawee, Michigan, US",0,0,0,0,0,0,0,0,0,0,0,0,0,0,0,0,0,0,0,0,0,0,0,0,0,0,0,0,0,0,0,0,0,0,0,0,0,0,0,0,0,0,0,0,0,0,0,0,0,0,0,0,0,0,0,0,0,0,0,0,0,0,0,3,5,8,11,15,16,19,24,26,26,30,34,35,35,39,42,45,51,56,60,64,69,73,73,78,80,81,87,97,100,100,104,104,107,113,117,119,124,131,133,136,139,143,150,156,157,157,160,161,161,164,164,166,168,168,173,173,175,177,178,179,179,179,180,183,184,184,186,187,187,208,188,191,191,191,191,191,191,193,195,195,196,198,201,199,199,199,198,199
84026093,US,USA,840,26093.0,Livingston,Michigan,US,42.60302282,-83.91297209,"Livingston, Michigan, US",0,0,0,0,0,0,0,0,0,0,0,0,0,0,0,0,0,0,0,0,0,0,0,0,0,0,0,0,0,0,0,0,0,0,0,0,0,0,0,0,0,0,0,0,0,0,0,0,0,0,0,0,0,0,0,0,1,2,4,9,11,13,17,22,27,38,51,71,78,94,118,131,142,153,161,170,187,208,218,234,246,249,265,279,296,307,313,320,324,336,350,357,361,361,364,366,371,380,390,393,401,411,420,416,422,428,433,443,447,448,448,450,453,457,458,460,462,464,465,468,474,476,477,478,478,480,480,484,491,492,493,496,497,503,510,516,517,517,518,519,519,520,520,520,520,521,526,527,530,534,535,539
84026095,US,USA,840,26095.0,Luce,Michigan,US,46.47227431,-85.54471223,"Luce, Michigan, US",0,0,0,0,0,0,0,0,0,0,0,0,0,0,0,0,0,0,0,0,0,0,0,0,0,0,0,0,0,0,0,0,0,0,0,0,0,0,0,0,0,0,0,0,0,0,0,0,0,0,0,0,0,0,0,0,0,0,0,0,0,0,0,1,0,0,0,0,0,0,0,0,1,1,1,1,1,1,1,1,1,1,1,1,1,1,1,1,1,1,1,1,1,1,1,1,1,1,1,1,1,1,1,1,1,1,1,1,1,1,1,1,1,1,1,2,2,2,2,2,2,3,3,3,3,3,3,3,3,3,3,3,3,3,3,3,3,3,3,3,3,3,3,3,3,3,3,3,3,3,3,3
84026097,US,USA,840,26097.0,Mackinac,Michigan,US,46.07028979,-85.04980537,"Mackinac, Michigan, US",0,0,0,0,0,0,0,0,0,0,0,0,0,0,0,0,0,0,0,0,0,0,0,0,0,0,0,0,0,0,0,0,0,0,0,0,0,0,0,0,0,0,0,0,0,0,0,0,0,0,0,0,0,0,0,0,0,0,0,0,0,0,0,0,0,0,0,0,0,0,1,1,2,2,2,2,3,3,4,4,4,4,4,4,4,4,5,4,4,4,4,5,5,5,5,5,5,5,6,6,6,6,6,6,6,6,6,6,6,6,6,6,6,6,6,6,6,6,6,6,6,6,6,6,6,6,6,8,8,8,8,8,8,8,8,8,8,8,8,8,8,8,8,8,8,8,8,8,8,8,8,8
84026099,US,USA,840,26099.0,Macomb,Michigan,US,42.69158356,-82.92752801,"Macomb, Michigan, US",0,0,0,0,0,0,0,0,0,0,0,0,0,0,0,0,0,0,0,0,0,0,0,0,0,0,0,0,0,0,0,0,0,0,0,0,0,0,0,0,0,0,0,0,0,0,0,0,0,0,0,0,1,2,6,8,10,55,87,102,141,176,226,282,349,406,536,622,730,855,1090,1334,1562,1840,2005,2162,2419,2631,2788,2978,3169,3259,3423,3625,3797,3998,4151,4257,4366,4431,4550,4637,4876,5045,5163,5228,5276,5374,5471,5556,5670,5716,5807,5788,5847,5892,5939,6030,6093,6118,6143,6179,6227,6330,6377,6410,6452,6465,6480,6511,6545,6572,6609,6628,6645,6660,6693,6726,6761,6771,6842,6855,6870,6927,6949,6985,6989,6992,6997,7000,7000,7006,7016,7035,7050,7060,7091,7102,7112,7123,7146,7152
84026101,US,USA,840,26101.0,Manistee,Michigan,US,44.33352407,-86.05626916,"Manistee, Michigan, US",0,0,0,0,0,0,0,0,0,0,0,0,0,0,0,0,0,0,0,0,0,0,0,0,0,0,0,0,0,0,0,0,0,0,0,0,0,0,0,0,0,0,0,0,0,0,0,0,0,0,0,0,0,0,0,0,0,0,0,0,0,0,1,1,1,1,1,1,1,1,1,1,1,5,5,7,10,10,10,10,10,11,11,11,11,12,12,12,12,12,12,12,13,13,13,12,12,12,12,12,12,12,12,12,12,12,12,12,12,12,12,12,12,12,12,12,12,12,12,12,12,12,12,12,12,12,12,12,12,12,12,12,12,12,12,12,12,12,12,12,12,12,12,12,12,12,12,12,13,14,15,15
84026103,US,USA,840,26103.0,Marquette,Michigan,US,46.4338914,-87.64043701,"Marquette, Michigan, US",0,0,0,0,0,0,0,0,0,0,0,0,0,0,0,0,0,0,0,0,0,0,0,0,0,0,0,0,0,0,0,0,0,0,0,0,0,0,0,0,0,0,0,0,0,0,0,0,0,0,0,0,0,0,0,0,0,0,0,0,0,0,1,1,1,1,1,2,3,4,4,5,7,11,14,15,19,18,18,21,21,22,24,26,27,27,29,29,32,32,35,35,35,39,41,42,42,43,45,46,50,51,50,50,50,51,53,51,51,51,51,51,51,51,51,52,52,52,52,52,52,52,53,54,54,54,54,54,54,55,56,56,56,56,56,59,59,59,59,59,59,59,59,59,59,59,59,59,59,61,61,62
84026105,US,USA,840,26105.0,Mason,Michigan,US,43.99509218,-86.24988902,"Mason, Michigan, US",0,0,0,0,0,0,0,0,0,0,0,0,0,0,0,0,0,0,0,0,0,0,0,0,0,0,0,0,0,0,0,0,0,0,0,0,0,0,0,0,0,0,0,0,0,0,0,0,0,0,0,0,0,0,0,0,0,0,0,0,0,0,0,0,0,0,0,0,1,1,1,1,1,1,1,1,2,2,2,2,3,3,3,4,4,5,5,5,5,5,5,6,8,8,8,8,8,10,11,14,13,15,15,15,16,17,18,21,22,24,25,27,26,27,29,30,31,33,33,34,35,37,37,37,37,37,37,37,38,38,38,38,38,38,38,38,38,38,38,38,38,38,38,38,38,39,38,38,40,40,41,41
84026107,US,USA,840,26107.0,Mecosta,Michigan,US,43.64064262,-85.32463223,"Mecosta, Michigan, US",0,0,0,0,0,0,0,0,0,0,0,0,0,0,0,0,0,0,0,0,0,0,0,0,0,0,0,0,0,0,0,0,0,0,0,0,0,0,0,0,0,0,0,0,0,0,0,0,0,0,0,0,0,0,0,0,0,0,0,0,0,0,0,0,1,1,1,1,2,3,3,3,4,4,6,6,9,9,10,12,12,12,12,12,12,12,13,15,15,16,17,16,16,17,17,17,17,18,17,17,17,17,17,17,17,18,18,19,19,19,19,19,19,20,21,22,21,21,22,22,22,22,22,22,22,22,23,23,24,24,24,24,24,24,24,24,24,24,24,24,24,24,24,25,25,25,26,26,27,27,28,29
84026109,US,USA,840,26109.0,Menominee,Michigan,US,45.58038692,-87.55370409,"Menominee, Michigan, US",0,0,0,0,0,0,0,0,0,0,0,0,0,0,0,0,0,0,0,0,0,0,0,0,0,0,0,0,0,0,0,0,0,0,0,0,0,0,0,0,0,0,0,0,0,0,0,0,0,0,0,0,0,0,0,0,0,0,0,0,0,0,0,0,0,0,0,0,0,0,0,0,0,0,0,0,0,0,0,1,1,1,1,1,1,1,1,1,1,1,1,1,2,2,3,3,3,5,5,5,5,5,5,6,6,6,6,6,6,6,6,6,6,7,8,8,8,8,8,8,8,8,8,8,8,8,8,8,8,8,8,8,8,8,8,9,9,9,9,9,9,9,9,9,9,9,9,9,9,9,9,9
84026111,US,USA,840,26111.0,Midland,Michigan,US,43.64330771,-84.38804374,"Midland, Michigan, US",0,0,0,0,0,0,0,0,0,0,0,0,0,0,0,0,0,0,0,0,0,0,0,0,0,0,0,0,0,0,0,0,0,0,0,0,0,0,0,0,0,0,0,0,0,0,0,0,0,0,0,1,2,2,2,2,2,3,6,6,8,9,9,11,11,13,13,13,14,15,17,20,21,22,24,30,33,35,39,39,42,44,47,48,52,57,59,62,65,68,69,68,74,74,77,79,83,84,87,90,89,91,91,91,91,92,93,96,97,98,99,100,100,100,102,103,103,104,110,111,113,116,116,116,116,116,117,118,118,120,121,121,121,121,121,128,137,138,138,138,138,140,145,152,152,153,152,153,153,156,158,159
84026113,US,USA,840,26113.0,Missaukee,Michigan,US,44.33772443,-85.09256478,"Missaukee, Michigan, US",0,0,0,0,0,0,0,0,0,0,0,0,0,0,0,0,0,0,0,0,0,0,0,0,0,0,0,0,0,0,0,0,0,0,0,0,0,0,0,0,0,0,0,0,0,0,0,0,0,0,0,0,0,0,0,0,0,0,0,0,0,0,0,0,1,1,1,1,1,1,1,1,1,1,1,1,1,1,1,1,1,1,1,1,2,3,3,6,8,9,10,16,16,18,19,19,19,20,20,21,22,22,22,22,22,22,22,22,22,22,22,22,22,22,22,22,22,22,22,22,22,22,22,22,22,22,22,22,22,22,22,22,22,22,22,22,22,22,23,23,23,23,23,23,23,24,24,24,24,24,24,24
84026115,US,USA,840,26115.0,Monroe,Michigan,US,41.92734151,-83.53749864,"Monroe, Michigan, US",0,0,0,0,0,0,0,0,0,0,0,0,0,0,0,0,0,0,0,0,0,0,0,0,0,0,0,0,0,0,0,0,0,0,0,0,0,0,0,0,0,0,0,0,0,0,0,0,0,0,0,0,0,1,1,1,1,2,3,3,6,7,12,18,21,28,34,38,45,49,58,79,95,101,108,117,129,152,165,174,184,184,191,198,213,219,225,226,235,238,247,256,267,274,281,287,290,293,302,306,317,324,333,343,351,379,396,408,412,417,421,429,435,448,450,453,462,467,470,478,484,501,508,508,511,514,515,520,524,525,530,533,533,534,537,559,559,559,559,560,560,561,562,568,569,570,571,570,571,575,576,576
84026117,US,USA,840,26117.0,Montcalm,Michigan,US,43.31082541,-85.15252824,"Montcalm, Michigan, US",0,0,0,0,0,0,0,0,0,0,0,0,0,0,0,0,0,0,0,0,0,0,0,0,0,0,0,0,0,0,0,0,0,0,0,0,0,0,0,0,0,0,0,0,0,0,0,0,0,0,0,1,1,1,1,1,1,1,1,1,1,1,1,2,3,3,3,3,4,6,11,11,13,14,15,16,17,19,20,21,22,23,23,24,24,24,25,25,25,27,27,27,29,29,30,33,33,38,39,42,42,47,46,47,48,48,48,49,49,49,49,50,55,55,56,57,57,60,61,65,67,68,71,71,71,71,71,71,71,71,72,72,72,73,75,77,79,80,81,81,81,81,80,80,80,80,81,81,81,81,83,83
84026119,US,USA,840,26119.0,Montmorency,Michigan,US,45.0275929,-84.12696227,"Montmorency, Michigan, US",0,0,0,0,0,0,0,0,0,0,0,0,0,0,0,0,0,0,0,0,0,0,0,0,0,0,0,0,0,0,0,0,0,0,0,0,0,0,0,0,0,0,0,0,0,0,0,0,0,0,0,0,0,0,0,0,0,0,0,0,0,0,0,0,0,0,0,0,0,0,0,0,0,0,0,0,0,0,0,0,0,0,1,1,1,2,3,4,4,4,4,6,5,6,6,5,5,5,5,5,5,5,5,5,5,5,5,5,5,5,5,5,5,5,5,5,5,5,5,5,5,5,5,5,5,5,5,5,5,5,5,5,5,5,5,5,5,5,5,5,5,5,5,5,5,5,5,5,5,5,5,5
84026121,US,USA,840,26121.0,Muskegon,Michigan,US,43.29123859,-86.15176712,"Muskegon, Michigan, US",0,0,0,0,0,0,0,0,0,0,0,0,0,0,0,0,0,0,0,0,0,0,0,0,0,0,0,0,0,0,0,0,0,0,0,0,0,0,0,0,0,0,0,0,0,0,0,0,0,0,0,0,0,0,0,0,0,0,0,0,0,1,3,3,3,6,7,13,18,18,18,26,30,31,31,33,41,42,53,57,57,59,68,85,93,110,128,136,143,149,160,173,191,204,213,228,234,242,262,276,288,301,305,313,318,335,344,344,354,367,385,403,408,437,454,470,489,516,522,533,555,564,587,594,607,609,613,627,640,645,652,655,659,668,686,714,715,717,723,725,726,730,733,734,740,742,742,748,759,768,775,784
84026123,US,USA,840,26123.0,Newaygo,Michigan,US,43.554373999999996,-85.80070107,"Newaygo, Michigan, US",0,0,0,0,0,0,0,0,0,0,0,0,0,0,0,0,0,0,0,0,0,0,0,0,0,0,0,0,0,0,0,0,0,0,0,0,0,0,0,0,0,0,0,0,0,0,0,0,0,0,0,0,0,0,0,0,0,0,0,0,0,1,2,2,2,1,1,1,1,1,1,2,2,2,2,2,3,3,5,6,8,8,8,9,9,9,9,9,9,9,12,14,14,15,16,17,16,18,24,24,26,28,28,31,34,35,37,37,37,37,38,39,40,41,44,44,48,55,56,68,76,80,84,94,96,97,101,106,108,110,110,112,113,113,116,122,122,122,122,125,125,125,125,126,127,127,128,130,131,131,134,139
84026125,US,USA,840,26125.0,Oakland,Michigan,US,42.66090111,-83.38595416,"Oakland, Michigan, US",0,0,0,0,0,0,0,0,0,0,0,0,0,0,0,0,0,0,0,0,0,0,0,0,0,0,0,0,0,0,0,0,0,0,0,0,0,0,0,0,0,0,0,0,0,0,0,0,0,1,1,6,11,16,25,31,82,139,226,279,329,398,514,643,775,945,1155,1319,1530,1764,2107,2391,2761,3018,3277,3638,4014,4299,4553,4832,5132,5253,5421,5732,5957,6203,6343,6470,6560,6649,6790,6968,7176,7378,7472,7537,7542,7672,7852,7998,8184,8245,8295,8324,8389,8482,8579,8672,8730,8787,8880,8980,9121,9330,9464,9511,9555,9636,9763,9908,10010,10109,10197,10244,10267,10355,10439,10535,10627,10656,10781,10836,10921,10999,11095,11205,11215,11235,11256,11262,11262,11283,11286,11298,11306,11313,11372,11384,11425,11485,11667,11685
84026127,US,USA,840,26127.0,Oceana,Michigan,US,43.64124435,-86.26726673,"Oceana, Michigan, US",0,0,0,0,0,0,0,0,0,0,0,0,0,0,0,0,0,0,0,0,0,0,0,0,0,0,0,0,0,0,0,0,0,0,0,0,0,0,0,0,0,0,0,0,0,0,0,0,0,0,0,0,0,0,0,0,0,0,0,0,0,0,0,0,1,1,1,2,2,2,2,2,3,3,3,3,3,3,3,3,3,3,3,3,3,3,4,3,3,3,4,4,4,8,8,9,11,12,13,13,15,18,20,23,25,26,28,30,31,36,38,42,46,52,54,55,58,62,66,74,77,81,82,90,92,93,93,93,93,93,93,95,97,100,102,101,102,103,103,103,103,103,105,107,107,112,116,119,145,163,173,176
84026129,US,USA,840,26129.0,Ogemaw,Michigan,US,44.33481032,-84.12725175,"Ogemaw, Michigan, US",0,0,0,0,0,0,0,0,0,0,0,0,0,0,0,0,0,0,0,0,0,0,0,0,0,0,0,0,0,0,0,0,0,0,0,0,0,0,0,0,0,0,0,0,0,0,0,0,0,0,0,0,0,0,0,0,0,0,0,0,0,1,1,1,2,2,2,2,5,2,2,3,3,3,4,4,4,4,4,4,5,5,5,5,5,6,6,6,7,7,7,7,9,9,9,13,14,15,16,17,18,19,18,19,19,19,20,20,20,20,21,20,20,21,22,23,23,24,25,27,27,28,28,28,28,28,29,29,29,29,29,30,30,30,31,31,31,31,31,31,31,31,32,32,32,32,32,32,32,32,32,32
84026131,US,USA,840,26131.0,Ontonagon,Michigan,US,46.665226200000006,-89.31390481,"Ontonagon, Michigan, US",0,0,0,0,0,0,0,0,0,0,0,0,0,0,0,0,0,0,0,0,0,0,0,0,0,0,0,0,0,0,0,0,0,0,0,0,0,0,0,0,0,0,0,0,0,0,0,0,0,0,0,0,0,0,0,0,0,0,0,0,0,0,0,0,0,0,0,0,0,0,0,0,0,0,1,1,0,0,0,0,0,0,0,0,0,0,0,0,0,0,0,0,0,0,0,0,0,0,0,0,0,0,0,0,0,0,0,0,0,0,0,0,0,0,0,0,0,0,0,0,0,0,0,0,0,0,0,0,0,0,0,0,0,0,0,0,0,0,0,0,0,0,0,0,0,0,0,0,0,0,0,0
84026133,US,USA,840,26133.0,Osceola,Michigan,US,43.98992088,-85.32566756,"Osceola, Michigan, US",0,0,0,0,0,0,0,0,0,0,0,0,0,0,0,0,0,0,0,0,0,0,0,0,0,0,0,0,0,0,0,0,0,0,0,0,0,0,0,0,0,0,0,0,0,0,0,0,0,0,0,0,0,0,0,0,0,0,0,0,0,0,0,0,0,0,1,2,2,2,2,3,3,4,4,5,5,5,5,5,6,6,7,7,7,8,8,8,8,9,10,10,10,10,10,10,10,10,10,10,10,10,10,10,10,10,10,11,11,11,11,11,11,11,11,11,12,12,12,13,13,13,13,13,13,13,14,14,14,14,15,15,15,16,16,17,18,18,18,18,18,18,18,21,21,22,22,22,25,25,27,27
84026135,US,USA,840,26135.0,Oscoda,Michigan,US,44.68192279,-84.12939244,"Oscoda, Michigan, US",0,0,0,0,0,0,0,0,0,0,0,0,0,0,0,0,0,0,0,0,0,0,0,0,0,0,0,0,0,0,0,0,0,0,0,0,0,0,0,0,0,0,0,0,0,0,0,0,0,0,0,0,0,0,0,0,0,0,0,0,0,0,0,0,0,0,0,0,0,2,2,2,2,2,2,2,2,2,3,3,4,4,4,4,4,4,4,4,5,4,4,4,4,4,4,4,4,4,4,5,5,6,6,6,6,6,7,7,7,7,7,7,8,8,8,8,8,8,8,9,8,8,8,8,8,8,8,8,8,8,8,8,8,8,8,8,8,8,8,8,8,8,8,8,8,8,8,8,9,9,9,9
84026137,US,USA,840,26137.0,Otsego,Michigan,US,45.02085831,-84.59898295,"Otsego, Michigan, US",0,0,0,0,0,0,0,0,0,0,0,0,0,0,0,0,0,0,0,0,0,0,0,0,0,0,0,0,0,0,0,0,0,0,0,0,0,0,0,0,0,0,0,0,0,0,0,0,0,0,0,0,0,0,0,1,1,1,1,1,1,3,5,6,7,7,14,17,17,19,19,19,20,23,25,28,30,31,32,32,34,37,38,40,42,51,53,65,83,85,90,92,100,101,101,104,104,105,107,109,109,110,110,111,112,113,113,113,115,115,116,116,116,116,117,117,117,117,117,117,117,118,118,118,118,118,118,118,118,118,120,120,120,120,120,120,120,120,120,120,120,120,120,120,120,120,120,120,120,120,121,121
84026139,US,USA,840,26139.0,Ottawa,Michigan,US,42.95996803,-85.9969107,"Ottawa, Michigan, US",0,0,0,0,0,0,0,0,0,0,0,0,0,0,0,0,0,0,0,0,0,0,0,0,0,0,0,0,0,0,0,0,0,0,0,0,0,0,0,0,0,0,0,0,0,0,0,0,0,0,0,0,0,0,1,2,2,2,3,4,8,13,17,18,20,23,25,27,31,34,36,41,46,48,55,56,68,74,81,86,90,92,100,99,106,114,120,130,139,151,161,181,193,199,205,213,225,244,258,271,291,298,359,360,385,408,409,455,475,476,468,481,497,537,556,574,587,615,631,677,693,720,737,760,773,779,780,809,824,832,840,847,852,866,876,895,899,900,900,900,900,908,922,927,933,936,936,936,941,951,961,965
84026141,US,USA,840,26141.0,Presque Isle,Michigan,US,45.34018577,-83.91498656,"Presque Isle, Michigan, US",0,0,0,0,0,0,0,0,0,0,0,0,0,0,0,0,0,0,0,0,0,0,0,0,0,0,0,0,0,0,0,0,0,0,0,0,0,0,0,0,0,0,0,0,0,0,0,0,0,0,0,0,0,0,0,0,0,0,0,0,0,0,0,0,0,0,0,0,0,0,0,0,1,0,0,1,1,1,1,2,2,2,2,2,2,2,2,2,2,2,6,6,8,9,10,10,11,11,12,11,11,11,11,11,11,11,12,11,11,11,11,11,11,11,11,11,11,11,11,11,11,11,11,11,11,11,11,11,11,11,11,11,11,11,11,11,11,11,11,11,11,12,12,12,12,12,12,12,12,12,12,12
84026143,US,USA,840,26143.0,Roscommon,Michigan,US,44.33473082,-84.61067651,"Roscommon, Michigan, US",0,0,0,0,0,0,0,0,0,0,0,0,0,0,0,0,0,0,0,0,0,0,0,0,0,0,0,0,0,0,0,0,0,0,0,0,0,0,0,0,0,0,0,0,0,0,0,0,0,0,0,0,0,0,0,0,0,0,0,0,1,1,1,1,1,1,1,1,1,1,1,1,2,2,5,5,6,6,8,8,8,10,10,10,10,10,10,10,11,12,13,13,13,14,15,15,15,16,17,18,18,19,19,20,20,20,20,22,22,22,22,22,22,22,23,23,23,23,23,23,23,23,23,23,23,23,23,24,24,24,24,24,24,24,24,24,24,24,24,24,24,24,25,25,25,25,25,25,25,26,26,26
84026145,US,USA,840,26145.0,Saginaw,Michigan,US,43.33433923,-84.05131209999998,"Saginaw, Michigan, US",0,0,0,0,0,0,0,0,0,0,0,0,0,0,0,0,0,0,0,0,0,0,0,0,0,0,0,0,0,0,0,0,0,0,0,0,0,0,0,0,0,0,0,0,0,0,0,0,0,0,0,0,0,0,0,0,0,0,0,1,2,2,8,9,10,14,19,24,36,51,71,82,90,103,118,139,153,186,205,240,254,274,293,302,314,350,370,395,405,420,435,476,509,539,550,564,593,617,640,672,693,710,731,739,753,771,784,791,793,804,824,845,866,884,895,921,931,950,960,977,988,994,1003,1011,1019,1022,1025,1036,1042,1053,1063,1074,1076,1083,1092,1135,1136,1136,1138,1138,1138,1148,1147,1151,1157,1160,1168,1171,1174,1182,1189,1193
84026147,US,USA,840,26147.0,St. Clair,Michigan,US,42.92655373,-82.67937954,"St. Clair, Michigan, US",0,0,0,0,0,0,0,0,0,0,0,0,0,0,0,0,0,0,0,0,0,0,0,0,0,0,0,0,0,0,0,0,0,0,0,0,0,0,0,0,0,0,0,0,0,0,0,0,0,0,0,1,1,1,2,2,2,4,7,7,8,8,10,12,16,21,22,26,32,40,52,64,77,96,109,125,147,160,183,204,216,227,239,244,254,265,269,274,277,287,296,311,326,337,340,345,347,352,356,371,375,380,379,384,390,390,391,404,405,410,412,423,431,453,459,468,463,467,473,480,483,487,490,491,492,492,492,499,509,509,510,509,509,513,514,513,513,513,513,514,514,514,513,516,518,518,518,518,518,524,525,525
84026149,US,USA,840,26149.0,St. Joseph,Michigan,US,41.91441767,-85.52797979,"St. Joseph, Michigan, US",0,0,0,0,0,0,0,0,0,0,0,0,0,0,0,0,0,0,0,0,0,0,0,0,0,0,0,0,0,0,0,0,0,0,0,0,0,0,0,0,0,0,0,0,0,0,0,0,0,0,0,0,0,0,0,0,0,0,0,0,0,0,0,0,0,0,0,0,3,4,5,8,10,9,10,11,14,16,18,20,20,21,21,22,22,23,23,24,25,25,25,27,27,27,27,29,30,31,31,33,34,39,37,43,44,45,48,52,66,67,67,73,78,81,84,86,88,89,93,95,96,100,104,105,106,108,113,114,116,122,123,123,133,134,137,154,158,159,159,160,160,166,171,175,177,186,193,200,204,210,215,219
84026151,US,USA,840,26151.0,Sanilac,Michigan,US,43.42406072,-82.82055898,"Sanilac, Michigan, US",0,0,0,0,0,0,0,0,0,0,0,0,0,0,0,0,0,0,0,0,0,0,0,0,0,0,0,0,0,0,0,0,0,0,0,0,0,0,0,0,0,0,0,0,0,0,0,0,0,0,0,0,0,0,0,0,0,0,0,0,0,0,0,2,1,2,2,2,5,7,7,8,10,13,13,14,17,22,21,24,24,24,24,24,26,26,28,33,34,33,33,33,35,35,35,35,35,35,35,36,37,37,38,37,37,39,39,39,38,38,39,39,39,39,39,39,40,40,40,40,40,40,40,41,41,41,41,41,42,42,42,42,42,43,43,42,42,42,42,42,42,42,43,44,44,43,43,43,43,43,43,43
84026153,US,USA,840,26153.0,Schoolcraft,Michigan,US,46.19235734,-86.19972234,"Schoolcraft, Michigan, US",0,0,0,0,0,0,0,0,0,0,0,0,0,0,0,0,0,0,0,0,0,0,0,0,0,0,0,0,0,0,0,0,0,0,0,0,0,0,0,0,0,0,0,0,0,0,0,0,0,0,0,0,0,0,0,0,0,0,0,0,0,0,0,0,0,0,0,0,0,1,0,0,0,0,0,0,0,1,1,1,2,2,3,3,3,3,3,3,3,3,3,3,3,3,3,3,3,3,3,3,3,3,3,3,3,3,4,4,4,4,4,4,4,4,4,4,4,4,4,4,4,4,4,4,4,4,4,4,4,4,4,4,4,4,4,4,4,4,4,4,4,4,4,4,4,4,4,4,4,4,4,4
84026155,US,USA,840,26155.0,Shiawassee,Michigan,US,42.95392800000001,-84.14585902,"Shiawassee, Michigan, US",0,0,0,0,0,0,0,0,0,0,0,0,0,0,0,0,0,0,0,0,0,0,0,0,0,0,0,0,0,0,0,0,0,0,0,0,0,0,0,0,0,0,0,0,0,0,0,0,0,0,0,0,0,0,0,0,0,0,0,0,0,0,0,0,1,2,2,5,8,9,12,18,20,24,25,26,26,30,34,38,42,60,60,69,73,81,97,102,105,120,132,134,137,142,142,142,178,185,185,193,197,198,198,200,204,211,214,217,219,220,227,231,230,236,239,240,242,245,253,264,267,266,257,254,255,257,258,260,260,261,261,261,262,261,261,261,261,261,261,262,262,263,264,264,265,265,265,264,266,265,265,265
84026157,US,USA,840,26157.0,Tuscola,Michigan,US,43.46606813,-83.41897025,"Tuscola, Michigan, US",0,0,0,0,0,0,0,0,0,0,0,0,0,0,0,0,0,0,0,0,0,0,0,0,0,0,0,0,0,0,0,0,0,0,0,0,0,0,0,0,0,0,0,0,0,0,0,0,0,0,0,0,0,0,0,0,0,0,0,0,1,1,1,2,2,2,4,4,5,9,11,14,15,20,22,22,26,28,37,42,42,47,47,47,49,52,56,61,63,65,65,73,78,80,83,84,92,96,100,107,108,115,115,115,119,120,128,132,133,136,141,164,164,166,169,169,173,175,176,177,181,180,186,188,188,189,189,189,192,192,190,192,192,191,191,205,205,205,206,206,206,207,208,209,210,211,216,230,246,246,246,246
84026159,US,USA,840,26159.0,Van Buren,Michigan,US,42.25190229,-86.01939087,"Van Buren, Michigan, US",0,0,0,0,0,0,0,0,0,0,0,0,0,0,0,0,0,0,0,0,0,0,0,0,0,0,0,0,0,0,0,0,0,0,0,0,0,0,0,0,0,0,0,0,0,0,0,0,0,0,0,0,0,0,0,0,0,0,0,0,0,0,0,2,2,4,5,5,5,8,14,16,16,16,18,22,25,26,26,29,30,30,30,32,37,37,40,43,45,46,47,49,48,47,47,48,49,56,60,63,68,73,77,83,85,85,90,98,101,105,110,113,113,120,126,130,132,135,137,137,138,141,142,142,144,147,152,155,157,161,165,165,168,170,171,177,189,191,195,195,195,195,200,202,206,205,207,210,212,213,215,216
84026161,US,USA,840,26161.0,Washtenaw,Michigan,US,42.253105,-83.83853204,"Washtenaw, Michigan, US",0,0,0,0,0,0,0,0,0,0,0,0,0,0,0,0,0,0,0,0,0,0,0,0,0,0,0,0,0,0,0,0,0,0,0,0,0,0,0,0,0,0,0,0,0,0,0,0,0,0,0,4,4,5,9,9,9,17,19,33,41,49,58,83,104,165,201,252,290,330,430,471,513,543,565,591,618,674,708,735,766,797,817,857,887,915,945,962,964,976,1000,1012,1063,1080,1108,1108,1113,1142,1159,1188,1205,1216,1228,1237,1242,1249,1260,1282,1299,1306,1322,1338,1346,1371,1377,1382,1384,1389,1396,1406,1417,1432,1440,1454,1458,1469,1477,1485,1495,1508,1513,1518,1524,1528,1534,1541,1545,1545,1550,1551,1551,1569,1560,1567,1569,1571,1584,1592,1598,1604,1612,1615
84026163,US,USA,840,26163.0,Wayne,Michigan,US,42.28098405,-83.281255,"Wayne, Michigan, US",0,0,0,0,0,0,0,0,0,0,0,0,0,0,0,0,0,0,0,0,0,0,0,0,0,0,0,0,0,0,0,0,0,0,0,0,0,0,0,0,0,0,0,0,0,0,0,0,0,1,1,2,6,8,14,14,24,45,68,103,478,639,878,1125,1392,1814,2322,2712,3206,3752,4503,5111,6142,6809,7574,8332,9115,9707,10179,10628,11045,11259,11746,12308,12645,12647,13340,13582,13805,14027,14035,14692,15154,15593,15599,15944,16078,16392,16723,16986,17235,17396,17593,17640,17746,17952,18071,18246,18390,18506,18645,18734,18870,19272,19397,19542,19592,19664,19837,20002,20120,20205,20305,20380,20426,20554,20640,20708,20883,20917,21079,21114,21143,21225,21281,21499,21512,21521,21555,21562,21570,21629,21660,21711,21749,21793,21805,21897,21941,21995,22085,22139
84026165,US,USA,840,26165.0,Wexford,Michigan,US,44.33853602,-85.57712739,"Wexford, Michigan, US",0,0,0,0,0,0,0,0,0,0,0,0,0,0,0,0,0,0,0,0,0,0,0,0,0,0,0,0,0,0,0,0,0,0,0,0,0,0,0,0,0,0,0,0,0,0,0,0,0,0,0,0,0,0,0,0,0,0,0,1,1,1,1,1,1,1,1,1,2,2,2,3,4,5,6,6,8,8,8,8,8,9,9,9,9,9,9,9,9,9,9,9,9,10,10,10,11,11,12,11,11,11,11,11,11,11,11,12,12,13,13,13,13,13,13,13,13,13,13,13,13,13,13,13,13,13,13,13,13,13,13,14,14,14,14,14,14,14,14,14,14,14,15,16,16,17,17,17,18,18,18,18
84027001,US,USA,840,27001.0,Aitkin,Minnesota,US,46.60962049,-93.41168259999999,"Aitkin, Minnesota, US",0,0,0,0,0,0,0,0,0,0,0,0,0,0,0,0,0,0,0,0,0,0,0,0,0,0,0,0,0,0,0,0,0,0,0,0,0,0,0,0,0,0,0,0,0,0,0,0,0,0,0,0,0,0,0,0,0,0,0,0,0,0,0,0,0,0,0,0,0,0,0,0,0,0,0,0,0,0,0,0,0,0,0,0,0,0,1,1,1,1,1,1,1,1,1,1,1,1,1,1,1,1,1,1,1,1,1,2,2,2,2,2,2,2,2,3,3,4,4,4,4,4,6,6,6,7,7,7,7,8,8,8,11,11,11,12,12,12,12,13,13,13,13,13,13,13,13,13,13,13,13,13
84027003,US,USA,840,27003.0,Anoka,Minnesota,US,45.27476015,-93.24604565,"Anoka, Minnesota, US",0,0,0,0,0,0,0,0,0,0,0,0,0,0,0,0,0,0,0,0,0,0,0,0,0,0,0,0,0,0,0,0,0,0,0,0,0,0,0,0,0,0,0,0,0,0,0,0,0,1,1,1,1,1,3,3,3,6,5,5,5,7,7,7,8,10,12,17,22,23,26,30,34,36,36,40,42,46,53,55,58,68,68,72,76,76,83,85,93,95,97,105,131,142,150,165,168,186,196,212,231,260,281,299,344,382,426,477,518,549,571,613,640,678,726,770,821,869,919,955,995,1044,1092,1164,1210,1241,1262,1289,1324,1363,1399,1429,1441,1470,1488,1527,1555,1585,1616,1627,1654,1674,1691,1716,1742,1760,1770,1786,1810,1836,1867,1894
84027005,US,USA,840,27005.0,Becker,Minnesota,US,46.93479392,-95.67158144,"Becker, Minnesota, US",0,0,0,0,0,0,0,0,0,0,0,0,0,0,0,0,0,0,0,0,0,0,0,0,0,0,0,0,0,0,0,0,0,0,0,0,0,0,0,0,0,0,0,0,0,0,0,0,0,0,0,0,0,0,0,0,0,0,0,0,0,0,0,0,0,0,0,0,0,0,0,0,0,0,0,0,0,0,0,0,0,2,2,2,1,1,1,1,1,1,1,2,2,2,2,2,2,2,2,2,5,10,10,13,15,16,18,22,25,25,25,25,28,30,31,33,33,33,32,32,33,33,32,32,37,37,37,36,36,39,40,40,41,41,43,44,44,44,44,45,45,45,47,49,49,50,50,49,49,48,50,49
84027007,US,USA,840,27007.0,Beltrami,Minnesota,US,47.97373527,-94.93732139,"Beltrami, Minnesota, US",0,0,0,0,0,0,0,0,0,0,0,0,0,0,0,0,0,0,0,0,0,0,0,0,0,0,0,0,0,0,0,0,0,0,0,0,0,0,0,0,0,0,0,0,0,0,0,0,0,0,0,0,0,0,0,0,0,0,0,0,0,0,0,0,0,1,2,2,3,4,4,4,4,5,6,6,6,6,5,5,5,5,5,5,5,5,5,5,5,5,5,6,6,6,6,6,6,6,6,6,6,6,6,6,6,6,6,6,6,6,6,6,6,8,9,9,9,9,9,9,9,10,12,12,12,12,13,14,14,14,15,15,16,18,18,18,20,21,21,21,21,21,21,21,23,23,23,23,23,23,24,25
84027009,US,USA,840,27009.0,Benton,Minnesota,US,45.69804958,-93.99514135,"Benton, Minnesota, US",0,0,0,0,0,0,0,0,0,0,0,0,0,0,0,0,0,0,0,0,0,0,0,0,0,0,0,0,0,0,0,0,0,0,0,0,0,0,0,0,0,0,0,0,0,0,0,0,0,0,0,0,0,0,1,1,1,1,1,1,1,1,1,1,1,1,1,1,1,1,1,1,1,1,1,1,1,1,1,1,1,1,1,1,1,1,4,4,4,4,4,4,4,4,4,4,4,6,10,15,21,29,32,35,48,59,64,76,87,92,93,100,102,109,117,122,131,138,142,148,152,158,161,166,167,167,169,173,175,175,177,178,178,181,182,185,187,188,188,190,190,190,190,190,193,193,193,195,198,200,201,201
84027011,US,USA,840,27011.0,Big Stone,Minnesota,US,45.42712824,-96.41403739,"Big Stone, Minnesota, US",0,0,0,0,0,0,0,0,0,0,0,0,0,0,0,0,0,0,0,0,0,0,0,0,0,0,0,0,0,0,0,0,0,0,0,0,0,0,0,0,0,0,0,0,0,0,0,0,0,0,0,0,0,0,0,0,0,0,0,0,0,1,1,1,1,1,1,1,1,1,1,1,1,1,1,1,1,1,1,1,1,1,1,1,1,1,1,1,1,1,1,1,1,1,2,2,2,2,2,2,2,2,2,2,2,2,2,2,2,2,2,2,2,2,2,2,2,3,3,3,3,3,3,3,3,3,3,4,4,4,5,6,8,8,8,11,11,12,12,12,13,13,12,13,13,13,13,14,14,14,14,14
84027013,US,USA,840,27013.0,Blue Earth,Minnesota,US,44.03554215,-94.06699781,"Blue Earth, Minnesota, US",0,0,0,0,0,0,0,0,0,0,0,0,0,0,0,0,0,0,0,0,0,0,0,0,0,0,0,0,0,0,0,0,0,0,0,0,0,0,0,0,0,0,0,0,0,0,0,0,0,0,0,0,0,0,0,0,2,2,2,3,4,5,5,5,6,7,7,8,9,9,9,10,10,14,15,16,22,21,22,22,22,22,22,22,23,23,23,23,23,24,24,26,26,27,27,29,30,33,34,38,38,41,46,50,51,53,55,55,64,65,67,67,69,71,76,79,83,87,93,98,104,108,110,112,115,119,122,126,137,138,140,142,145,148,148,149,151,152,152,153,154,157,159,161,163,163,164,169,172,174,191,214
84027015,US,USA,840,27015.0,Brown,Minnesota,US,44.24205652,-94.72562874,"Brown, Minnesota, US",0,0,0,0,0,0,0,0,0,0,0,0,0,0,0,0,0,0,0,0,0,0,0,0,0,0,0,0,0,0,0,0,0,0,0,0,0,0,0,0,0,0,0,0,0,0,0,0,0,0,0,0,0,0,0,0,0,0,0,0,0,0,0,0,0,0,0,0,0,2,2,2,2,3,3,5,7,7,7,7,7,7,7,7,7,7,7,7,7,7,8,8,8,8,8,8,8,8,8,8,8,8,8,9,9,9,9,9,9,9,9,9,10,10,10,10,10,10,10,10,10,11,11,11,12,13,14,14,14,15,16,16,16,17,16,17,17,18,17,17,17,18,18,19,19,19,20,20,22,21,22,21
84027017,US,USA,840,27017.0,Carlton,Minnesota,US,46.59180601,-92.67601019,"Carlton, Minnesota, US",0,0,0,0,0,0,0,0,0,0,0,0,0,0,0,0,0,0,0,0,0,0,0,0,0,0,0,0,0,0,0,0,0,0,0,0,0,0,0,0,0,0,0,0,0,0,0,0,0,0,0,0,0,0,0,0,0,0,0,0,0,0,0,0,0,0,0,0,0,1,2,3,5,8,8,10,13,14,15,18,19,25,25,26,27,27,32,34,36,37,37,38,38,46,47,51,52,53,55,59,59,59,60,60,60,61,62,64,64,64,64,65,65,66,66,66,66,66,67,70,71,71,71,73,73,73,73,73,73,73,73,75,75,75,75,75,75,77,78,78,78,79,80,80,80,80,80,81,81,81,81,81
84027019,US,USA,840,27019.0,Carver,Minnesota,US,44.82017001,-93.80099179999999,"Carver, Minnesota, US",0,0,0,0,0,0,0,0,0,0,0,0,0,0,0,0,0,0,0,0,0,0,0,0,0,0,0,0,0,0,0,0,0,0,0,0,0,0,0,0,0,0,0,0,0,0,0,1,1,1,1,1,1,1,1,1,2,3,3,3,7,8,8,8,8,8,9,9,10,10,10,10,10,10,10,10,10,10,10,12,12,13,13,13,14,14,14,14,14,14,14,15,15,15,16,17,17,19,20,21,21,25,26,27,39,51,58,69,78,82,92,95,99,103,105,111,113,117,128,131,138,146,154,161,174,182,185,189,201,206,210,218,222,224,232,240,247,250,254,257,261,266,268,269,270,271,276,278,285,287,293,294
84027021,US,USA,840,27021.0,Cass,Minnesota,US,46.95043611,-94.32603968,"Cass, Minnesota, US",0,0,0,0,0,0,0,0,0,0,0,0,0,0,0,0,0,0,0,0,0,0,0,0,0,0,0,0,0,0,0,0,0,0,0,0,0,0,0,0,0,0,0,0,0,0,0,0,0,0,0,0,0,0,0,0,0,0,0,0,1,1,1,1,1,1,1,1,1,1,1,1,1,1,1,1,3,3,3,3,3,4,4,4,4,4,4,4,4,4,4,4,5,5,5,5,5,5,5,5,5,7,7,7,7,7,7,7,8,8,8,8,8,9,8,9,9,10,11,11,10,10,11,11,11,11,12,13,13,13,14,14,13,12,11,11,11,11,12,12,11,11,11,11,11,11,11,11,12,12,12,12
84027023,US,USA,840,27023.0,Chippewa,Minnesota,US,45.02343421,-95.56403693,"Chippewa, Minnesota, US",0,0,0,0,0,0,0,0,0,0,0,0,0,0,0,0,0,0,0,0,0,0,0,0,0,0,0,0,0,0,0,0,0,0,0,0,0,0,0,0,0,0,0,0,0,0,0,0,0,0,0,0,0,0,0,0,0,0,0,0,0,0,0,0,0,0,0,0,0,0,0,0,0,0,0,0,0,0,0,0,0,0,0,0,0,0,0,0,0,1,1,1,1,1,2,2,2,2,2,2,2,2,3,3,3,4,5,5,5,6,14,21,26,27,27,28,30,32,34,36,37,39,39,40,42,42,44,44,49,49,51,51,51,51,52,52,52,52,52,53,54,54,55,55,56,56,57,58,62,64,66,66
84027025,US,USA,840,27025.0,Chisago,Minnesota,US,45.5021011,-92.90861945,"Chisago, Minnesota, US",0,0,0,0,0,0,0,0,0,0,0,0,0,0,0,0,0,0,0,0,0,0,0,0,0,0,0,0,0,0,0,0,0,0,0,0,0,0,0,0,0,0,0,0,0,0,0,0,0,0,0,0,0,0,0,0,0,0,1,1,1,2,2,2,2,2,1,1,3,3,3,3,4,4,4,5,5,5,5,6,6,7,7,7,7,7,7,7,7,7,7,7,7,7,7,7,7,9,10,11,12,13,13,13,13,14,14,18,19,20,20,23,25,25,27,30,34,37,38,38,39,41,44,48,48,49,50,54,60,61,61,62,62,64,64,69,70,70,70,70,73,74,77,78,78,80,80,81,81,82,83,87
84027027,US,USA,840,27027.0,Clay,Minnesota,US,46.89289518,-96.48761922,"Clay, Minnesota, US",0,0,0,0,0,0,0,0,0,0,0,0,0,0,0,0,0,0,0,0,0,0,0,0,0,0,0,0,0,0,0,0,0,0,0,0,0,0,0,0,0,0,0,0,0,0,0,0,0,0,0,0,0,0,0,0,0,0,1,1,2,2,3,3,4,4,4,4,4,6,7,8,8,13,13,19,19,20,23,29,29,40,40,42,43,43,44,48,55,62,68,79,84,100,113,125,131,149,152,157,165,189,176,190,201,215,222,229,233,235,247,254,256,273,279,291,293,310,318,328,344,356,361,366,373,386,406,416,420,424,423,427,430,435,441,449,457,462,469,481,490,499,503,507,504,506,506,512,516,521,522,526
84027029,US,USA,840,27029.0,Clearwater,Minnesota,US,47.57992111,-95.37790562,"Clearwater, Minnesota, US",0,0,0,0,0,0,0,0,0,0,0,0,0,0,0,0,0,0,0,0,0,0,0,0,0,0,0,0,0,0,0,0,0,0,0,0,0,0,0,0,0,0,0,0,0,0,0,0,0,0,0,0,0,0,0,0,0,0,0,0,0,0,0,0,0,0,1,1,2,2,2,2,2,2,2,2,2,2,2,2,2,2,2,3,3,3,3,3,3,3,3,3,2,2,2,2,2,2,2,2,2,2,2,2,2,2,2,2,2,2,2,2,2,2,2,2,2,2,2,2,2,2,2,2,3,3,3,3,3,3,3,3,3,3,3,3,3,3,3,3,3,3,3,3,5,5,5,6,6,6,6,6
84027031,US,USA,840,27031.0,Cook,Minnesota,US,47.90504893,-90.52629546,"Cook, Minnesota, US",0,0,0,0,0,0,0,0,0,0,0,0,0,0,0,0,0,0,0,0,0,0,0,0,0,0,0,0,0,0,0,0,0,0,0,0,0,0,0,0,0,0,0,0,0,0,0,0,0,0,0,0,0,0,0,0,0,0,0,0,0,0,0,0,0,0,0,0,0,0,0,0,0,0,0,0,0,0,0,0,0,0,0,0,0,0,0,0,0,0,0,0,0,0,0,0,0,0,0,0,0,0,0,0,0,0,0,0,0,0,0,0,0,0,0,0,0,0,0,0,0,0,0,0,0,0,0,0,0,0,0,0,0,0,0,0,0,0,0,0,0,0,0,1,1,1,1,1,1,1,1,1
84027033,US,USA,840,27033.0,Cottonwood,Minnesota,US,44.00715262,-95.18138802,"Cottonwood, Minnesota, US",0,0,0,0,0,0,0,0,0,0,0,0,0,0,0,0,0,0,0,0,0,0,0,0,0,0,0,0,0,0,0,0,0,0,0,0,0,0,0,0,0,0,0,0,0,0,0,0,0,0,0,0,0,0,0,0,0,0,0,0,0,0,0,0,0,0,0,1,1,2,3,5,5,5,5,5,5,5,5,5,5,6,6,6,6,6,6,6,6,6,6,6,6,6,6,6,9,11,20,20,23,27,28,37,41,42,43,43,45,46,47,47,47,51,52,54,56,58,59,59,59,61,62,62,64,65,65,69,69,70,75,76,76,77,79,82,86,90,92,94,94,96,101,104,106,110,111,115,115,118,121,121
84027035,US,USA,840,27035.0,Crow Wing,Minnesota,US,46.48096553,-94.06755609,"Crow Wing, Minnesota, US",0,0,0,0,0,0,0,0,0,0,0,0,0,0,0,0,0,0,0,0,0,0,0,0,0,0,0,0,0,0,0,0,0,0,0,0,0,0,0,0,0,0,0,0,0,0,0,0,0,0,0,0,0,0,0,0,0,0,0,0,0,0,0,0,0,0,0,0,0,0,1,2,3,5,6,6,9,10,13,13,13,16,16,17,17,17,17,17,19,20,20,20,20,20,20,20,20,20,20,20,21,21,21,21,21,21,23,24,24,23,23,23,23,24,25,24,25,30,30,38,38,42,42,42,56,56,57,59,64,68,71,71,72,75,77,81,82,82,85,86,87,88,88,90,90,90,90,91,92,92,93,94
84027037,US,USA,840,27037.0,Dakota,Minnesota,US,44.67172617,-93.06299363,"Dakota, Minnesota, US",0,0,0,0,0,0,0,0,0,0,0,0,0,0,0,0,0,0,0,0,0,0,0,0,0,0,0,0,0,0,0,0,0,0,0,0,0,0,0,0,0,0,0,0,0,0,0,0,0,0,1,1,2,2,5,6,8,8,7,7,11,18,21,21,25,28,33,39,46,47,48,52,54,56,63,67,71,75,79,85,87,95,95,103,103,103,110,113,116,124,127,130,131,136,138,143,144,156,157,162,171,189,202,215,241,292,322,364,408,430,471,508,524,562,623,666,742,802,841,885,929,961,999,1059,1102,1164,1182,1202,1230,1263,1327,1349,1368,1388,1414,1446,1481,1504,1523,1554,1572,1623,1648,1682,1713,1730,1758,1776,1805,1847,1878,1915
84027039,US,USA,840,27039.0,Dodge,Minnesota,US,44.02238415,-92.86244324,"Dodge, Minnesota, US",0,0,0,0,0,0,0,0,0,0,0,0,0,0,0,0,0,0,0,0,0,0,0,0,0,0,0,0,0,0,0,0,0,0,0,0,0,0,0,0,0,0,0,0,0,0,0,0,0,0,0,0,0,0,0,0,0,0,0,1,2,2,3,3,5,5,6,7,8,8,10,10,10,10,10,10,11,13,13,14,15,16,16,16,16,16,17,17,18,18,18,18,18,18,19,19,19,19,19,21,22,22,22,21,21,21,21,24,24,26,26,26,26,28,30,34,35,36,39,40,40,41,43,43,44,46,46,46,50,52,52,53,53,53,53,54,55,55,55,55,55,57,58,59,59,59,59,61,61,62,63,65
84027041,US,USA,840,27041.0,Douglas,Minnesota,US,45.93348491,-95.45335469,"Douglas, Minnesota, US",0,0,0,0,0,0,0,0,0,0,0,0,0,0,0,0,0,0,0,0,0,0,0,0,0,0,0,0,0,0,0,0,0,0,0,0,0,0,0,0,0,0,0,0,0,0,0,0,0,0,0,0,0,0,0,0,0,0,0,0,0,0,0,0,0,0,0,1,1,1,1,1,1,1,1,1,1,1,1,1,1,1,1,1,1,1,1,1,2,2,2,2,2,2,2,2,2,2,2,2,2,3,3,7,10,12,14,15,15,16,16,17,17,17,18,18,18,21,23,24,24,27,27,29,29,30,39,39,40,41,42,44,44,44,45,46,46,47,48,48,48,48,49,49,48,48,48,51,53,53,54,54
84027043,US,USA,840,27043.0,Faribault,Minnesota,US,43.67381499,-93.94787458,"Faribault, Minnesota, US",0,0,0,0,0,0,0,0,0,0,0,0,0,0,0,0,0,0,0,0,0,0,0,0,0,0,0,0,0,0,0,0,0,0,0,0,0,0,0,0,0,0,0,0,0,0,0,0,0,0,0,0,0,0,0,0,0,0,0,0,0,0,0,0,0,1,1,1,1,2,2,2,3,3,3,3,3,3,4,4,4,4,4,4,4,4,4,4,4,4,4,4,4,4,4,4,4,4,5,5,5,6,6,7,7,8,7,7,10,12,10,10,8,9,12,9,10,10,11,10,11,11,11,11,12,13,13,13,15,18,18,19,20,20,20,22,23,23,24,25,25,25,25,26,27,27,28,30,32,30,31,33
84027045,US,USA,840,27045.0,Fillmore,Minnesota,US,43.67394126,-92.08980382,"Fillmore,Minnesota,US",0,0,0,0,0,0,0,0,0,0,0,0,0,0,0,0,0,0,0,0,0,0,0,0,0,0,0,0,0,0,0,0,0,0,0,0,0,0,0,0,0,0,0,0,0,0,0,0,0,0,0,0,0,0,0,0,0,0,0,0,0,3,3,3,3,3,5,6,7,8,8,9,9,9,10,10,10,10,10,10,10,10,10,10,10,10,10,11,10,11,11,11,12,12,12,12,12,12,12,12,12,13,13,13,12,12,12,12,12,13,13,14,14,16,17,17,17,17,17,17,17,17,17,17,17,17,17,17,17,17,17,17,17,17,17,17,18,20,20,20,20,20,20,20,20,20,20,20,22,21,21,23
84027047,US,USA,840,27047.0,Freeborn,Minnesota,US,43.67385583,-93.34884422,"Freeborn, Minnesota, US",0,0,0,0,0,0,0,0,0,0,0,0,0,0,0,0,0,0,0,0,0,0,0,0,0,0,0,0,0,0,0,0,0,0,0,0,0,0,0,0,0,0,0,0,0,0,0,0,0,0,0,0,0,0,0,0,0,0,0,0,0,0,0,0,0,0,0,0,0,0,2,5,7,10,10,11,14,17,20,21,22,24,24,27,27,27,28,31,34,33,33,33,33,33,33,33,33,34,34,34,35,35,35,36,37,38,39,41,43,44,46,46,47,52,55,61,61,61,63,67,73,76,82,84,93,97,97,102,108,115,117,125,130,130,142,159,170,177,185,188,197,200,217,218,221,220,222,235,240,243,245,251
84027049,US,USA,840,27049.0,Goodhue,Minnesota,US,44.40849741,-92.72341949999999,"Goodhue, Minnesota, US",0,0,0,0,0,0,0,0,0,0,0,0,0,0,0,0,0,0,0,0,0,0,0,0,0,0,0,0,0,0,0,0,0,0,0,0,0,0,0,0,0,0,0,0,0,0,0,0,0,0,0,0,0,0,0,0,0,0,0,0,0,0,0,1,1,2,2,2,3,3,4,4,5,8,10,10,12,13,14,14,16,17,17,17,17,17,18,19,19,19,19,19,19,19,19,19,19,19,19,19,19,21,21,23,23,23,25,25,25,25,25,26,27,29,29,32,33,34,36,38,40,43,50,52,55,58,60,60,62,66,66,68,69,70,71,73,76,77,79,83,86,86,92,93,94,94,94,97,98,101,102,105
84027051,US,USA,840,27051.0,Grant,Minnesota,US,45.93424769,-96.01139609,"Grant, Minnesota, US",0,0,0,0,0,0,0,0,0,0,0,0,0,0,0,0,0,0,0,0,0,0,0,0,0,0,0,0,0,0,0,0,0,0,0,0,0,0,0,0,0,0,0,0,0,0,0,0,0,0,0,0,0,0,0,0,0,0,0,0,0,0,0,0,0,0,0,0,0,0,0,0,0,0,0,0,0,0,0,0,0,0,0,0,0,0,0,0,0,0,0,0,0,0,0,0,0,0,0,0,0,1,1,1,1,1,1,2,2,2,2,2,2,2,2,2,2,2,2,2,2,2,2,2,2,3,3,3,4,4,4,4,4,4,4,4,4,5,5,5,6,6,6,6,6,6,6,6,6,6,6,6
84027053,US,USA,840,27053.0,Hennepin,Minnesota,US,45.00761521,-93.47694895,"Hennepin, Minnesota, US",0,0,0,0,0,0,0,0,0,0,0,0,0,0,0,0,0,0,0,0,0,0,0,0,0,0,0,0,0,0,0,0,0,0,0,0,0,0,0,0,0,0,0,0,0,0,0,0,0,0,1,1,6,6,22,24,28,32,45,52,57,89,103,111,128,141,152,171,190,204,218,235,242,252,267,280,310,344,375,415,464,557,557,558,651,651,806,875,924,975,1013,1073,1132,1200,1287,1332,1416,1524,1633,1738,1829,1980,2151,2298,2519,2764,2962,3153,3379,3558,3744,4033,4183,4331,4674,4930,5158,5409,5650,5838,6029,6350,6649,6918,7168,7421,7540,7695,7932,8181,8393,8514,8591,8738,8867,9099,9255,9372,9480,9567,9674,9815,9934,10069,10191,10281,10323,10415,10512,10607,10705,10830
84027055,US,USA,840,27055.0,Houston,Minnesota,US,43.67129565,-91.49143057,"Houston, Minnesota, US",0,0,0,0,0,0,0,0,0,0,0,0,0,0,0,0,0,0,0,0,0,0,0,0,0,0,0,0,0,0,0,0,0,0,0,0,0,0,0,0,0,0,0,0,0,0,0,0,0,0,0,0,0,0,0,0,0,0,0,0,0,0,0,0,0,0,0,0,0,0,0,0,0,0,1,1,1,1,1,1,1,1,1,1,1,1,1,1,1,1,1,1,1,1,1,1,1,1,1,1,1,1,1,1,1,1,2,2,2,2,2,2,2,2,2,2,2,2,2,2,2,2,2,2,2,2,2,2,2,2,2,2,2,2,2,3,3,3,4,5,5,5,5,5,5,5,5,7,8,7,10,13
84027057,US,USA,840,27057.0,Hubbard,Minnesota,US,47.10778564,-94.91693868,"Hubbard, Minnesota, US",0,0,0,0,0,0,0,0,0,0,0,0,0,0,0,0,0,0,0,0,0,0,0,0,0,0,0,0,0,0,0,0,0,0,0,0,0,0,0,0,0,0,0,0,0,0,0,0,0,0,0,0,0,0,0,0,0,0,0,0,0,0,0,0,0,0,0,0,0,0,0,0,0,0,0,0,0,0,0,0,0,0,0,0,0,0,0,0,0,0,0,0,0,0,0,0,0,0,0,0,0,0,0,0,0,0,0,0,0,0,0,0,0,0,0,0,0,0,0,0,0,0,1,1,1,1,1,1,2,3,2,2,3,3,3,3,3,4,5,5,5,5,5,5,5,5,5,5,5,5,5,5
84027059,US,USA,840,27059.0,Isanti,Minnesota,US,45.56181234,-93.29487636,"Isanti, Minnesota, US",0,0,0,0,0,0,0,0,0,0,0,0,0,0,0,0,0,0,0,0,0,0,0,0,0,0,0,0,0,0,0,0,0,0,0,0,0,0,0,0,0,0,0,0,0,0,0,0,0,0,0,0,0,0,0,0,0,0,0,0,0,0,0,0,0,0,0,1,2,2,2,2,2,3,4,4,4,4,4,4,4,4,4,4,4,4,4,5,5,6,6,6,6,6,7,6,6,6,6,6,6,6,6,6,6,7,7,7,7,7,8,10,10,11,16,17,20,19,19,20,20,21,24,25,28,30,33,32,32,32,35,35,35,35,36,36,37,39,41,43,44,48,48,49,49,50,50,50,51,52,53,55
84027061,US,USA,840,27061.0,Itasca,Minnesota,US,47.51009045,-93.63092229,"Itasca, Minnesota, US",0,0,0,0,0,0,0,0,0,0,0,0,0,0,0,0,0,0,0,0,0,0,0,0,0,0,0,0,0,0,0,0,0,0,0,0,0,0,0,0,0,0,0,0,0,0,0,0,0,0,0,0,0,0,0,0,0,0,0,0,0,0,0,0,0,0,0,0,1,1,1,2,2,2,2,2,2,2,2,2,2,2,2,2,2,2,2,2,2,2,2,2,2,2,2,2,2,2,3,5,6,7,11,12,13,24,24,24,25,28,33,35,40,41,42,43,46,49,49,50,51,51,51,52,53,53,53,54,54,54,54,55,55,56,56,56,56,56,56,57,58,58,58,58,59,59,59,59,59,59,59,59
84027063,US,USA,840,27063.0,Jackson,Minnesota,US,43.67423373,-95.15398258,"Jackson, Minnesota, US",0,0,0,0,0,0,0,0,0,0,0,0,0,0,0,0,0,0,0,0,0,0,0,0,0,0,0,0,0,0,0,0,0,0,0,0,0,0,0,0,0,0,0,0,0,0,0,0,0,0,0,0,0,0,0,0,0,0,0,1,1,1,1,1,1,1,1,1,1,1,1,1,1,1,1,1,1,1,1,1,1,1,1,1,1,1,1,2,2,2,2,3,5,6,7,7,8,9,12,14,16,18,18,24,25,25,29,29,31,32,33,33,33,34,34,35,36,36,36,36,36,37,38,39,39,39,39,39,39,39,39,39,40,40,42,42,42,42,42,42,43,43,43,46,46,48,48,48,50,50,50,52
84027065,US,USA,840,27065.0,Kanabec,Minnesota,US,45.9459309,-93.29275192,"Kanabec, Minnesota, US",0,0,0,0,0,0,0,0,0,0,0,0,0,0,0,0,0,0,0,0,0,0,0,0,0,0,0,0,0,0,0,0,0,0,0,0,0,0,0,0,0,0,0,0,0,0,0,0,0,0,0,0,0,0,0,0,0,0,0,0,0,0,0,0,0,0,0,0,0,0,0,0,0,0,0,0,0,0,0,0,0,0,0,0,0,0,0,0,0,0,0,0,0,0,0,0,0,0,0,0,1,1,1,1,2,2,4,5,9,9,10,10,11,10,9,9,9,9,9,9,10,11,11,11,11,11,11,11,11,11,11,11,12,12,12,12,12,12,12,12,12,13,13,13,13,13,13,13,13,13,13,13
84027067,US,USA,840,27067.0,Kandiyohi,Minnesota,US,45.1526059,-95.00586446,"Kandiyohi, Minnesota, US",0,0,0,0,0,0,0,0,0,0,0,0,0,0,0,0,0,0,0,0,0,0,0,0,0,0,0,0,0,0,0,0,0,0,0,0,0,0,0,0,0,0,0,0,0,0,0,0,0,0,0,0,0,0,0,0,0,0,0,0,0,0,0,0,1,1,1,1,1,2,2,2,2,2,2,2,2,2,2,2,2,2,2,2,2,2,2,2,2,3,3,3,4,12,28,35,39,64,88,91,135,145,167,188,200,211,238,261,276,284,316,367,383,386,394,405,412,415,420,426,428,443,449,454,468,471,475,476,486,490,496,497,504,505,511,514,517,521,522,526,534,540,541,544,546,546,548,552,553,554,560,560
84027069,US,USA,840,27069.0,Kittson,Minnesota,US,48.77754106,-96.78317184,"Kittson, Minnesota, US",0,0,0,0,0,0,0,0,0,0,0,0,0,0,0,0,0,0,0,0,0,0,0,0,0,0,0,0,0,0,0,0,0,0,0,0,0,0,0,0,0,0,0,0,0,0,0,0,0,0,0,0,0,0,0,0,0,0,0,0,0,0,0,0,0,0,0,0,0,0,0,0,0,0,0,0,0,0,0,0,0,0,0,0,0,0,0,1,1,1,1,1,1,1,1,1,1,1,1,1,1,1,1,1,1,1,1,1,1,1,1,1,1,1,1,1,1,1,1,1,1,1,1,1,1,1,1,1,1,1,1,1,1,1,1,1,1,1,1,1,1,1,1,1,1,1,1,1,1,1,1,1
84027071,US,USA,840,27071.0,Koochiching,Minnesota,US,48.24539665,-93.78352843,"Koochiching, Minnesota, US",0,0,0,0,0,0,0,0,0,0,0,0,0,0,0,0,0,0,0,0,0,0,0,0,0,0,0,0,0,0,0,0,0,0,0,0,0,0,0,0,0,0,0,0,0,0,0,0,0,0,0,0,0,0,0,0,0,0,0,0,0,0,0,0,0,0,0,0,0,0,0,1,1,1,1,1,1,1,1,1,1,1,1,1,1,1,1,1,1,1,1,1,1,1,1,1,1,1,1,1,1,1,1,1,1,1,1,1,1,1,2,2,2,3,3,3,3,5,5,5,4,4,4,5,6,6,7,7,7,7,8,9,9,9,9,9,9,9,9,9,9,9,9,9,9,9,9,9,9,9,9,9
84027073,US,USA,840,27073.0,Lac qui Parle,Minnesota,US,44.9973857,-96.17488219,"Lac qui Parle,Minnesota,US",0,0,0,0,0,0,0,0,0,0,0,0,0,0,0,0,0,0,0,0,0,0,0,0,0,0,0,0,0,0,0,0,0,0,0,0,0,0,0,0,0,0,0,0,0,0,0,0,0,0,0,0,0,0,0,0,0,0,0,0,0,0,0,0,0,0,1,1,1,1,1,1,1,1,1,1,1,1,1,1,1,1,1,1,1,1,1,1,1,1,1,1,1,1,1,1,1,1,1,1,1,1,1,2,2,2,2,2,2,2,2,2,2,2,2,2,2,3,3,3,3,3,3,3,3,3,3,3,3,3,3,3,3,3,3,3,3,3,3,3,3,3,3,3,3,3,3,3,3,4,4,4
84027075,US,USA,840,27075.0,Lake,Minnesota,US,47.64270764,-91.44557998,"Lake, Minnesota, US",0,0,0,0,0,0,0,0,0,0,0,0,0,0,0,0,0,0,0,0,0,0,0,0,0,0,0,0,0,0,0,0,0,0,0,0,0,0,0,0,0,0,0,0,0,0,0,0,0,0,0,0,0,0,0,0,0,0,0,0,0,0,0,0,0,0,0,0,0,0,0,0,0,0,0,0,0,0,0,0,0,0,0,0,0,0,0,0,0,0,0,0,0,0,0,0,0,0,0,0,0,0,0,0,0,0,1,1,1,1,1,1,1,1,1,1,1,1,1,1,1,1,1,1,1,1,1,1,1,1,1,1,1,1,1,1,1,1,1,1,1,1,1,1,1,1,2,4,4,4,4,4
84027077,US,USA,840,27077.0,Lake of the Woods,Minnesota,US,48.77217001,-94.90274472,"Lake of the Woods, Minnesota, US",0,0,0,0,0,0,0,0,0,0,0,0,0,0,0,0,0,0,0,0,0,0,0,0,0,0,0,0,0,0,0,0,0,0,0,0,0,0,0,0,0,0,0,0,0,0,0,0,0,0,0,0,0,0,0,0,0,0,0,0,0,0,0,0,0,0,0,0,0,0,0,0,0,0,0,0,0,0,0,0,0,0,0,0,0,0,0,0,0,0,0,0,0,0,0,0,0,0,0,0,0,0,0,0,0,0,0,0,0,0,0,0,0,0,0,0,0,0,0,0,0,0,0,0,0,0,0,0,0,0,0,0,0,0,0,0,0,0,0,0,0,0,0,0,0,0,0,0,0,0,0,0
84027079,US,USA,840,27079.0,Le Sueur,Minnesota,US,44.37136597,-93.72844721,"Le Sueur, Minnesota, US",0,0,0,0,0,0,0,0,0,0,0,0,0,0,0,0,0,0,0,0,0,0,0,0,0,0,0,0,0,0,0,0,0,0,0,0,0,0,0,0,0,0,0,0,0,0,0,0,0,0,0,0,0,0,0,0,0,0,0,0,1,1,5,6,6,10,11,11,13,15,15,18,19,20,20,20,20,20,20,20,20,21,21,21,21,21,22,22,22,22,22,22,22,22,22,22,23,24,24,24,25,25,26,26,26,26,28,28,28,29,30,31,31,31,33,34,35,35,36,36,38,39,41,41,41,41,43,44,44,44,44,44,44,46,46,47,48,49,49,50,50,50,51,52,52,52,52,53,53,54,57,62
84027081,US,USA,840,27081.0,Lincoln,Minnesota,US,44.41311883,-96.26688165,"Lincoln, Minnesota, US",0,0,0,0,0,0,0,0,0,0,0,0,0,0,0,0,0,0,0,0,0,0,0,0,0,0,0,0,0,0,0,0,0,0,0,0,0,0,0,0,0,0,0,0,0,0,0,0,0,0,0,0,0,0,0,0,0,0,0,0,0,0,0,0,0,1,1,1,1,1,1,1,1,1,1,2,2,2,2,2,2,2,2,2,2,2,2,2,2,2,2,2,2,2,2,2,2,2,3,3,3,3,3,3,3,3,3,3,3,3,4,4,4,4,4,4,4,4,4,4,4,4,5,5,5,5,5,5,5,5,5,5,6,6,6,6,6,6,6,6,6,6,6,6,6,6,6,6,6,6,6,6
84027083,US,USA,840,27083.0,Lyon,Minnesota,US,44.41327865,-95.83806103,"Lyon, Minnesota, US",0,0,0,0,0,0,0,0,0,0,0,0,0,0,0,0,0,0,0,0,0,0,0,0,0,0,0,0,0,0,0,0,0,0,0,0,0,0,0,0,0,0,0,0,0,0,0,0,0,0,0,0,0,0,0,0,0,0,0,0,0,0,0,0,0,0,0,0,0,1,2,3,3,3,3,4,4,4,5,5,5,5,5,5,5,5,6,5,5,5,5,6,6,6,6,6,6,6,6,7,7,8,9,9,10,11,15,16,17,17,18,20,22,22,25,25,26,26,26,26,28,29,31,31,34,36,36,38,43,49,56,57,65,71,81,101,110,133,144,145,158,174,183,199,208,214,222,229,250,258,270,274
84027085,US,USA,840,27085.0,McLeod,Minnesota,US,44.82367677,-94.27287017,"McLeod, Minnesota, US",0,0,0,0,0,0,0,0,0,0,0,0,0,0,0,0,0,0,0,0,0,0,0,0,0,0,0,0,0,0,0,0,0,0,0,0,0,0,0,0,0,0,0,0,0,0,0,0,0,0,0,0,0,0,0,0,0,0,0,0,0,0,0,0,0,0,0,0,0,0,0,0,0,1,1,1,1,1,2,2,2,2,2,2,2,2,2,3,3,3,3,3,3,3,3,3,4,4,4,4,4,4,4,4,5,6,6,8,8,12,13,14,15,15,15,16,18,18,18,19,21,24,26,26,27,28,29,30,33,34,37,37,37,37,39,41,43,43,44,45,46,52,52,54,54,54,54,56,58,64,66,67
84027087,US,USA,840,27087.0,Mahnomen,Minnesota,US,47.32557075,-95.80921485,"Mahnomen, Minnesota, US",0,0,0,0,0,0,0,0,0,0,0,0,0,0,0,0,0,0,0,0,0,0,0,0,0,0,0,0,0,0,0,0,0,0,0,0,0,0,0,0,0,0,0,0,0,0,0,0,0,0,0,0,0,0,0,0,0,0,0,0,0,0,0,0,0,1,1,1,1,1,1,1,1,1,1,1,1,1,1,1,1,1,1,1,1,1,1,1,1,1,1,1,1,1,1,1,1,1,1,2,2,2,2,2,2,2,2,2,2,3,3,3,3,5,5,5,5,5,5,5,5,5,5,5,5,5,5,5,6,6,6,6,6,6,6,6,6,6,6,6,6,6,6,6,6,6,6,6,6,6,6,6
84027089,US,USA,840,27089.0,Marshall,Minnesota,US,48.35825983,-96.37017407,"Marshall, Minnesota, US",0,0,0,0,0,0,0,0,0,0,0,0,0,0,0,0,0,0,0,0,0,0,0,0,0,0,0,0,0,0,0,0,0,0,0,0,0,0,0,0,0,0,0,0,0,0,0,0,0,0,0,0,0,0,0,0,0,0,0,0,0,0,0,0,0,0,0,0,0,0,0,0,0,0,0,0,0,0,0,0,0,0,0,0,0,0,0,0,1,1,1,1,1,1,1,1,1,1,1,1,2,3,5,7,7,7,8,8,8,8,8,8,8,8,8,8,8,8,8,8,8,8,8,8,9,9,9,9,10,10,12,12,12,12,12,12,12,12,12,12,12,12,12,12,12,12,12,12,12,12,12,12
84027091,US,USA,840,27091.0,Martin,Minnesota,US,43.67429718,-94.55099908,"Martin, Minnesota, US",0,0,0,0,0,0,0,0,0,0,0,0,0,0,0,0,0,0,0,0,0,0,0,0,0,0,0,0,0,0,0,0,0,0,0,0,0,0,0,0,0,0,0,0,0,0,0,0,0,0,0,0,0,0,0,0,2,3,4,5,8,8,8,10,12,18,19,21,23,25,29,29,32,32,32,33,34,34,35,36,37,38,38,39,39,39,39,39,39,41,41,41,41,41,42,43,43,52,70,88,111,110,109,108,110,111,111,111,112,112,112,112,113,113,114,117,118,120,123,123,124,124,124,124,125,126,126,126,129,129,130,132,132,132,132,135,137,137,140,142,143,143,143,143,143,143,147,147,147,147,147,148
84027093,US,USA,840,27093.0,Meeker,Minnesota,US,45.12328869,-94.52839455,"Meeker, Minnesota, US",0,0,0,0,0,0,0,0,0,0,0,0,0,0,0,0,0,0,0,0,0,0,0,0,0,0,0,0,0,0,0,0,0,0,0,0,0,0,0,0,0,0,0,0,0,0,0,0,0,0,0,0,0,0,0,0,0,0,0,0,0,0,0,0,0,0,0,0,1,1,1,1,1,1,1,1,1,1,2,2,2,2,2,2,3,3,3,3,3,3,3,3,3,3,4,6,6,9,9,11,14,14,15,17,17,18,18,20,21,21,21,23,23,24,24,32,34,36,38,40,40,41,43,42,42,42,44,44,44,45,45,45,45,45,46,46,46,46,47,47,47,50,49,49,50,50,50,50,50,51,51,51
84027095,US,USA,840,27095.0,Mille Lacs,Minnesota,US,45.93705297,-93.63236823,"Mille Lacs, Minnesota, US",0,0,0,0,0,0,0,0,0,0,0,0,0,0,0,0,0,0,0,0,0,0,0,0,0,0,0,0,0,0,0,0,0,0,0,0,0,0,0,0,0,0,0,0,0,0,0,0,0,0,0,0,0,0,0,0,0,0,0,0,0,0,0,0,0,0,0,0,0,0,0,0,0,0,0,0,0,0,0,0,0,0,0,0,0,0,1,1,1,1,1,1,1,1,1,1,1,2,2,2,2,2,2,3,4,5,6,6,7,7,7,7,7,7,8,9,10,12,13,15,14,15,15,16,17,17,17,19,19,19,19,19,20,22,23,24,24,24,24,24,24,26,26,28,28,28,28,28,28,29,29,30
84027097,US,USA,840,27097.0,Morrison,Minnesota,US,46.01265363,-94.27341528,"Morrison, Minnesota, US",0,0,0,0,0,0,0,0,0,0,0,0,0,0,0,0,0,0,0,0,0,0,0,0,0,0,0,0,0,0,0,0,0,0,0,0,0,0,0,0,0,0,0,0,0,0,0,0,0,0,0,0,0,0,0,0,0,0,0,0,0,0,0,0,0,0,0,0,0,0,0,0,0,0,0,0,0,0,0,0,0,0,0,0,0,0,0,0,1,1,1,1,1,1,1,1,1,1,2,5,6,6,6,6,7,9,11,12,13,14,14,16,18,21,23,24,25,27,29,31,32,34,36,38,38,39,40,41,45,45,46,47,48,48,48,48,49,51,51,51,52,53,54,54,54,54,54,54,54,54,54,55
84027099,US,USA,840,27099.0,Mower,Minnesota,US,43.67142874,-92.75234549,"Mower, Minnesota, US",0,0,0,0,0,0,0,0,0,0,0,0,0,0,0,0,0,0,0,0,0,0,0,0,0,0,0,0,0,0,0,0,0,0,0,0,0,0,0,0,0,0,0,0,0,0,0,0,0,0,0,0,0,0,0,0,0,1,1,3,6,6,6,6,10,10,11,11,12,13,14,15,15,17,17,17,18,18,20,22,23,25,25,25,25,25,25,26,27,26,26,27,27,28,28,28,28,28,28,28,28,28,28,32,33,35,36,37,42,45,45,45,48,50,54,56,58,65,72,78,87,112,138,150,189,206,216,231,254,303,318,345,354,366,406,446,482,504,524,537,574,604,638,640,650,651,661,733,744,755,784,797
84027101,US,USA,840,27101.0,Murray,Minnesota,US,44.02216709,-95.76328482,"Murray, Minnesota, US",0,0,0,0,0,0,0,0,0,0,0,0,0,0,0,0,0,0,0,0,0,0,0,0,0,0,0,0,0,0,0,0,0,0,0,0,0,0,0,0,0,0,0,0,0,0,0,0,0,0,0,0,0,0,0,0,0,0,0,0,0,0,0,0,0,0,0,0,0,0,0,0,0,0,0,1,1,1,1,1,1,1,1,1,1,1,2,3,3,3,3,3,4,5,8,8,10,10,11,13,16,16,17,17,20,20,25,26,27,29,29,29,30,30,30,31,31,33,33,33,33,34,35,35,35,35,36,36,37,39,39,39,39,39,40,41,41,41,41,41,41,42,42,43,43,43,43,43,44,47,47,47
84027103,US,USA,840,27103.0,Nicollet,Minnesota,US,44.35291112,-94.24710352,"Nicollet, Minnesota, US",0,0,0,0,0,0,0,0,0,0,0,0,0,0,0,0,0,0,0,0,0,0,0,0,0,0,0,0,0,0,0,0,0,0,0,0,0,0,0,0,0,0,0,0,0,0,0,0,0,0,0,0,0,0,0,0,2,2,2,2,3,3,3,3,3,3,3,3,3,3,3,3,3,4,4,4,4,5,5,6,6,6,6,7,7,7,7,7,7,7,7,8,8,8,9,9,9,9,9,11,13,15,15,16,16,17,18,18,21,21,21,22,23,23,28,33,37,39,43,44,51,63,64,68,69,71,74,82,83,86,87,88,88,88,88,88,89,89,90,91,93,93,95,95,95,95,95,95,98,105,107,108
84027105,US,USA,840,27105.0,Nobles,Minnesota,US,43.67434621,-95.75329576,"Nobles, Minnesota, US",0,0,0,0,0,0,0,0,0,0,0,0,0,0,0,0,0,0,0,0,0,0,0,0,0,0,0,0,0,0,0,0,0,0,0,0,0,0,0,0,0,0,0,0,0,0,0,0,0,0,0,0,0,0,0,0,0,0,0,0,0,0,0,0,0,0,0,0,0,0,0,0,0,0,0,0,0,0,0,1,1,1,1,3,2,2,12,36,60,76,101,126,196,258,325,352,399,477,615,742,866,899,940,1011,1069,1082,1153,1177,1230,1255,1269,1291,1290,1319,1342,1353,1361,1387,1394,1396,1414,1432,1444,1457,1469,1478,1488,1496,1503,1512,1539,1544,1552,1558,1562,1577,1585,1592,1597,1597,1599,1602,1607,1618,1620,1620,1620,1620,1621,1628,1630,1631
84027107,US,USA,840,27107.0,Norman,Minnesota,US,47.32628443,-96.45620947,"Norman, Minnesota, US",0,0,0,0,0,0,0,0,0,0,0,0,0,0,0,0,0,0,0,0,0,0,0,0,0,0,0,0,0,0,0,0,0,0,0,0,0,0,0,0,0,0,0,0,0,0,0,0,0,0,0,0,0,0,0,0,0,0,0,0,0,0,0,0,0,0,0,0,0,0,0,0,0,0,0,0,0,0,0,0,0,0,0,0,1,1,2,2,4,5,5,6,6,7,7,7,7,7,8,8,8,8,8,9,9,9,9,9,9,10,10,11,11,11,11,11,11,11,11,11,11,11,11,11,11,11,11,11,12,13,13,13,13,14,15,15,15,15,16,16,16,17,17,17,17,17,17,18,18,18,18,18
84027109,US,USA,840,27109.0,Olmsted,Minnesota,US,44.00374114,-92.40209944,"Olmsted, Minnesota, US",0,0,0,0,0,0,0,0,0,0,0,0,0,0,0,0,0,0,0,0,0,0,0,0,0,0,0,0,0,0,0,0,0,0,0,0,0,0,0,0,0,0,0,0,0,0,0,0,0,1,1,1,1,1,3,5,6,6,11,12,14,16,18,21,29,34,37,47,51,53,61,66,76,88,95,96,103,108,114,126,132,143,143,147,153,153,174,177,194,197,198,204,213,219,238,239,246,251,256,265,269,282,293,305,313,322,336,351,363,368,374,378,385,399,417,435,448,461,479,488,493,525,542,551,562,570,575,582,594,608,626,634,650,654,672,689,699,711,722,727,740,752,765,775,778,778,781,810,832,846,869,903
84027111,US,USA,840,27111.0,Otter Tail,Minnesota,US,46.40846929,-95.70835255,"Otter Tail, Minnesota, US",0,0,0,0,0,0,0,0,0,0,0,0,0,0,0,0,0,0,0,0,0,0,0,0,0,0,0,0,0,0,0,0,0,0,0,0,0,0,0,0,0,0,0,0,0,0,0,0,0,0,0,0,0,0,0,0,0,0,0,0,0,0,0,0,0,0,0,1,1,1,1,1,1,1,1,2,2,2,3,3,4,4,4,4,4,4,4,5,6,6,6,6,6,6,8,8,8,8,8,9,14,17,17,18,19,19,21,21,23,23,25,25,27,33,35,36,38,47,51,51,52,52,53,55,60,59,62,63,63,64,68,70,70,71,73,73,75,76,77,78,78,80,80,83,83,83,83,83,83,83,85,85
84027113,US,USA,840,27113.0,Pennington,Minnesota,US,48.06642577,-96.0370814,"Pennington, Minnesota, US",0,0,0,0,0,0,0,0,0,0,0,0,0,0,0,0,0,0,0,0,0,0,0,0,0,0,0,0,0,0,0,0,0,0,0,0,0,0,0,0,0,0,0,0,0,0,0,0,0,0,0,0,0,0,0,0,0,0,0,0,0,0,0,0,0,0,0,0,0,0,0,0,0,0,0,0,0,0,0,0,0,0,0,0,0,0,0,0,0,0,1,1,1,1,1,1,1,1,1,1,1,1,1,1,1,1,1,1,1,1,1,1,1,1,1,1,1,2,3,3,4,6,7,7,9,14,17,17,17,17,19,19,19,21,23,30,31,34,36,37,37,37,50,50,50,51,51,51,52,50,50,50
84027115,US,USA,840,27115.0,Pine,Minnesota,US,46.12105238,-92.74070188,"Pine, Minnesota, US",0,0,0,0,0,0,0,0,0,0,0,0,0,0,0,0,0,0,0,0,0,0,0,0,0,0,0,0,0,0,0,0,0,0,0,0,0,0,0,0,0,0,0,0,0,0,0,0,0,0,0,0,0,0,0,0,0,0,0,0,0,0,0,0,0,0,0,0,0,0,0,0,0,0,0,0,0,0,0,3,3,5,5,6,6,6,9,10,10,11,12,15,26,43,45,52,56,56,56,56,58,58,58,60,60,61,61,61,69,73,73,73,73,80,82,83,83,83,83,83,83,84,84,85,85,85,85,89,89,89,89,89,89,90,93,93,93,93,93,94,94,95,95,95,96,96,96,96,96,96,96,97
84027117,US,USA,840,27117.0,Pipestone,Minnesota,US,44.02301619,-96.25841142,"Pipestone, Minnesota, US",0,0,0,0,0,0,0,0,0,0,0,0,0,0,0,0,0,0,0,0,0,0,0,0,0,0,0,0,0,0,0,0,0,0,0,0,0,0,0,0,0,0,0,0,0,0,0,0,0,0,0,0,0,0,0,0,0,0,0,0,0,0,0,0,0,0,0,0,0,0,0,0,0,0,1,1,1,1,1,1,1,1,1,1,1,1,1,2,2,2,2,2,2,2,2,2,2,2,2,2,2,3,3,4,4,4,5,6,7,7,7,7,8,9,9,9,9,10,10,10,10,10,10,10,10,10,10,10,10,12,12,12,12,12,12,13,13,14,14,14,14,15,15,15,14,14,14,14,14,14,14,14
84027119,US,USA,840,27119.0,Polk,Minnesota,US,47.77372465,-96.40134647,"Polk, Minnesota, US",0,0,0,0,0,0,0,0,0,0,0,0,0,0,0,0,0,0,0,0,0,0,0,0,0,0,0,0,0,0,0,0,0,0,0,0,0,0,0,0,0,0,0,0,0,0,0,0,0,0,0,0,0,0,0,0,0,0,0,0,0,0,0,0,0,0,0,0,0,0,0,0,0,1,1,1,1,1,1,1,1,1,1,1,1,1,2,2,3,3,4,17,19,19,20,23,24,26,27,27,32,36,41,42,42,43,43,45,48,52,53,54,55,55,55,55,55,56,56,57,57,57,59,58,59,59,59,59,60,61,61,61,61,61,61,63,63,64,64,67,67,67,67,67,67,67,67,67,67,67,71,72
84027121,US,USA,840,27121.0,Pope,Minnesota,US,45.58606667,-95.44451209,"Pope, Minnesota, US",0,0,0,0,0,0,0,0,0,0,0,0,0,0,0,0,0,0,0,0,0,0,0,0,0,0,0,0,0,0,0,0,0,0,0,0,0,0,0,0,0,0,0,0,0,0,0,0,0,0,0,0,0,0,0,0,0,0,0,0,0,0,0,0,0,0,0,0,0,0,0,0,0,0,0,0,0,0,0,0,0,0,0,0,0,0,0,0,0,0,0,0,0,0,0,0,0,0,0,0,0,0,0,0,1,1,3,5,5,5,5,5,5,5,5,5,5,5,5,6,6,6,6,7,8,8,8,8,9,9,9,9,9,9,10,10,10,10,10,10,10,10,10,10,10,10,10,10,10,10,10,10
84027123,US,USA,840,27123.0,Ramsey,Minnesota,US,45.01625271,-93.09872295,"Ramsey, Minnesota, US",0,0,0,0,0,0,0,0,0,0,0,0,0,0,0,0,0,0,0,0,0,0,0,0,0,0,0,0,0,0,0,0,0,0,0,0,0,0,0,0,0,0,0,0,1,1,1,1,1,2,3,3,5,5,10,11,12,12,16,17,18,24,26,27,32,34,42,46,50,56,66,67,71,79,91,96,101,112,121,124,132,152,152,153,164,164,178,192,196,202,215,219,235,247,261,278,297,317,332,374,405,453,493,535,583,656,717,800,875,920,986,1052,1124,1167,1287,1416,1530,1625,1720,1846,1925,2018,2164,2316,2437,2551,2610,2698,2790,2863,3019,3075,3128,3189,3252,3351,3445,3507,3553,3626,3680,3740,3813,3882,3936,3992,4033,4079,4128,4180,4244,4306
84027125,US,USA,840,27125.0,Red Lake,Minnesota,US,47.87197525,-96.09561104,"Red Lake, Minnesota, US",0,0,0,0,0,0,0,0,0,0,0,0,0,0,0,0,0,0,0,0,0,0,0,0,0,0,0,0,0,0,0,0,0,0,0,0,0,0,0,0,0,0,0,0,0,0,0,0,0,0,0,0,0,0,0,0,0,0,0,0,0,0,0,0,0,0,0,0,0,0,0,0,0,0,0,0,0,0,0,0,0,1,1,1,1,1,1,1,1,2,1,1,1,1,1,1,1,1,1,1,1,1,1,1,1,1,1,1,1,2,2,2,2,2,2,3,3,3,3,3,3,3,3,3,3,3,4,4,4,4,4,4,4,4,4,4,4,4,4,4,4,4,4,4,4,4,4,4,4,3,3,3
84027127,US,USA,840,27127.0,Redwood,Minnesota,US,44.40555844,-95.25207021,"Redwood, Minnesota, US",0,0,0,0,0,0,0,0,0,0,0,0,0,0,0,0,0,0,0,0,0,0,0,0,0,0,0,0,0,0,0,0,0,0,0,0,0,0,0,0,0,0,0,0,0,0,0,0,0,0,0,0,0,0,0,0,0,0,0,0,0,0,0,0,0,0,0,0,0,0,0,0,0,0,0,1,1,1,1,1,1,1,1,1,1,1,1,1,1,1,1,1,1,1,1,1,1,1,1,2,3,3,3,3,3,3,3,3,3,3,3,3,3,3,3,3,3,3,3,3,3,3,3,3,3,3,3,4,4,4,5,5,6,6,7,7,7,7,8,8,8,8,10,10,11,10,12,12,12,12,12,12
84027129,US,USA,840,27129.0,Renville,Minnesota,US,44.72836381,-94.94553734,"Renville, Minnesota, US",0,0,0,0,0,0,0,0,0,0,0,0,0,0,0,0,0,0,0,0,0,0,0,0,0,0,0,0,0,0,0,0,0,0,0,0,0,0,0,0,0,0,0,0,0,0,0,0,0,0,0,0,1,1,1,1,1,1,1,1,1,1,1,1,1,1,1,1,1,1,1,2,2,2,2,2,2,2,2,2,3,3,3,3,3,3,3,3,3,3,3,3,3,3,3,3,3,3,4,4,4,5,5,5,5,6,6,6,6,6,6,6,6,5,5,5,5,5,5,5,5,5,5,5,5,5,5,5,5,5,5,5,5,5,7,7,7,8,8,8,8,8,9,11,12,12,12,12,12,12,12,12
84027131,US,USA,840,27131.0,Rice,Minnesota,US,44.3543376,-93.29658715,"Rice, Minnesota, US",0,0,0,0,0,0,0,0,0,0,0,0,0,0,0,0,0,0,0,0,0,0,0,0,0,0,0,0,0,0,0,0,0,0,0,0,0,0,0,0,0,0,0,0,0,0,0,0,0,0,0,0,0,0,0,0,0,1,1,1,1,2,2,2,2,2,3,3,3,3,4,3,3,4,4,4,4,4,4,4,4,4,4,5,5,5,6,6,8,7,7,7,8,9,9,9,10,11,12,14,14,18,20,24,30,30,48,81,102,114,126,134,153,181,197,221,240,260,270,295,307,328,352,365,386,396,411,423,438,452,462,462,467,480,483,524,565,576,587,593,594,604,685,688,688,694,697,701,733,740,743,748
84027133,US,USA,840,27133.0,Rock,Minnesota,US,43.67482683,-96.25296832,"Rock, Minnesota, US",0,0,0,0,0,0,0,0,0,0,0,0,0,0,0,0,0,0,0,0,0,0,0,0,0,0,0,0,0,0,0,0,0,0,0,0,0,0,0,0,0,0,0,0,0,0,0,0,0,0,0,0,0,0,0,0,0,0,0,0,0,0,0,0,0,0,0,0,0,0,0,0,0,0,0,0,0,0,0,0,0,2,2,2,2,2,3,3,3,4,5,5,5,5,5,5,6,8,9,11,12,16,16,16,18,18,19,19,19,19,19,19,19,19,19,20,20,20,20,20,20,20,20,21,21,21,21,22,22,22,22,22,22,23,23,23,23,23,23,23,23,23,23,23,25,25,25,25,26,26,26,28
84027135,US,USA,840,27135.0,Roseau,Minnesota,US,48.77501878,-95.81079919,"Roseau, Minnesota, US",0,0,0,0,0,0,0,0,0,0,0,0,0,0,0,0,0,0,0,0,0,0,0,0,0,0,0,0,0,0,0,0,0,0,0,0,0,0,0,0,0,0,0,0,0,0,0,0,0,0,0,0,0,0,0,0,0,0,0,0,0,0,0,0,0,0,0,0,0,0,0,0,0,0,0,0,0,1,1,1,1,1,1,1,1,1,1,1,1,1,1,1,1,1,1,1,1,1,1,1,1,1,1,1,1,1,1,1,1,1,1,1,1,1,1,1,1,1,1,1,1,1,1,1,1,1,1,2,2,3,2,2,2,3,3,3,3,4,5,5,5,6,6,6,6,6,6,6,6,6,6,6
84027137,US,USA,840,27137.0,St. Louis,Minnesota,US,47.604840700000004,-92.46879855,"St. Louis, Minnesota, US",0,0,0,0,0,0,0,0,0,0,0,0,0,0,0,0,0,0,0,0,0,0,0,0,0,0,0,0,0,0,0,0,0,0,0,0,0,0,0,0,0,0,0,0,0,0,0,0,0,0,0,0,0,0,0,0,0,0,0,1,1,2,2,3,5,5,5,10,12,12,13,13,13,13,15,16,17,28,33,34,37,38,38,42,43,43,45,46,48,52,53,54,58,59,61,61,67,69,71,71,73,74,75,79,81,86,89,90,91,92,96,96,99,100,100,101,102,105,107,110,109,109,110,111,111,114,115,117,118,118,118,118,118,118,118,119,119,119,119,119,119,123,123,123,123,123,124,127,129,132,135,142
84027139,US,USA,840,27139.0,Scott,Minnesota,US,44.6490231,-93.53340251,"Scott, Minnesota, US",0,0,0,0,0,0,0,0,0,0,0,0,0,0,0,0,0,0,0,0,0,0,0,0,0,0,0,0,0,0,0,0,0,0,0,0,0,0,0,0,0,0,0,0,0,0,0,0,0,0,0,0,0,0,0,0,1,1,2,2,3,5,5,6,6,7,8,9,10,10,10,10,11,12,13,15,16,17,19,19,20,20,20,20,20,20,23,23,25,27,27,28,29,30,32,32,35,36,41,44,46,52,58,63,74,90,100,121,129,140,155,168,177,186,207,223,238,259,271,291,298,316,334,346,358,374,379,383,394,408,426,436,442,455,460,471,483,486,493,496,504,517,525,526,528,536,541,546,551,555,561,570
84027141,US,USA,840,27141.0,Sherburne,Minnesota,US,45.44447208,-93.77617511,"Sherburne, Minnesota, US",0,0,0,0,0,0,0,0,0,0,0,0,0,0,0,0,0,0,0,0,0,0,0,0,0,0,0,0,0,0,0,0,0,0,0,0,0,0,0,0,0,0,0,0,0,0,0,0,0,0,0,0,0,0,0,0,0,0,0,0,0,1,1,1,1,3,5,5,7,8,8,8,8,9,10,10,10,10,9,9,9,9,9,10,11,11,12,12,13,13,13,13,15,15,15,16,16,19,26,28,39,50,54,61,71,80,88,95,107,109,114,122,126,130,135,144,150,155,164,178,183,193,202,208,214,217,219,222,226,237,243,246,253,248,248,249,253,254,257,261,260,261,262,267,266,267,270,272,271,272,273,275
84027143,US,USA,840,27143.0,Sibley,Minnesota,US,44.5796592,-94.23164924,"Sibley, Minnesota, US",0,0,0,0,0,0,0,0,0,0,0,0,0,0,0,0,0,0,0,0,0,0,0,0,0,0,0,0,0,0,0,0,0,0,0,0,0,0,0,0,0,0,0,0,0,0,0,0,0,0,0,0,0,0,0,0,0,0,0,0,0,0,0,0,1,1,1,1,1,1,1,1,1,1,1,1,1,1,1,1,1,1,1,1,1,1,1,1,1,1,1,1,1,1,1,1,1,2,2,2,2,2,2,2,2,2,2,3,3,4,4,4,4,4,4,7,9,10,10,11,12,12,12,12,12,13,13,15,16,16,16,16,16,16,16,17,17,19,19,19,25,25,25,25,25,25,25,26,27,28,28,29
84027145,US,USA,840,27145.0,Stearns,Minnesota,US,45.55192576,-94.61078221,"Stearns, Minnesota, US",0,0,0,0,0,0,0,0,0,0,0,0,0,0,0,0,0,0,0,0,0,0,0,0,0,0,0,0,0,0,0,0,0,0,0,0,0,0,0,0,0,0,0,0,0,0,0,0,0,0,1,1,3,3,3,3,3,3,4,4,4,5,5,5,5,5,5,5,5,5,5,5,5,6,6,6,6,7,7,7,7,7,7,7,7,7,14,16,16,17,18,20,25,33,38,38,55,86,166,267,435,531,589,728,815,975,1161,1274,1348,1405,1443,1512,1558,1609,1641,1675,1713,1740,1782,1831,1853,1881,1918,1923,1950,1959,1984,1995,2001,2014,2021,2030,2042,2047,2050,2056,2063,2070,2071,2076,2081,2088,2096,2100,2107,2108,2109,2111,2122,2126,2131,2134
84027147,US,USA,840,27147.0,Steele,Minnesota,US,44.02240351,-93.22627088,"Steele, Minnesota, US",0,0,0,0,0,0,0,0,0,0,0,0,0,0,0,0,0,0,0,0,0,0,0,0,0,0,0,0,0,0,0,0,0,0,0,0,0,0,0,0,0,0,0,0,0,0,0,0,0,0,0,0,0,0,0,0,0,0,0,2,3,3,5,5,5,5,5,5,6,6,6,6,6,8,8,8,8,8,8,9,9,9,9,9,9,9,9,9,9,9,9,10,10,11,12,12,14,14,15,16,18,20,21,24,25,29,37,45,58,60,65,73,77,85,92,100,105,111,115,116,122,134,138,140,141,144,148,149,151,159,158,160,164,167,167,170,171,172,173,173,173,173,175,175,175,175,175,179,181,183,186,194
84027149,US,USA,840,27149.0,Stevens,Minnesota,US,45.58613007,-96.00163705,"Stevens, Minnesota, US",0,0,0,0,0,0,0,0,0,0,0,0,0,0,0,0,0,0,0,0,0,0,0,0,0,0,0,0,0,0,0,0,0,0,0,0,0,0,0,0,0,0,0,0,0,0,0,0,0,0,0,0,0,0,0,0,0,0,0,0,0,0,0,0,0,0,0,0,0,0,0,0,0,0,0,0,0,0,0,0,0,0,0,0,0,0,0,0,0,0,0,0,0,0,0,0,0,0,0,0,0,0,0,0,0,0,1,1,1,1,1,1,1,1,1,0,0,0,0,0,0,0,0,0,0,0,0,1,2,1,1,1,1,1,1,1,1,1,1,1,1,1,1,1,1,1,1,1,1,2,2,2
84027151,US,USA,840,27151.0,Swift,Minnesota,US,45.2829032,-95.68264092,"Swift, Minnesota, US",0,0,0,0,0,0,0,0,0,0,0,0,0,0,0,0,0,0,0,0,0,0,0,0,0,0,0,0,0,0,0,0,0,0,0,0,0,0,0,0,0,0,0,0,0,0,0,0,0,0,0,0,0,0,0,0,0,0,0,0,0,0,0,0,0,0,0,0,0,0,0,0,0,0,0,0,1,1,1,1,1,1,1,1,1,1,1,1,1,1,1,1,1,1,1,1,1,2,2,2,2,2,2,2,2,2,2,3,3,5,8,9,10,10,11,12,13,13,13,13,14,15,15,15,16,16,17,17,18,18,18,19,19,19,19,19,19,19,19,19,19,19,19,19,19,20,20,20,20,20,20,20
84027153,US,USA,840,27153.0,Todd,Minnesota,US,46.06996226,-94.89785296,"Todd, Minnesota, US",0,0,0,0,0,0,0,0,0,0,0,0,0,0,0,0,0,0,0,0,0,0,0,0,0,0,0,0,0,0,0,0,0,0,0,0,0,0,0,0,0,0,0,0,0,0,0,0,0,0,0,0,0,0,0,0,0,0,0,0,0,0,0,0,0,0,0,0,0,0,0,0,0,0,0,0,0,0,0,0,0,2,2,2,2,2,2,2,2,3,3,3,3,3,3,3,3,4,7,7,7,8,8,15,15,18,26,29,33,36,38,42,44,46,46,52,60,73,87,110,116,140,183,197,204,220,296,296,302,313,316,319,327,330,336,344,346,350,354,361,364,368,371,372,373,373,375,379,381,386,388,388
84027155,US,USA,840,27155.0,Traverse,Minnesota,US,45.77298854,-96.47062949,"Traverse, Minnesota, US",0,0,0,0,0,0,0,0,0,0,0,0,0,0,0,0,0,0,0,0,0,0,0,0,0,0,0,0,0,0,0,0,0,0,0,0,0,0,0,0,0,0,0,0,0,0,0,0,0,0,0,0,0,0,0,0,0,0,0,0,0,0,0,0,0,0,0,0,0,2,2,2,2,2,2,2,2,2,2,2,2,2,2,2,2,2,2,2,2,2,2,2,2,2,2,2,2,2,2,2,2,2,2,2,2,2,2,3,3,3,3,3,3,3,3,3,3,3,3,3,3,3,3,3,3,3,3,3,3,3,3,3,4,4,4,4,5,5,5,5,5,5,5,5,5,5,5,5,5,5,5,5
84027157,US,USA,840,27157.0,Wabasha,Minnesota,US,44.28424356,-92.23121312,"Wabasha, Minnesota, US",0,0,0,0,0,0,0,0,0,0,0,0,0,0,0,0,0,0,0,0,0,0,0,0,0,0,0,0,0,0,0,0,0,0,0,0,0,0,0,0,0,0,0,0,0,0,0,0,0,0,0,0,0,0,0,0,0,0,0,1,1,1,1,3,4,4,4,4,6,6,6,6,6,6,6,6,6,6,6,6,6,6,6,7,7,7,8,8,8,8,8,8,8,8,8,8,8,8,8,8,9,10,10,10,10,10,12,13,13,13,13,13,15,16,16,16,16,16,16,16,16,16,16,16,16,17,17,17,17,18,18,18,18,18,18,20,20,20,20,20,20,20,21,21,21,21,21,24,24,27,27,27
84027159,US,USA,840,27159.0,Wadena,Minnesota,US,46.58589171,-94.96968506,"Wadena, Minnesota, US",0,0,0,0,0,0,0,0,0,0,0,0,0,0,0,0,0,0,0,0,0,0,0,0,0,0,0,0,0,0,0,0,0,0,0,0,0,0,0,0,0,0,0,0,0,0,0,0,0,0,0,0,0,0,0,0,0,1,0,0,0,0,0,0,0,0,0,0,0,0,0,0,0,0,0,0,0,0,0,0,0,0,0,0,0,0,0,0,0,0,0,0,0,0,0,0,0,1,1,1,1,1,1,2,3,3,4,4,4,4,4,4,4,4,4,4,5,5,6,6,6,6,6,6,6,8,8,8,8,9,10,10,10,10,10,10,10,10,10,10,10,10,10,10,10,10,10,10,10,10,10,12
84027161,US,USA,840,27161.0,Waseca,Minnesota,US,44.02211116,-93.58720034,"Waseca, Minnesota, US",0,0,0,0,0,0,0,0,0,0,0,0,0,0,0,0,0,0,0,0,0,0,0,0,0,0,0,0,0,0,0,0,0,0,0,0,0,0,0,0,0,0,0,0,0,0,0,0,0,0,0,0,0,0,1,1,1,1,1,1,1,2,1,1,2,3,3,3,3,3,3,3,3,3,3,3,3,3,3,3,3,3,3,3,3,3,3,3,3,3,3,3,3,3,3,3,3,4,4,4,4,5,6,6,6,7,12,13,16,16,16,16,18,18,19,20,20,20,21,22,22,23,24,24,25,24,24,25,26,26,26,26,26,27,27,29,31,30,30,32,32,32,33,33,33,33,34,34,35,36,37,40
84027163,US,USA,840,27163.0,Washington,Minnesota,US,45.03864533,-92.88429635,"Washington, Minnesota, US",0,0,0,0,0,0,0,0,0,0,0,0,0,0,0,0,0,0,0,0,0,0,0,0,0,0,0,0,0,0,0,0,0,0,0,0,0,0,0,0,0,0,0,0,0,0,0,0,0,0,0,0,0,0,2,2,3,3,3,4,7,10,10,13,15,22,25,27,34,39,44,46,51,54,62,65,68,70,72,73,77,80,80,84,88,88,92,92,94,97,98,100,100,107,112,113,114,117,120,131,133,142,146,152,162,181,193,211,231,247,256,266,274,282,305,326,363,378,398,414,431,453,485,506,527,553,562,576,598,617,636,645,658,670,680,700,712,721,731,732,735,748,766,787,796,799,802,826,833,843,868,885
84027165,US,USA,840,27165.0,Watonwan,Minnesota,US,43.97823903,-94.61413846,"Watonwan, Minnesota, US",0,0,0,0,0,0,0,0,0,0,0,0,0,0,0,0,0,0,0,0,0,0,0,0,0,0,0,0,0,0,0,0,0,0,0,0,0,0,0,0,0,0,0,0,0,0,0,0,0,0,0,0,0,0,0,0,0,0,0,0,0,0,0,0,0,0,0,0,1,1,2,3,3,3,4,4,4,4,4,4,4,4,4,4,4,4,4,4,4,4,4,4,4,5,5,7,7,7,9,11,14,14,14,15,15,15,18,19,22,22,25,28,30,32,33,36,41,41,41,42,42,45,46,50,56,58,59,64,69,71,74,75,77,78,78,79,80,83,83,84,86,86,96,98,98,98,99,108,115,128,137,144
84027167,US,USA,840,27167.0,Wilkin,Minnesota,US,46.35721532,-96.4684375,"Wilkin, Minnesota, US",0,0,0,0,0,0,0,0,0,0,0,0,0,0,0,0,0,0,0,0,0,0,0,0,0,0,0,0,0,0,0,0,0,0,0,0,0,0,0,0,0,0,0,0,0,0,0,0,0,0,0,0,0,0,0,0,0,0,0,0,0,0,0,0,1,1,1,1,1,1,1,1,2,2,2,2,2,2,5,6,7,7,7,7,7,7,7,8,9,9,9,10,11,11,11,11,11,12,12,12,12,11,11,11,11,11,11,11,11,11,11,11,11,11,11,11,11,11,11,11,11,11,11,11,11,11,11,11,11,11,11,11,11,11,11,11,11,11,11,11,12,12,12,14,15,15,15,15,18,20,20,20
84027169,US,USA,840,27169.0,Winona,Minnesota,US,43.98772283,-91.78081305,"Winona, Minnesota, US",0,0,0,0,0,0,0,0,0,0,0,0,0,0,0,0,0,0,0,0,0,0,0,0,0,0,0,0,0,0,0,0,0,0,0,0,0,0,0,0,0,0,0,0,0,0,0,0,0,0,0,0,0,0,0,0,0,0,0,0,0,0,0,2,4,4,4,4,5,10,10,11,11,13,14,14,16,19,20,26,26,30,30,30,51,51,56,57,61,61,61,61,62,64,66,66,66,66,66,66,66,67,67,67,68,68,68,68,70,71,71,71,72,74,75,75,75,75,75,75,75,76,77,77,78,78,78,78,79,79,79,80,80,80,80,81,83,85,85,85,86,84,84,84,84,84,85,89,91,93,94,94
84027171,US,USA,840,27171.0,Wright,Minnesota,US,45.17297924,-93.96234781,"Wright, Minnesota, US",0,0,0,0,0,0,0,0,0,0,0,0,0,0,0,0,0,0,0,0,0,0,0,0,0,0,0,0,0,0,0,0,0,0,0,0,0,0,0,0,0,0,0,0,0,0,0,0,0,0,0,1,1,1,1,1,2,2,2,3,3,3,3,3,5,5,5,6,6,6,6,7,7,8,9,9,12,12,12,14,16,17,17,19,21,21,23,23,25,25,27,30,32,32,33,33,34,35,40,42,43,48,50,54,60,69,73,83,92,102,110,119,124,130,140,152,162,172,182,198,200,213,231,240,253,263,269,280,287,305,313,320,327,332,339,349,351,358,361,361,362,367,372,375,377,378,383,390,391,394,397,401
84027173,US,USA,840,27173.0,Yellow Medicine,Minnesota,US,44.71710183,-95.86842453,"Yellow Medicine, Minnesota, US",0,0,0,0,0,0,0,0,0,0,0,0,0,0,0,0,0,0,0,0,0,0,0,0,0,0,0,0,0,0,0,0,0,0,0,0,0,0,0,0,0,0,0,0,0,0,0,0,0,0,0,0,0,0,0,0,0,0,0,0,0,0,0,0,0,0,0,0,0,0,1,1,1,1,1,1,1,2,2,2,2,3,3,3,3,3,3,3,3,3,3,3,3,3,3,3,3,3,3,3,3,3,3,3,3,3,3,3,3,3,3,3,3,3,3,3,3,3,4,5,5,5,5,5,6,6,6,6,6,6,6,6,6,6,6,7,7,7,7,7,8,8,8,9,9,10,11,10,11,14,22,22
84028001,US,USA,840,28001.0,Adams,Mississippi,US,31.47669768,-91.35326037,"Adams, Mississippi, US",0,0,0,0,0,0,0,0,0,0,0,0,0,0,0,0,0,0,0,0,0,0,0,0,0,0,0,0,0,0,0,0,0,0,0,0,0,0,0,0,0,0,0,0,0,0,0,0,0,0,0,0,0,0,0,0,0,0,1,2,1,2,2,2,3,6,6,7,7,10,11,14,14,16,19,19,24,25,27,42,49,51,57,62,64,70,73,73,81,83,90,96,101,104,109,113,116,123,129,133,148,149,148,149,151,154,157,157,158,159,160,161,163,164,166,171,172,173,177,178,179,180,181,186,188,189,190,190,192,196,199,200,200,202,203,204,204,204,222,222,222,222,225,225,225,226,226,227,227,227,227,227
84028003,US,USA,840,28003.0,Alcorn,Mississippi,US,34.88084463,-88.57996173,"Alcorn, Mississippi, US",0,0,0,0,0,0,0,0,0,0,0,0,0,0,0,0,0,0,0,0,0,0,0,0,0,0,0,0,0,0,0,0,0,0,0,0,0,0,0,0,0,0,0,0,0,0,0,0,0,0,0,0,0,0,0,0,0,0,0,0,0,0,0,0,0,0,1,1,0,3,3,3,6,6,6,6,6,6,6,7,7,7,7,7,7,7,7,7,8,7,7,7,8,9,9,9,8,10,10,10,10,10,10,10,10,10,10,10,10,10,10,11,11,12,12,12,12,12,12,12,12,15,15,15,14,14,14,14,16,17,17,17,18,19,19,19,20,20,22,23,26,26,28,29,30,30,32,32,32,32,32,32
84028005,US,USA,840,28005.0,Amite,Mississippi,US,31.17467303,-90.80501621,"Amite, Mississippi, US",0,0,0,0,0,0,0,0,0,0,0,0,0,0,0,0,0,0,0,0,0,0,0,0,0,0,0,0,0,0,0,0,0,0,0,0,0,0,0,0,0,0,0,0,0,0,0,0,0,0,0,0,0,0,0,0,0,0,0,0,0,0,0,1,1,0,0,4,4,4,4,4,5,6,6,6,7,7,10,10,11,12,14,14,15,16,17,16,17,17,18,20,24,23,23,23,26,26,26,29,29,28,28,30,32,32,33,33,34,38,38,38,38,39,41,46,46,46,45,48,49,49,50,52,52,53,56,56,59,60,64,64,64,65,66,65,65,65,66,66,67,67,67,70,70,72,71,73,73,73,73,73
84028007,US,USA,840,28007.0,Attala,Mississippi,US,33.08658803,-89.57838564,"Attala, Mississippi, US",0,0,0,0,0,0,0,0,0,0,0,0,0,0,0,0,0,0,0,0,0,0,0,0,0,0,0,0,0,0,0,0,0,0,0,0,0,0,0,0,0,0,0,0,0,0,0,0,0,0,0,0,0,0,0,0,0,0,0,0,1,1,3,4,7,8,9,9,9,10,11,12,14,14,15,15,15,15,17,17,18,20,20,22,25,28,31,34,36,44,49,51,62,68,80,82,86,89,94,99,109,117,117,128,137,159,170,182,191,190,196,205,206,212,224,233,249,248,259,259,257,269,270,270,273,277,277,284,287,292,298,298,303,307,311,312,315,315,317,319,323,323,328,328,331,332,333,335,335,335,335,335
84028009,US,USA,840,28009.0,Benton,Mississippi,US,34.81681228,-89.18945516,"Benton, Mississippi, US",0,0,0,0,0,0,0,0,0,0,0,0,0,0,0,0,0,0,0,0,0,0,0,0,0,0,0,0,0,0,0,0,0,0,0,0,0,0,0,0,0,0,0,0,0,0,0,0,0,0,0,0,0,0,0,0,0,0,0,0,0,0,0,0,1,2,2,4,4,4,4,5,5,5,5,5,5,5,5,5,5,5,5,5,5,5,6,5,7,8,9,8,9,9,9,9,9,9,9,11,12,12,12,12,12,12,13,13,13,13,13,14,14,14,13,13,13,13,13,13,13,13,14,14,15,15,14,15,15,15,15,14,14,14,14,14,15,15,16,16,17,17,17,17,17,17,19,18,18,18,18,18
84028011,US,USA,840,28011.0,Bolivar,Mississippi,US,33.79696941,-90.87372121,"Bolivar, Mississippi, US",0,0,0,0,0,0,0,0,0,0,0,0,0,0,0,0,0,0,0,0,0,0,0,0,0,0,0,0,0,0,0,0,0,0,0,0,0,0,0,0,0,0,0,0,0,0,0,0,0,0,0,0,0,0,0,0,2,2,2,2,3,4,4,4,6,9,11,11,11,22,25,27,32,34,45,51,54,54,57,61,65,68,68,69,70,74,76,79,82,85,86,87,89,90,94,96,101,101,101,102,102,105,107,110,112,115,115,118,119,118,118,120,120,120,127,130,129,129,129,132,133,134,136,140,141,142,149,154,156,160,162,165,165,166,169,169,170,174,176,179,180,180,185,185,190,194,194,197,197,197,197,197
84028013,US,USA,840,28013.0,Calhoun,Mississippi,US,33.93683395,-89.33686647,"Calhoun, Mississippi, US",0,0,0,0,0,0,0,0,0,0,0,0,0,0,0,0,0,0,0,0,0,0,0,0,0,0,0,0,0,0,0,0,0,0,0,0,0,0,0,0,0,0,0,0,0,0,0,0,0,0,0,0,0,0,0,0,0,0,0,0,0,0,0,1,3,3,3,3,3,3,3,4,4,4,4,9,10,13,13,13,14,18,24,25,27,30,32,36,39,42,42,43,43,46,48,50,50,50,51,50,52,54,55,56,58,57,57,57,57,57,58,58,58,58,58,58,58,58,59,59,61,61,60,60,60,60,61,63,63,64,65,65,67,67,67,68,68,70,72,74,75,75,77,78,80,80,82,83,83,83,83,83
84028015,US,USA,840,28015.0,Carroll,Mississippi,US,33.44834567,-89.91994479,"Carroll, Mississippi, US",0,0,0,0,0,0,0,0,0,0,0,0,0,0,0,0,0,0,0,0,0,0,0,0,0,0,0,0,0,0,0,0,0,0,0,0,0,0,0,0,0,0,0,0,0,0,0,0,0,0,0,0,0,0,0,0,0,0,0,0,0,0,0,0,0,0,0,1,1,1,2,3,5,5,5,6,7,7,7,7,7,7,8,8,9,9,10,10,14,14,14,15,15,15,15,18,20,22,25,38,58,60,62,77,111,102,99,97,101,103,103,105,105,106,109,110,110,110,110,111,112,113,113,113,113,114,114,115,118,117,117,117,117,116,119,119,119,119,120,121,123,123,122,122,122,122,122,122,122,122,122,122
84028017,US,USA,840,28017.0,Chickasaw,Mississippi,US,33.91983202,-88.9481545,"Chickasaw, Mississippi, US",0,0,0,0,0,0,0,0,0,0,0,0,0,0,0,0,0,0,0,0,0,0,0,0,0,0,0,0,0,0,0,0,0,0,0,0,0,0,0,0,0,0,0,0,0,0,0,0,0,0,0,0,0,0,0,0,0,0,0,0,1,3,6,6,7,9,10,10,10,13,15,14,15,15,15,15,15,17,20,21,22,24,30,32,33,37,39,40,43,45,51,51,52,53,56,63,64,67,68,68,75,76,76,78,80,83,84,88,92,92,93,94,95,110,114,114,115,116,116,117,122,125,125,126,127,127,128,130,132,133,135,137,137,140,140,143,146,147,153,154,158,158,163,165,166,168,168,177,177,177,177,177
84028019,US,USA,840,28019.0,Choctaw,Mississippi,US,33.34598242,-89.24809382,"Choctaw, Mississippi, US",0,0,0,0,0,0,0,0,0,0,0,0,0,0,0,0,0,0,0,0,0,0,0,0,0,0,0,0,0,0,0,0,0,0,0,0,0,0,0,0,0,0,0,0,0,0,0,0,0,0,0,0,0,0,0,0,0,0,0,0,0,0,1,3,4,4,4,5,5,6,7,7,7,8,8,8,9,9,9,9,10,10,11,11,11,11,11,11,12,13,13,13,13,13,13,13,13,13,13,13,13,13,13,14,14,14,14,15,15,16,16,16,17,18,19,20,22,23,23,24,27,29,29,29,32,33,35,34,39,43,43,48,48,48,50,52,52,53,58,62,62,62,62,65,65,65,66,71,71,71,71,71
84028021,US,USA,840,28021.0,Claiborne,Mississippi,US,31.97061673,-90.90702196,"Claiborne, Mississippi, US",0,0,0,0,0,0,0,0,0,0,0,0,0,0,0,0,0,0,0,0,0,0,0,0,0,0,0,0,0,0,0,0,0,0,0,0,0,0,0,0,0,0,0,0,0,0,0,0,0,0,0,0,0,0,0,0,0,0,0,0,0,0,0,0,0,0,0,1,1,1,1,1,1,1,1,1,3,3,3,3,5,6,7,6,8,8,8,8,10,10,10,12,12,13,18,19,19,19,20,22,23,27,28,30,33,33,33,37,41,41,41,41,41,48,48,49,49,49,51,51,51,58,57,58,58,58,64,69,72,111,111,110,112,114,115,116,119,120,127,129,131,131,138,138,138,140,142,144,144,144,144,144
84028023,US,USA,840,28023.0,Clarke,Mississippi,US,32.04158545,-88.68896219999998,"Clarke, Mississippi, US",0,0,0,0,0,0,0,0,0,0,0,0,0,0,0,0,0,0,0,0,0,0,0,0,0,0,0,0,0,0,0,0,0,0,0,0,0,0,0,0,0,0,0,0,0,0,0,0,0,0,0,0,0,0,0,0,0,0,0,0,0,0,0,0,0,0,1,1,1,4,5,4,4,5,5,8,10,10,12,13,13,13,15,15,19,20,21,22,27,29,31,36,37,43,44,46,47,49,53,54,55,58,61,62,67,68,71,77,79,81,84,87,90,97,97,98,101,102,113,120,119,123,124,126,131,135,135,138,139,143,144,148,154,155,156,156,157,159,163,163,164,164,165,165,166,166,166,168,168,168,168,168
84028025,US,USA,840,28025.0,Clay,Mississippi,US,33.65358105,-88.77784255,"Clay, Mississippi, US",0,0,0,0,0,0,0,0,0,0,0,0,0,0,0,0,0,0,0,0,0,0,0,0,0,0,0,0,0,0,0,0,0,0,0,0,0,0,0,0,0,0,0,0,0,0,0,0,0,0,0,0,0,0,0,0,0,0,0,1,1,1,1,1,1,2,2,2,2,4,5,7,7,7,7,9,10,11,14,17,17,18,20,20,21,21,22,24,25,26,27,27,28,29,32,31,31,33,34,40,42,47,48,52,57,58,63,64,65,66,66,68,72,75,78,79,79,79,86,86,90,95,96,99,99,101,104,108,111,112,112,114,115,118,125,125,130,132,134,137,145,145,169,173,174,174,174,185,185,185,185,185
84028027,US,USA,840,28027.0,Coahoma,Mississippi,US,34.22772299,-90.60415045,"Coahoma, Mississippi, US",0,0,0,0,0,0,0,0,0,0,0,0,0,0,0,0,0,0,0,0,0,0,0,0,0,0,0,0,0,0,0,0,0,0,0,0,0,0,0,0,0,0,0,0,0,0,0,0,0,0,0,0,0,0,0,0,2,2,3,5,7,8,11,11,17,18,18,18,18,21,22,23,26,27,28,29,30,32,35,37,38,38,38,39,43,45,45,46,48,49,52,53,53,54,54,56,58,60,61,61,64,66,69,70,70,70,70,71,71,71,71,72,72,73,75,76,76,79,85,86,86,92,96,98,106,108,113,114,120,121,125,125,127,128,131,132,132,134,139,141,141,141,145,146,147,150,153,156,156,156,156,156
84028029,US,USA,840,28029.0,Copiah,Mississippi,US,31.86977774,-90.44565118,"Copiah, Mississippi, US",0,0,0,0,0,0,0,0,0,0,0,0,0,0,0,0,0,0,0,0,0,0,0,0,0,0,0,0,0,0,0,0,0,0,0,0,0,0,0,0,0,0,0,0,0,0,0,0,0,0,0,0,1,1,2,2,2,2,2,2,4,4,5,6,8,8,8,8,8,9,9,10,11,12,16,16,17,19,27,30,28,31,31,31,35,39,40,41,46,46,51,52,59,65,68,71,79,83,88,96,108,114,116,124,126,137,141,152,157,162,163,165,170,191,190,195,201,204,207,211,228,259,273,278,284,284,285,290,298,310,312,313,315,325,329,334,337,341,357,360,366,366,388,397,405,412,418,425,425,425,425,425
84028031,US,USA,840,28031.0,Covington,Mississippi,US,31.63225413,-89.55389939,"Covington, Mississippi, US",0,0,0,0,0,0,0,0,0,0,0,0,0,0,0,0,0,0,0,0,0,0,0,0,0,0,0,0,0,0,0,0,0,0,0,0,0,0,0,0,0,0,0,0,0,0,0,0,0,0,0,0,0,0,0,0,0,0,0,0,0,0,0,0,0,0,1,1,1,2,3,3,4,4,6,6,7,7,7,8,12,14,15,15,19,19,22,28,29,33,37,38,40,43,45,50,51,54,55,62,67,67,66,74,84,82,84,88,89,90,93,100,99,101,104,105,105,108,110,117,123,125,127,127,131,140,141,143,159,165,165,173,173,177,179,183,186,188,190,190,200,200,201,203,205,206,209,213,213,213,213,213
84028033,US,USA,840,28033.0,DeSoto,Mississippi,US,34.87625235,-89.99091418,"DeSoto, Mississippi, US",0,0,0,0,0,0,0,0,0,0,0,0,0,0,0,0,0,0,0,0,0,0,0,0,0,0,0,0,0,0,0,0,0,0,0,0,0,0,0,0,0,0,0,0,0,0,0,0,0,0,0,0,0,0,0,0,2,2,4,13,18,23,29,36,49,63,65,71,71,84,94,103,111,118,132,136,140,144,150,158,163,171,178,188,199,211,213,220,234,238,239,244,252,256,263,261,266,272,277,282,293,294,298,304,308,310,320,325,333,331,336,346,350,355,369,384,386,391,404,418,419,442,458,461,474,485,493,503,520,533,542,550,553,559,575,593,605,611,633,642,664,664,694,713,714,718,740,790,790,790,790,790
84028035,US,USA,840,28035.0,Forrest,Mississippi,US,31.18961454,-89.25832496,"Forrest, Mississippi, US",0,0,0,0,0,0,0,0,0,0,0,0,0,0,0,0,0,0,0,0,0,0,0,0,0,0,0,0,0,0,0,0,0,0,0,0,0,0,0,0,0,0,0,0,0,0,0,0,0,0,1,3,3,3,3,3,3,4,4,5,11,11,14,15,16,16,18,19,19,21,27,26,30,34,42,46,59,59,71,76,86,95,105,114,122,134,137,137,144,147,151,158,164,174,181,190,190,196,198,207,219,226,232,248,259,273,283,294,309,314,315,331,336,357,380,416,431,442,435,438,453,462,478,480,486,503,511,523,534,553,564,583,594,592,595,600,607,610,635,649,667,667,672,678,679,681,689,697,697,697,697,697
84028037,US,USA,840,28037.0,Franklin,Mississippi,US,31.47786634,-90.89672989,"Franklin, Mississippi, US",0,0,0,0,0,0,0,0,0,0,0,0,0,0,0,0,0,0,0,0,0,0,0,0,0,0,0,0,0,0,0,0,0,0,0,0,0,0,0,0,0,0,0,0,0,0,0,0,0,0,0,0,0,0,0,0,0,0,1,2,3,3,3,3,2,2,3,3,3,3,3,3,3,4,5,5,5,5,8,9,10,10,10,10,10,14,14,15,16,16,17,16,17,16,16,16,17,16,16,16,16,16,17,18,17,17,18,17,17,19,18,19,19,19,19,19,21,21,21,22,23,23,25,25,25,27,27,28,28,28,29,29,29,29,29,29,29,30,29,29,29,29,30,30,30,30,30,30,30,30,30,30
84028039,US,USA,840,28039.0,George,Mississippi,US,30.86259065,-88.64436789,"George, Mississippi, US",0,0,0,0,0,0,0,0,0,0,0,0,0,0,0,0,0,0,0,0,0,0,0,0,0,0,0,0,0,0,0,0,0,0,0,0,0,0,0,0,0,0,0,0,0,0,0,0,0,0,0,0,0,0,0,0,0,0,0,1,1,1,1,1,1,1,1,3,3,3,4,4,4,4,5,5,5,5,5,7,7,7,8,10,8,8,9,10,10,10,10,10,10,11,11,11,11,12,13,13,14,14,14,14,14,15,15,15,15,15,15,15,16,16,18,17,17,17,19,19,19,19,19,19,20,20,20,21,21,25,25,25,26,28,29,30,30,30,31,32,32,32,35,35,35,37,40,41,41,41,41,41
84028041,US,USA,840,28041.0,Greene,Mississippi,US,31.21444233,-88.63922281,"Greene, Mississippi, US",0,0,0,0,0,0,0,0,0,0,0,0,0,0,0,0,0,0,0,0,0,0,0,0,0,0,0,0,0,0,0,0,0,0,0,0,0,0,0,0,0,0,0,0,0,0,0,0,0,0,0,0,0,0,0,0,0,0,0,0,0,0,0,0,0,0,0,0,0,0,0,0,0,0,0,1,1,1,1,1,2,2,2,2,3,3,3,3,3,3,4,4,4,4,4,4,4,5,5,5,5,5,5,6,6,6,6,6,6,6,6,6,6,7,7,7,7,7,7,7,7,7,7,7,7,8,11,9,11,12,13,16,22,33,33,30,36,42,47,47,45,45,49,51,51,54,56,56,56,56,56,56
84028043,US,USA,840,28043.0,Grenada,Mississippi,US,33.77036166,-89.80245083,"Grenada, Mississippi, US",0,0,0,0,0,0,0,0,0,0,0,0,0,0,0,0,0,0,0,0,0,0,0,0,0,0,0,0,0,0,0,0,0,0,0,0,0,0,0,0,0,0,0,0,0,0,0,0,0,0,0,0,0,0,0,0,0,0,0,1,2,2,2,2,2,2,2,3,3,3,3,4,4,4,7,7,8,8,10,10,10,10,11,13,14,14,15,19,20,26,26,27,27,27,27,27,27,28,28,28,32,34,34,35,36,41,45,45,47,51,52,52,55,56,58,58,59,60,60,63,66,68,72,75,75,78,82,85,88,89,94,95,99,100,107,110,112,113,127,133,138,138,153,157,160,164,167,170,170,170,170,170
84028045,US,USA,840,28045.0,Hancock,Mississippi,US,30.41830223,-89.48851033,"Hancock, Mississippi, US",0,0,0,0,0,0,0,0,0,0,0,0,0,0,0,0,0,0,0,0,0,0,0,0,0,0,0,0,0,0,0,0,0,0,0,0,0,0,0,0,0,0,0,0,0,0,0,0,0,0,0,0,0,0,1,1,2,1,3,4,4,4,5,5,6,9,9,15,15,16,20,22,28,30,31,30,31,32,37,37,38,40,40,46,49,50,50,50,52,53,53,54,55,56,59,60,60,61,61,62,62,67,68,68,68,68,72,72,73,74,74,74,75,79,78,79,80,81,81,81,81,86,84,87,88,88,87,87,87,90,91,91,91,90,90,90,92,92,93,93,94,94,98,100,100,100,100,100,100,100,100,100
84028047,US,USA,840,28047.0,Harrison,Mississippi,US,30.51359752,-89.12467576,"Harrison, Mississippi, US",0,0,0,0,0,0,0,0,0,0,0,0,0,0,0,0,0,0,0,0,0,0,0,0,0,0,0,0,0,0,0,0,0,0,0,0,0,0,0,0,0,0,0,0,0,0,0,0,0,0,0,0,0,0,0,1,3,7,8,8,15,21,24,25,31,34,38,43,43,45,49,53,69,70,73,79,89,88,96,99,107,110,112,121,129,134,137,144,144,145,151,150,152,157,158,158,159,166,171,174,177,181,181,184,186,187,188,193,198,198,198,201,210,223,214,215,215,216,218,220,224,230,231,234,237,237,245,247,251,257,258,261,263,265,269,268,274,281,288,299,311,311,319,335,344,367,377,393,393,393,393,393
84028049,US,USA,840,28049.0,Hinds,Mississippi,US,32.2656285,-90.44435448,"Hinds, Mississippi, US",0,0,0,0,0,0,0,0,0,0,0,0,0,0,0,0,0,0,0,0,0,0,0,0,0,0,0,0,0,0,0,0,0,0,0,0,0,0,0,0,0,0,0,0,0,0,0,0,0,0,0,0,0,0,2,6,6,6,7,7,20,24,31,38,43,50,58,66,66,90,109,118,139,140,154,158,169,178,203,219,234,247,259,263,280,301,314,325,337,347,357,377,383,401,412,415,421,435,450,470,496,505,507,542,565,588,600,657,663,670,675,681,698,717,745,768,773,772,786,800,825,855,877,893,898,904,920,959,971,999,1006,1028,1035,1066,1074,1104,1111,1137,1164,1186,1206,1206,1245,1263,1274,1308,1349,1390,1390,1390,1390,1390
84028051,US,USA,840,28051.0,Holmes,Mississippi,US,33.12345854,-90.08923538,"Holmes, Mississippi, US",0,0,0,0,0,0,0,0,0,0,0,0,0,0,0,0,0,0,0,0,0,0,0,0,0,0,0,0,0,0,0,0,0,0,0,0,0,0,0,0,0,0,0,0,0,0,0,0,0,0,0,0,0,0,0,0,0,1,3,3,6,6,6,7,7,10,13,13,13,15,16,16,16,17,21,23,25,27,31,39,42,44,46,47,52,53,54,58,58,60,61,78,83,92,100,105,114,121,129,133,153,159,161,168,168,176,190,196,206,213,223,224,231,262,278,288,293,298,310,320,333,343,359,365,369,370,373,385,389,397,429,434,439,441,443,444,444,454,461,461,460,460,463,465,468,471,474,477,477,477,477,477
84028053,US,USA,840,28053.0,Humphreys,Mississippi,US,33.12825718,-90.52252707,"Humphreys, Mississippi, US",0,0,0,0,0,0,0,0,0,0,0,0,0,0,0,0,0,0,0,0,0,0,0,0,0,0,0,0,0,0,0,0,0,0,0,0,0,0,0,0,0,0,0,0,0,0,0,0,0,0,0,0,0,0,0,0,0,0,1,1,1,1,1,1,1,1,2,2,2,3,4,4,4,4,4,4,5,6,7,9,9,9,11,11,12,12,12,12,12,12,13,14,14,14,14,14,18,18,22,23,24,25,24,25,26,27,28,28,30,30,34,38,39,39,42,44,45,46,49,49,49,50,52,53,53,52,53,58,59,60,60,59,59,60,63,64,69,70,74,75,78,78,80,80,80,82,83,83,83,83,83,83
84028055,US,USA,840,28055.0,Issaquena,Mississippi,US,32.72531359,-90.97392828,"Issaquena, Mississippi, US",0,0,0,0,0,0,0,0,0,0,0,0,0,0,0,0,0,0,0,0,0,0,0,0,0,0,0,0,0,0,0,0,0,0,0,0,0,0,0,0,0,0,0,0,0,0,0,0,0,0,0,0,0,0,0,0,0,0,0,0,0,0,0,0,0,0,0,0,0,0,0,0,0,0,0,0,0,0,0,0,0,0,0,0,0,0,0,0,0,0,0,0,0,0,0,0,0,0,0,0,0,0,0,0,0,0,0,0,0,0,0,0,0,0,0,0,0,0,0,0,0,0,0,0,0,0,0,0,0,0,0,0,0,0,0,0,0,0,0,0,0,0,0,0,0,0,0,0,0,0,0,0
84028057,US,USA,840,28057.0,Itawamba,Mississippi,US,34.27993475,-88.3606733,"Itawamba, Mississippi, US",0,0,0,0,0,0,0,0,0,0,0,0,0,0,0,0,0,0,0,0,0,0,0,0,0,0,0,0,0,0,0,0,0,0,0,0,0,0,0,0,0,0,0,0,0,0,0,0,0,0,0,0,0,0,0,0,0,0,0,0,3,3,3,3,3,3,3,3,3,3,4,3,3,3,3,4,5,5,7,8,9,9,9,9,11,13,13,21,21,26,26,27,30,32,33,37,49,51,51,57,59,62,63,64,64,65,66,67,68,68,69,70,71,73,75,75,78,79,79,81,80,81,82,85,85,86,85,84,85,87,87,88,89,90,89,89,89,90,92,93,96,96,99,99,100,103,106,106,106,106,106,106
84028059,US,USA,840,28059.0,Jackson,Mississippi,US,30.54020656,-88.64184064,"Jackson, Mississippi, US",0,0,0,0,0,0,0,0,0,0,0,0,0,0,0,0,0,0,0,0,0,0,0,0,0,0,0,0,0,0,0,0,0,0,0,0,0,0,0,0,0,0,0,0,0,0,0,0,0,0,0,0,0,0,0,1,2,2,3,3,5,7,10,12,16,24,33,34,34,40,52,57,75,79,86,98,108,111,122,135,139,140,147,157,182,189,196,201,205,209,211,221,228,235,237,238,240,252,255,259,267,267,267,267,270,271,272,273,275,275,276,276,278,280,283,284,286,287,287,288,291,291,296,296,296,296,300,303,303,305,308,307,308,309,314,314,317,321,329,338,339,339,344,350,356,367,378,385,385,385,385,385
84028061,US,USA,840,28061.0,Jasper,Mississippi,US,32.01922104,-89.11786866,"Jasper, Mississippi, US",0,0,0,0,0,0,0,0,0,0,0,0,0,0,0,0,0,0,0,0,0,0,0,0,0,0,0,0,0,0,0,0,0,0,0,0,0,0,0,0,0,0,0,0,0,0,0,0,0,0,0,0,0,0,0,0,0,0,0,0,0,0,0,0,0,0,0,0,0,0,1,2,3,3,3,3,4,4,10,10,12,14,14,14,15,19,20,22,23,23,23,24,27,29,32,31,32,33,34,42,48,54,55,62,64,66,76,84,86,86,89,92,97,104,110,110,111,114,116,123,126,131,135,139,145,146,148,152,152,157,163,163,165,166,167,168,175,179,184,185,189,189,190,193,193,197,200,203,203,203,203,203
84028063,US,USA,840,28063.0,Jefferson,Mississippi,US,31.73397872,-91.03764977,"Jefferson, Mississippi, US",0,0,0,0,0,0,0,0,0,0,0,0,0,0,0,0,0,0,0,0,0,0,0,0,0,0,0,0,0,0,0,0,0,0,0,0,0,0,0,0,0,0,0,0,0,0,0,0,0,0,0,0,0,0,0,0,0,0,0,0,0,0,0,0,0,1,1,1,1,1,1,1,1,2,3,3,3,4,4,4,4,4,4,4,4,4,4,4,4,6,5,5,5,5,8,9,12,16,23,18,20,21,22,23,24,26,30,30,30,30,31,32,32,33,34,35,37,37,38,38,40,40,40,40,40,41,40,40,41,42,42,42,43,42,42,42,46,46,50,50,50,50,52,53,54,55,54,57,57,57,57,57
84028065,US,USA,840,28065.0,Jefferson Davis,Mississippi,US,31.56884708,-89.82670990000004,"Jefferson Davis, Mississippi, US",0,0,0,0,0,0,0,0,0,0,0,0,0,0,0,0,0,0,0,0,0,0,0,0,0,0,0,0,0,0,0,0,0,0,0,0,0,0,0,0,0,0,0,0,0,0,0,0,0,0,0,0,0,0,0,0,0,0,0,0,0,0,0,0,0,0,0,0,0,0,0,0,0,0,0,0,0,0,4,5,5,5,5,6,7,7,8,8,8,10,12,12,13,19,22,25,27,29,31,32,35,38,40,43,45,45,47,51,53,53,55,58,60,63,67,68,68,68,69,69,69,69,70,71,71,74,75,77,77,77,77,77,80,81,82,82,84,84,85,85,84,84,84,84,84,84,84,86,86,86,86,86
84028067,US,USA,840,28067.0,Jones,Mississippi,US,31.62257767,-89.16896899999998,"Jones, Mississippi, US",0,0,0,0,0,0,0,0,0,0,0,0,0,0,0,0,0,0,0,0,0,0,0,0,0,0,0,0,0,0,0,0,0,0,0,0,0,0,0,0,0,0,0,0,0,0,0,0,0,0,0,0,0,0,0,0,0,1,1,1,1,1,1,1,1,1,3,5,5,6,6,6,8,9,11,13,14,15,19,25,30,33,37,40,42,48,56,63,70,74,80,88,94,104,116,118,130,132,136,143,159,168,172,185,193,199,209,223,243,247,249,260,264,287,304,319,337,342,358,366,386,422,435,467,492,506,525,566,576,598,629,652,663,686,701,709,715,729,777,792,812,812,845,852,868,881,899,910,910,910,910,910
84028069,US,USA,840,28069.0,Kemper,Mississippi,US,32.75462946,-88.64105766,"Kemper, Mississippi, US",0,0,0,0,0,0,0,0,0,0,0,0,0,0,0,0,0,0,0,0,0,0,0,0,0,0,0,0,0,0,0,0,0,0,0,0,0,0,0,0,0,0,0,0,0,0,0,0,0,0,0,0,0,0,0,0,0,0,0,0,0,0,0,0,0,1,1,1,1,1,1,4,4,4,5,6,10,11,13,14,14,14,14,14,15,16,16,17,19,21,23,25,27,31,40,43,49,50,56,57,64,67,76,79,79,80,84,89,91,92,93,97,99,100,100,101,100,102,105,110,112,116,118,125,127,132,131,136,144,144,144,145,147,149,155,156,159,159,163,166,166,166,167,167,167,169,170,169,169,169,169,169
84028071,US,USA,840,28071.0,Lafayette,Mississippi,US,34.35687874,-89.48490961,"Lafayette, Mississippi, US",0,0,0,0,0,0,0,0,0,0,0,0,0,0,0,0,0,0,0,0,0,0,0,0,0,0,0,0,0,0,0,0,0,0,0,0,0,0,0,0,0,0,0,0,0,0,0,0,0,0,0,0,0,0,0,0,0,1,1,1,5,5,8,8,10,11,11,13,13,15,15,16,21,21,22,22,25,26,26,28,29,29,30,33,36,39,39,40,64,67,68,70,81,83,87,88,88,88,88,89,89,89,91,93,96,96,96,98,98,98,101,101,102,106,107,107,109,109,109,110,110,116,118,123,124,126,125,127,130,131,136,137,141,150,154,156,156,156,157,157,161,161,169,171,175,181,195,209,209,209,209,209
84028073,US,USA,840,28073.0,Lamar,Mississippi,US,31.20572971,-89.5077704,"Lamar, Mississippi, US",0,0,0,0,0,0,0,0,0,0,0,0,0,0,0,0,0,0,0,0,0,0,0,0,0,0,0,0,0,0,0,0,0,0,0,0,0,0,0,0,0,0,0,0,0,0,0,0,0,0,0,0,0,0,0,0,0,0,0,0,0,1,2,2,4,4,4,4,4,5,6,8,9,13,13,15,18,19,24,28,31,32,38,46,48,56,57,59,67,71,76,79,79,82,85,89,92,94,102,103,111,114,117,121,125,127,136,141,145,152,156,156,158,164,166,173,175,175,199,205,210,215,218,219,220,222,227,231,235,235,238,239,248,248,250,252,254,259,262,272,278,278,287,288,288,288,292,300,300,300,300,300
84028075,US,USA,840,28075.0,Lauderdale,Mississippi,US,32.40419769,-88.66229662,"Lauderdale, Mississippi, US",0,0,0,0,0,0,0,0,0,0,0,0,0,0,0,0,0,0,0,0,0,0,0,0,0,0,0,0,0,0,0,0,0,0,0,0,0,0,0,0,0,0,0,0,0,0,0,0,0,0,0,0,0,0,0,0,0,0,0,0,0,0,0,0,3,10,12,15,15,35,39,46,50,61,65,70,78,84,99,118,133,135,150,156,165,174,181,190,202,220,232,235,249,268,284,295,304,318,334,349,365,378,380,432,436,448,450,463,471,482,492,501,523,557,566,578,585,589,602,616,637,647,670,678,680,689,699,713,730,735,738,741,745,760,759,765,775,779,785,793,795,795,801,801,805,811,816,818,818,818,818,818
84028077,US,USA,840,28077.0,Lawrence,Mississippi,US,31.55147224,-90.10841127,"Lawrence, Mississippi, US",0,0,0,0,0,0,0,0,0,0,0,0,0,0,0,0,0,0,0,0,0,0,0,0,0,0,0,0,0,0,0,0,0,0,0,0,0,0,0,0,0,0,0,0,0,0,0,0,0,0,0,0,0,0,0,0,0,0,1,1,2,2,2,3,5,5,5,5,5,5,5,5,5,4,4,5,5,6,8,7,6,6,6,7,7,10,12,14,16,17,20,22,25,26,30,35,36,38,42,45,46,50,50,53,57,61,61,63,64,66,66,70,71,74,74,77,78,78,80,80,81,82,86,90,94,97,99,102,102,102,102,106,106,108,107,107,108,108,109,109,113,113,115,115,115,118,120,121,121,121,121,121
84028079,US,USA,840,28079.0,Leake,Mississippi,US,32.7536828,-89.52402044,"Leake, Mississippi, US",0,0,0,0,0,0,0,0,0,0,0,0,0,0,0,0,0,0,0,0,0,0,0,0,0,0,0,0,0,0,0,0,0,0,0,0,0,0,0,0,0,0,0,0,0,0,0,0,0,0,0,0,0,0,0,0,0,0,0,0,1,1,2,3,4,4,4,5,5,5,5,6,7,8,10,11,15,15,22,22,27,27,29,32,40,50,60,64,77,86,99,108,118,136,149,158,161,179,190,204,219,229,233,247,257,257,267,286,299,299,307,318,323,332,351,352,353,361,364,367,368,373,382,384,388,389,395,400,409,421,427,431,447,454,452,455,460,462,466,469,472,472,478,483,483,487,491,496,496,496,496,496
84028081,US,USA,840,28081.0,Lee,Mississippi,US,34.291877500000005,-88.68149954,"Lee, Mississippi, US",0,0,0,0,0,0,0,0,0,0,0,0,0,0,0,0,0,0,0,0,0,0,0,0,0,0,0,0,0,0,0,0,0,0,0,0,0,0,0,0,0,0,0,0,0,0,0,0,0,0,0,0,0,0,0,0,0,0,1,1,6,8,12,14,15,15,17,21,21,24,25,24,26,28,30,30,38,40,40,41,42,43,46,46,46,48,49,54,60,63,64,64,66,70,72,72,70,71,70,69,71,71,71,72,75,73,73,77,78,77,80,81,81,83,85,89,93,93,96,95,97,99,101,104,108,113,117,124,139,149,153,154,165,185,194,197,220,224,237,248,261,261,287,292,296,301,310,330,330,330,330,330
84028083,US,USA,840,28083.0,Leflore,Mississippi,US,33.55545125,-90.29900733,"Leflore, Mississippi, US",0,0,0,0,0,0,0,0,0,0,0,0,0,0,0,0,0,0,0,0,0,0,0,0,0,0,0,0,0,0,0,0,0,0,0,0,0,0,0,0,0,0,0,0,0,0,0,0,0,0,0,1,1,1,1,4,4,4,7,7,8,9,10,13,13,13,15,15,15,19,20,20,21,22,22,23,26,28,32,43,44,45,48,52,55,62,70,75,91,105,109,113,119,124,131,136,137,141,145,148,164,165,168,174,175,177,180,182,185,185,185,191,192,197,199,200,200,200,202,205,206,211,240,240,241,246,250,251,255,258,264,265,273,273,277,282,287,288,309,322,330,330,350,352,358,368,376,385,385,385,385,385
84028085,US,USA,840,28085.0,Lincoln,Mississippi,US,31.53288662,-90.45391915,"Lincoln, Mississippi, US",0,0,0,0,0,0,0,0,0,0,0,0,0,0,0,0,0,0,0,0,0,0,0,0,0,0,0,0,0,0,0,0,0,0,0,0,0,0,0,0,0,0,0,0,0,0,0,0,0,0,0,0,0,0,0,0,0,0,0,0,4,4,4,4,6,6,8,9,9,11,13,14,14,14,16,18,21,26,32,41,41,46,49,56,81,86,95,102,101,107,109,121,125,132,136,136,136,136,141,141,143,150,151,154,155,166,179,179,184,186,186,189,191,194,197,202,217,218,218,222,224,231,238,243,245,248,250,250,250,256,263,266,270,278,280,281,286,289,300,308,314,314,316,320,324,327,329,330,330,330,330,330
84028087,US,USA,840,28087.0,Lowndes,Mississippi,US,33.47386518,-88.44191529999998,"Lowndes, Mississippi, US",0,0,0,0,0,0,0,0,0,0,0,0,0,0,0,0,0,0,0,0,0,0,0,0,0,0,0,0,0,0,0,0,0,0,0,0,0,0,0,0,0,0,0,0,0,0,0,0,0,0,0,0,0,0,0,0,0,0,0,0,4,6,6,6,8,9,10,10,10,11,11,10,12,13,15,15,16,17,18,19,22,24,25,25,27,30,30,32,32,34,35,36,36,38,41,41,45,49,49,54,58,58,60,61,65,64,71,73,79,83,86,91,93,100,108,112,122,126,132,135,136,139,158,160,164,166,182,189,200,211,211,219,230,241,247,252,263,270,274,277,290,290,311,311,315,317,335,352,352,352,352,352
84028089,US,USA,840,28089.0,Madison,Mississippi,US,32.63389156,-90.03513564,"Madison, Mississippi, US",0,0,0,0,0,0,0,0,0,0,0,0,0,0,0,0,0,0,0,0,0,0,0,0,0,0,0,0,0,0,0,0,0,0,0,0,0,0,0,0,0,0,0,0,0,0,0,0,0,0,0,0,0,0,0,0,0,1,3,3,9,11,14,17,21,25,29,37,37,42,53,55,65,67,72,74,82,83,88,95,99,103,106,108,112,116,123,127,135,140,144,151,165,178,186,194,208,212,224,229,251,268,272,286,298,318,333,404,422,431,466,491,493,502,507,526,533,543,561,573,582,618,639,654,653,675,687,694,709,720,724,742,745,757,767,778,788,796,807,832,843,843,864,877,886,889,905,922,922,922,922,922
84028091,US,USA,840,28091.0,Marion,Mississippi,US,31.23132643,-89.8209217,"Marion, Mississippi, US",0,0,0,0,0,0,0,0,0,0,0,0,0,0,0,0,0,0,0,0,0,0,0,0,0,0,0,0,0,0,0,0,0,0,0,0,0,0,0,0,0,0,0,0,0,0,0,0,0,0,0,0,0,0,0,0,0,0,0,0,0,1,1,1,1,1,3,4,4,5,6,5,5,6,7,8,13,14,16,17,17,21,21,25,34,35,38,39,43,47,47,48,53,55,57,58,58,66,69,72,75,75,75,75,76,77,80,82,83,81,84,84,86,86,86,87,89,89,93,97,100,103,104,108,110,110,112,114,114,115,115,117,117,116,116,116,117,119,127,129,132,132,137,140,141,145,152,163,163,163,163,163
84028093,US,USA,840,28093.0,Marshall,Mississippi,US,34.76216286,-89.50299462,"Marshall, Mississippi, US",0,0,0,0,0,0,0,0,0,0,0,0,0,0,0,0,0,0,0,0,0,0,0,0,0,0,0,0,0,0,0,0,0,0,0,0,0,0,0,0,0,0,0,0,0,0,0,0,0,0,0,0,0,0,0,0,0,0,1,1,3,3,3,4,7,9,11,13,13,14,15,18,19,20,20,23,24,24,26,28,30,33,34,34,35,37,37,39,38,38,39,39,40,40,41,41,41,42,42,43,44,45,47,48,48,49,50,52,55,55,56,58,62,63,65,66,66,67,67,68,68,68,69,69,71,71,76,77,81,83,83,81,81,85,87,89,89,90,93,96,98,98,98,101,103,107,110,122,122,122,122,122
84028095,US,USA,840,28095.0,Monroe,Mississippi,US,33.89236763,-88.4808438,"Monroe, Mississippi, US",0,0,0,0,0,0,0,0,0,0,0,0,0,0,0,0,0,0,0,0,0,0,0,0,0,0,0,0,0,0,0,0,0,0,0,0,0,0,0,0,0,0,0,0,0,0,0,0,0,0,0,0,0,0,1,1,1,1,2,2,2,2,3,3,3,3,3,5,5,6,7,11,12,12,13,16,18,19,24,25,31,36,37,38,46,54,58,62,68,75,95,99,109,117,123,134,144,153,157,157,161,173,175,175,177,178,188,191,200,199,199,202,203,209,215,222,222,220,220,226,229,231,241,242,246,249,253,252,254,255,257,261,265,267,269,269,273,277,280,285,290,290,291,291,293,295,297,301,301,301,301,301
84028097,US,USA,840,28097.0,Montgomery,Mississippi,US,33.49419589,-89.61729103,"Montgomery, Mississippi, US",0,0,0,0,0,0,0,0,0,0,0,0,0,0,0,0,0,0,0,0,0,0,0,0,0,0,0,0,0,0,0,0,0,0,0,0,0,0,0,0,0,0,0,0,0,0,0,0,0,0,0,0,0,0,0,0,0,0,0,0,1,1,2,4,4,4,5,6,6,7,8,8,10,10,11,11,12,12,13,14,14,14,15,15,15,15,15,15,15,15,17,16,16,17,18,19,19,19,20,28,29,32,32,35,47,51,56,65,67,69,69,69,69,70,71,71,72,72,74,75,76,77,78,78,80,80,81,81,81,83,85,85,85,86,84,84,85,85,86,88,88,88,93,94,94,97,98,98,98,98,98,98
84028099,US,USA,840,28099.0,Neshoba,Mississippi,US,32.75339664,-89.11726492,"Neshoba, Mississippi, US",0,0,0,0,0,0,0,0,0,0,0,0,0,0,0,0,0,0,0,0,0,0,0,0,0,0,0,0,0,0,0,0,0,0,0,0,0,0,0,0,0,0,0,0,0,0,0,0,0,0,0,0,0,0,0,0,0,0,0,0,0,0,0,0,0,1,3,4,4,4,5,4,5,6,9,11,12,13,17,21,26,31,34,33,35,39,46,55,65,73,82,91,102,116,119,153,156,169,174,187,205,212,214,222,243,254,261,287,307,315,320,326,338,354,369,397,405,423,429,452,470,477,511,512,514,539,565,589,606,630,646,671,707,722,728,739,747,755,772,805,821,821,855,877,878,881,895,921,921,921,921,921
84028101,US,USA,840,28101.0,Newton,Mississippi,US,32.40021118,-89.11843336,"Newton, Mississippi, US",0,0,0,0,0,0,0,0,0,0,0,0,0,0,0,0,0,0,0,0,0,0,0,0,0,0,0,0,0,0,0,0,0,0,0,0,0,0,0,0,0,0,0,0,0,0,0,0,0,0,0,0,0,0,0,0,0,0,0,0,0,0,1,1,1,1,1,1,1,2,2,4,4,6,7,7,7,7,8,10,12,10,10,14,14,16,19,21,26,30,32,33,45,51,58,61,64,73,78,81,87,88,93,93,106,113,121,130,137,138,142,147,155,161,172,186,187,192,196,206,210,214,221,224,227,231,250,256,263,271,271,278,282,283,288,292,297,298,301,307,313,313,320,321,321,322,324,325,325,325,325,325
84028103,US,USA,840,28103.0,Noxubee,Mississippi,US,33.11009499,-88.56949061,"Noxubee, Mississippi, US",0,0,0,0,0,0,0,0,0,0,0,0,0,0,0,0,0,0,0,0,0,0,0,0,0,0,0,0,0,0,0,0,0,0,0,0,0,0,0,0,0,0,0,0,0,0,0,0,0,0,0,0,0,0,0,0,0,0,0,0,0,0,1,1,1,1,2,2,2,3,3,4,5,5,5,5,5,5,5,6,6,6,6,6,10,18,20,20,22,22,24,24,29,35,45,46,52,55,61,66,73,79,79,88,92,92,97,100,102,102,105,117,117,118,132,134,134,140,145,145,148,152,157,158,165,166,169,173,179,185,186,187,191,193,193,195,196,200,204,206,209,209,212,212,212,212,216,218,218,218,218,218
84028105,US,USA,840,28105.0,Oktibbeha,Mississippi,US,33.42491685,-88.87905132,"Oktibbeha, Mississippi, US",0,0,0,0,0,0,0,0,0,0,0,0,0,0,0,0,0,0,0,0,0,0,0,0,0,0,0,0,0,0,0,0,0,0,0,0,0,0,0,0,0,0,0,0,0,0,0,0,0,0,0,0,0,0,0,0,0,0,0,0,2,5,5,7,10,12,14,15,15,17,18,20,23,24,27,27,29,30,35,36,36,37,37,37,41,42,42,43,43,43,44,44,45,46,46,46,46,48,49,51,51,52,52,54,57,59,62,73,86,89,89,91,94,97,99,102,104,105,107,110,114,126,128,134,139,144,150,154,233,235,239,243,253,267,273,283,290,297,300,307,327,327,348,351,357,363,374,386,386,386,386,386
84028107,US,USA,840,28107.0,Panola,Mississippi,US,34.36398677,-89.95064249,"Panola, Mississippi, US",0,0,0,0,0,0,0,0,0,0,0,0,0,0,0,0,0,0,0,0,0,0,0,0,0,0,0,0,0,0,0,0,0,0,0,0,0,0,0,0,0,0,0,0,0,0,0,0,0,0,0,0,0,0,0,0,0,0,0,0,2,2,2,2,4,4,4,5,5,7,8,8,8,10,17,17,19,19,21,22,22,22,23,26,26,27,27,30,35,36,37,37,38,38,36,37,38,38,38,39,39,39,40,40,40,42,43,43,43,43,43,45,45,46,47,50,50,50,52,54,58,59,61,62,62,64,64,64,66,70,71,71,84,85,84,87,93,96,102,105,110,110,118,121,122,127,137,146,146,146,146,146
84028109,US,USA,840,28109.0,Pearl River,Mississippi,US,30.77090935,-89.58677275,"Pearl River, Mississippi, US",0,0,0,0,0,0,0,0,0,0,0,0,0,0,0,0,0,0,0,0,0,0,0,0,0,0,0,0,0,0,0,0,0,0,0,0,0,0,0,0,0,0,0,0,0,0,0,0,0,0,0,0,1,1,2,2,4,7,7,7,10,12,13,13,16,18,23,27,27,30,32,36,41,43,49,52,56,60,73,77,82,83,88,93,102,112,115,119,126,132,134,136,142,144,148,152,153,154,157,163,175,176,177,181,183,183,188,189,190,189,190,190,190,193,195,195,195,195,195,197,197,203,203,203,205,205,207,206,207,209,209,209,211,212,212,212,213,215,217,221,221,221,219,221,222,223,223,224,224,224,224,224
84028111,US,USA,840,28111.0,Perry,Mississippi,US,31.17161885,-88.99281835,"Perry, Mississippi, US",0,0,0,0,0,0,0,0,0,0,0,0,0,0,0,0,0,0,0,0,0,0,0,0,0,0,0,0,0,0,0,0,0,0,0,0,0,0,0,0,0,0,0,0,0,0,0,0,0,0,0,0,0,0,0,0,1,1,1,1,1,1,1,1,1,2,2,2,2,3,5,6,11,13,14,14,14,14,14,15,16,18,19,20,20,20,21,22,22,22,22,22,23,23,25,26,26,26,26,27,27,27,29,31,31,32,33,32,34,34,34,35,35,35,36,36,36,36,37,38,38,40,43,46,49,49,49,50,50,50,50,50,51,51,51,51,51,51,52,52,52,52,53,54,54,54,54,55,55,55,55,55
84028113,US,USA,840,28113.0,Pike,Mississippi,US,31.17507789,-90.40392572,"Pike, Mississippi, US",0,0,0,0,0,0,0,0,0,0,0,0,0,0,0,0,0,0,0,0,0,0,0,0,0,0,0,0,0,0,0,0,0,0,0,0,0,0,0,0,0,0,0,0,0,0,0,0,0,0,0,0,0,0,0,0,0,0,1,1,3,4,7,10,12,12,12,14,14,17,20,21,21,23,26,28,31,33,35,39,47,54,59,62,72,82,93,97,104,115,118,118,126,127,133,136,136,142,143,148,149,153,155,155,160,159,162,163,168,168,170,173,173,173,174,176,176,178,184,186,188,190,194,196,200,201,202,203,203,202,203,203,204,205,204,204,204,207,211,211,213,213,220,224,226,244,247,248,248,248,248,248
84028115,US,USA,840,28115.0,Pontotoc,Mississippi,US,34.226046000000004,-89.03636807,"Pontotoc, Mississippi, US",0,0,0,0,0,0,0,0,0,0,0,0,0,0,0,0,0,0,0,0,0,0,0,0,0,0,0,0,0,0,0,0,0,0,0,0,0,0,0,0,0,0,0,0,0,0,0,0,0,0,0,0,0,0,0,0,0,0,0,0,1,1,2,2,3,4,4,3,3,5,6,10,11,12,12,12,12,13,14,14,14,15,15,15,15,16,17,17,18,18,18,18,18,18,18,18,18,18,18,18,18,20,22,22,22,22,22,22,24,24,23,23,24,25,25,25,25,25,25,26,26,26,26,26,26,26,28,29,29,32,35,36,43,45,47,49,52,55,60,62,64,64,70,71,74,77,79,93,93,93,93,93
84028117,US,USA,840,28117.0,Prentiss,Mississippi,US,34.61810501,-88.51986294,"Prentiss, Mississippi, US",0,0,0,0,0,0,0,0,0,0,0,0,0,0,0,0,0,0,0,0,0,0,0,0,0,0,0,0,0,0,0,0,0,0,0,0,0,0,0,0,0,0,0,0,0,0,0,0,0,0,0,0,0,0,0,0,0,0,0,0,0,0,0,1,1,1,2,4,4,4,4,4,9,9,9,10,10,10,10,12,12,13,14,14,15,15,16,16,19,25,27,28,29,29,29,30,32,31,32,32,32,32,32,32,33,33,33,33,35,36,36,36,36,36,36,36,36,36,36,36,37,37,37,38,39,40,41,42,51,52,53,56,56,53,53,53,55,56,57,62,63,63,65,65,66,66,68,70,70,70,70,70
84028119,US,USA,840,28119.0,Quitman,Mississippi,US,34.25157572,-90.28908,"Quitman, Mississippi, US",0,0,0,0,0,0,0,0,0,0,0,0,0,0,0,0,0,0,0,0,0,0,0,0,0,0,0,0,0,0,0,0,0,0,0,0,0,0,0,0,0,0,0,0,0,0,0,0,0,0,0,0,0,0,0,0,0,0,0,0,0,0,0,0,2,3,4,4,4,3,4,4,4,5,6,7,9,12,12,12,12,12,12,12,13,13,13,13,13,13,13,13,14,14,14,14,14,14,14,14,15,15,15,16,16,16,16,16,16,17,17,17,18,19,20,21,21,21,21,21,21,23,23,24,24,24,25,25,25,26,33,34,34,31,32,32,32,32,32,32,34,34,39,48,49,50,51,52,52,52,52,52
84028121,US,USA,840,28121.0,Rankin,Mississippi,US,32.26469147,-89.94537876,"Rankin, Mississippi, US",0,0,0,0,0,0,0,0,0,0,0,0,0,0,0,0,0,0,0,0,0,0,0,0,0,0,0,0,0,0,0,0,0,0,0,0,0,0,0,0,0,0,0,0,0,0,0,0,0,0,0,0,0,0,0,0,0,0,3,3,7,8,13,20,23,29,31,35,35,40,48,50,64,66,72,74,78,79,85,88,94,99,100,105,113,122,128,130,133,141,146,148,153,154,162,167,171,179,182,186,194,197,200,207,221,226,231,238,248,250,251,256,262,271,276,282,285,287,295,310,315,325,336,349,356,358,373,385,399,421,439,446,446,453,456,463,473,480,485,498,505,505,529,536,537,539,550,563,563,563,563,563
84028123,US,USA,840,28123.0,Scott,Mississippi,US,32.406704100000006,-89.53789439,"Scott, Mississippi, US",0,0,0,0,0,0,0,0,0,0,0,0,0,0,0,0,0,0,0,0,0,0,0,0,0,0,0,0,0,0,0,0,0,0,0,0,0,0,0,0,0,0,0,0,0,0,0,0,0,0,0,0,0,0,0,0,0,0,0,0,1,1,2,3,4,6,7,7,7,10,12,13,17,17,23,23,32,34,43,47,52,54,58,62,79,100,96,106,130,148,158,163,177,200,240,249,258,281,296,316,339,354,358,369,404,410,423,438,454,457,462,475,483,487,504,521,524,532,550,567,569,578,587,589,592,597,623,630,640,650,650,648,661,662,663,663,670,671,673,677,682,682,685,688,688,690,692,696,696,696,696,696
84028125,US,USA,840,28125.0,Sharkey,Mississippi,US,32.88149103,-90.81595379999999,"Sharkey, Mississippi, US",0,0,0,0,0,0,0,0,0,0,0,0,0,0,0,0,0,0,0,0,0,0,0,0,0,0,0,0,0,0,0,0,0,0,0,0,0,0,0,0,0,0,0,0,0,0,0,0,0,0,0,0,0,0,0,0,0,0,0,0,0,0,0,0,0,1,1,1,1,1,2,2,2,2,3,3,3,3,3,3,3,3,3,3,3,3,3,3,3,3,3,3,4,4,4,4,5,5,5,5,5,5,5,5,5,5,5,5,5,5,5,5,5,5,5,6,6,6,7,7,7,7,7,7,7,7,7,7,7,7,7,7,7,7,7,7,7,7,7,7,7,7,8,8,8,8,8,9,9,9,9,9
84028127,US,USA,840,28127.0,Simpson,Mississippi,US,31.91282117,-89.91716179,"Simpson, Mississippi, US",0,0,0,0,0,0,0,0,0,0,0,0,0,0,0,0,0,0,0,0,0,0,0,0,0,0,0,0,0,0,0,0,0,0,0,0,0,0,0,0,0,0,0,0,0,0,0,0,0,0,0,0,0,0,0,0,0,0,0,0,1,1,1,1,1,1,2,2,2,2,3,4,5,5,5,6,7,6,6,7,7,7,7,7,12,13,14,14,21,28,32,32,33,36,38,40,40,43,45,46,47,47,48,49,53,55,56,60,61,61,62,63,65,72,75,75,76,78,78,79,79,82,83,85,85,91,93,95,95,101,101,100,102,104,104,105,105,105,108,112,117,117,117,117,119,119,123,126,126,126,126,126
84028129,US,USA,840,28129.0,Smith,Mississippi,US,32.01744532,-89.50644846,"Smith, Mississippi, US",0,0,0,0,0,0,0,0,0,0,0,0,0,0,0,0,0,0,0,0,0,0,0,0,0,0,0,0,0,0,0,0,0,0,0,0,0,0,0,0,0,0,0,0,0,0,0,0,0,0,0,0,0,0,0,0,0,1,1,1,1,1,1,1,1,1,1,1,1,1,1,6,6,6,10,11,11,15,16,17,23,24,28,30,36,37,38,39,45,47,50,51,53,55,58,60,65,66,73,74,76,78,79,81,86,92,95,99,100,100,104,105,107,107,109,111,112,115,120,121,124,127,126,131,131,131,133,145,148,150,152,152,153,153,155,156,164,165,168,172,173,173,173,175,178,180,182,182,182,182,182,182
84028131,US,USA,840,28131.0,Stone,Mississippi,US,30.79187949,-89.11547539,"Stone, Mississippi, US",0,0,0,0,0,0,0,0,0,0,0,0,0,0,0,0,0,0,0,0,0,0,0,0,0,0,0,0,0,0,0,0,0,0,0,0,0,0,0,0,0,0,0,0,0,0,0,0,0,0,0,0,0,0,0,0,0,0,0,0,0,0,0,0,0,0,0,0,0,0,0,0,0,0,1,1,3,4,5,5,9,10,11,14,15,16,17,17,18,19,19,21,22,22,22,22,22,22,22,22,22,22,22,22,22,23,23,23,24,24,24,23,23,26,24,24,24,24,24,26,25,27,30,30,30,30,30,30,30,30,30,30,31,32,32,32,32,32,34,34,33,33,34,34,34,35,34,35,35,35,35,35
84028133,US,USA,840,28133.0,Sunflower,Mississippi,US,33.60192578,-90.58882684,"Sunflower, Mississippi, US",0,0,0,0,0,0,0,0,0,0,0,0,0,0,0,0,0,0,0,0,0,0,0,0,0,0,0,0,0,0,0,0,0,0,0,0,0,0,0,0,0,0,0,0,0,0,0,0,0,0,0,0,0,0,0,0,0,0,0,0,2,2,3,3,4,5,7,10,10,11,12,12,13,18,19,19,25,27,32,34,35,35,38,41,42,43,45,46,47,47,48,50,51,51,51,51,52,52,53,53,55,55,56,57,60,61,61,63,63,63,63,64,64,65,69,69,68,68,68,70,71,73,77,77,79,78,78,78,79,81,84,85,85,93,92,96,96,97,103,105,109,109,113,117,118,121,127,128,128,128,128,128
84028135,US,USA,840,28135.0,Tallahatchie,Mississippi,US,33.95339918,-90.1729398,"Tallahatchie, Mississippi, US",0,0,0,0,0,0,0,0,0,0,0,0,0,0,0,0,0,0,0,0,0,0,0,0,0,0,0,0,0,0,0,0,0,0,0,0,0,0,0,0,0,0,0,0,0,0,0,0,0,0,0,0,0,0,0,0,0,0,0,0,0,1,2,2,2,2,2,2,2,2,2,2,2,2,3,3,3,3,3,3,3,3,4,4,6,7,8,8,8,8,8,9,9,11,11,11,11,11,11,11,11,12,12,12,12,12,12,12,12,12,12,13,14,15,18,18,19,21,21,21,23,23,23,24,24,24,25,26,26,27,27,27,29,30,30,31,31,32,35,35,35,35,39,40,42,43,45,49,49,49,49,49
84028137,US,USA,840,28137.0,Tate,Mississippi,US,34.65133709,-89.94485778,"Tate, Mississippi, US",0,0,0,0,0,0,0,0,0,0,0,0,0,0,0,0,0,0,0,0,0,0,0,0,0,0,0,0,0,0,0,0,0,0,0,0,0,0,0,0,0,0,0,0,0,0,0,0,0,0,0,0,0,0,0,0,0,0,0,0,1,1,1,2,6,8,8,9,9,11,11,12,13,14,15,16,18,18,19,22,23,24,24,25,26,27,27,29,31,34,34,35,35,38,38,38,38,39,41,41,42,41,43,45,45,45,48,49,50,50,52,54,54,55,55,56,57,55,55,56,58,59,58,59,59,66,69,74,81,89,94,95,95,88,91,93,95,96,103,112,118,118,123,128,128,134,135,155,155,155,155,155
84028139,US,USA,840,28139.0,Tippah,Mississippi,US,34.76872156,-88.90988194,"Tippah, Mississippi, US",0,0,0,0,0,0,0,0,0,0,0,0,0,0,0,0,0,0,0,0,0,0,0,0,0,0,0,0,0,0,0,0,0,0,0,0,0,0,0,0,0,0,0,0,0,0,0,0,0,0,0,0,0,0,0,0,0,0,3,3,7,9,11,11,14,15,18,23,23,26,28,29,30,31,35,36,36,37,41,42,43,43,44,45,45,45,45,46,47,47,49,49,49,50,51,52,52,53,53,54,56,56,57,58,58,61,61,63,65,65,66,66,66,66,67,69,69,69,69,69,69,69,69,70,70,71,71,71,71,73,73,73,76,76,76,76,79,80,84,87,90,90,92,93,93,94,95,100,100,100,100,100
84028141,US,USA,840,28141.0,Tishomingo,Mississippi,US,34.74023475,-88.23917219,"Tishomingo, Mississippi, US",0,0,0,0,0,0,0,0,0,0,0,0,0,0,0,0,0,0,0,0,0,0,0,0,0,0,0,0,0,0,0,0,0,0,0,0,0,0,0,0,0,0,0,0,0,0,0,0,0,0,0,0,0,0,0,0,0,0,0,0,0,0,0,0,0,0,0,0,0,1,1,1,1,1,1,1,1,1,2,2,2,2,2,2,2,2,2,3,4,4,4,5,5,7,7,7,8,7,7,7,7,8,8,8,8,8,8,9,10,10,10,10,10,11,13,14,14,14,21,21,21,22,23,25,25,26,26,28,30,32,32,32,34,35,36,36,37,37,41,42,43,43,44,46,47,47,47,47,47,47,47,47
84028143,US,USA,840,28143.0,Tunica,Mississippi,US,34.64967704,-90.37481167,"Tunica, Mississippi, US",0,0,0,0,0,0,0,0,0,0,0,0,0,0,0,0,0,0,0,0,0,0,0,0,0,0,0,0,0,0,0,0,0,0,0,0,0,0,0,0,0,0,0,0,0,0,0,0,0,0,0,0,0,0,0,0,0,0,0,0,2,2,3,3,5,6,6,6,6,12,13,14,14,15,17,18,17,17,17,18,19,21,21,23,23,26,28,30,31,32,33,34,34,34,34,35,35,35,35,35,35,35,36,36,36,37,39,38,38,38,39,40,40,40,44,44,44,44,45,45,45,47,48,48,48,50,52,53,53,54,55,55,56,56,58,58,58,58,58,60,61,61,62,64,64,66,67,67,67,67,67,67
84028145,US,USA,840,28145.0,Union,Mississippi,US,34.49162015,-89.00776006,"Union, Mississippi, US",0,0,0,0,0,0,0,0,0,0,0,0,0,0,0,0,0,0,0,0,0,0,0,0,0,0,0,0,0,0,0,0,0,0,0,0,0,0,0,0,0,0,0,0,0,0,0,0,0,0,0,0,0,0,0,0,0,0,0,0,1,1,1,2,2,3,3,3,3,3,3,4,5,6,6,6,6,6,6,7,7,7,7,8,9,9,9,9,11,11,12,12,14,14,14,15,15,16,16,17,19,25,27,30,36,40,41,42,48,47,50,54,55,57,59,60,60,62,65,65,66,68,70,71,72,74,78,80,81,83,83,84,85,86,89,89,91,91,92,92,93,93,96,97,102,102,108,109,109,109,109,109
84028147,US,USA,840,28147.0,Walthall,Mississippi,US,31.14971548,-90.10446654,"Walthall, Mississippi, US",0,0,0,0,0,0,0,0,0,0,0,0,0,0,0,0,0,0,0,0,0,0,0,0,0,0,0,0,0,0,0,0,0,0,0,0,0,0,0,0,0,0,0,0,0,0,0,0,0,0,0,0,0,0,0,0,0,1,1,1,2,2,2,3,4,4,5,5,5,5,7,10,11,12,12,12,14,15,16,16,16,18,21,22,22,22,22,23,24,24,24,25,27,27,27,28,29,30,30,31,32,32,33,33,35,36,36,37,37,39,41,42,42,42,44,46,46,46,44,46,48,50,51,51,49,50,51,52,54,55,56,57,61,63,64,67,70,74,76,82,85,85,97,100,103,105,107,111,111,111,111,111
84028149,US,USA,840,28149.0,Warren,Mississippi,US,32.35810271,-90.83352619,"Warren, Mississippi, US",0,0,0,0,0,0,0,0,0,0,0,0,0,0,0,0,0,0,0,0,0,0,0,0,0,0,0,0,0,0,0,0,0,0,0,0,0,0,0,0,0,0,0,0,0,0,0,0,0,0,0,0,0,0,0,0,0,0,0,0,0,0,0,0,0,0,0,1,1,1,2,2,2,3,5,5,7,9,10,12,11,14,14,14,15,16,17,18,21,22,25,29,32,39,45,47,50,58,65,68,74,78,81,83,88,90,90,94,98,117,117,122,123,127,129,133,133,133,135,136,138,144,148,150,154,158,158,159,163,171,173,175,181,191,196,199,201,206,214,223,232,232,245,248,252,259,262,280,280,280,280,280
84028151,US,USA,840,28151.0,Washington,Mississippi,US,33.28392041,-90.94196237,"Washington, Mississippi, US",0,0,0,0,0,0,0,0,0,0,0,0,0,0,0,0,0,0,0,0,0,0,0,0,0,0,0,0,0,0,0,0,0,0,0,0,0,0,0,0,0,0,0,0,0,0,0,0,0,0,0,0,0,0,0,0,0,0,0,0,3,4,5,5,9,11,13,16,16,20,22,29,31,31,36,38,40,41,46,48,49,53,57,57,62,67,68,70,71,71,71,71,71,74,77,78,77,77,77,77,77,77,77,77,78,80,78,80,82,82,85,86,87,92,100,113,115,123,128,139,143,143,151,153,153,159,163,166,166,168,178,191,191,194,198,199,200,202,215,221,222,222,236,246,253,266,269,276,276,276,276,276
84028153,US,USA,840,28153.0,Wayne,Mississippi,US,31.64135687,-88.69573913,"Wayne, Mississippi, US",0,0,0,0,0,0,0,0,0,0,0,0,0,0,0,0,0,0,0,0,0,0,0,0,0,0,0,0,0,0,0,0,0,0,0,0,0,0,0,0,0,0,0,0,0,0,0,0,0,0,0,0,0,0,0,0,0,0,0,0,0,0,0,0,0,0,0,0,0,0,0,1,1,2,5,5,5,5,6,7,8,8,9,9,9,10,10,10,11,12,12,11,17,16,19,19,19,19,20,23,23,24,24,24,25,26,27,27,27,27,28,29,29,32,33,37,39,39,45,51,58,72,76,109,125,133,148,154,171,177,204,210,224,235,262,280,295,315,328,335,346,346,373,373,375,389,398,409,409,409,409,409
84028155,US,USA,840,28155.0,Webster,Mississippi,US,33.61300486,-89.28392912,"Webster, Mississippi, US",0,0,0,0,0,0,0,0,0,0,0,0,0,0,0,0,0,0,0,0,0,0,0,0,0,0,0,0,0,0,0,0,0,0,0,0,0,0,0,0,0,0,0,0,0,0,0,0,0,0,0,0,0,0,0,0,0,0,1,1,1,1,2,2,2,3,3,3,3,5,7,8,8,11,11,12,12,13,13,13,14,14,14,14,14,15,17,15,15,15,16,16,16,17,16,16,16,17,17,18,19,19,19,20,21,21,21,21,21,22,22,22,22,22,22,23,23,22,22,22,25,27,27,27,28,63,59,61,64,69,69,68,68,67,84,88,93,96,98,98,99,99,109,109,110,109,109,109,109,109,109,109
84028157,US,USA,840,28157.0,Wilkinson,Mississippi,US,31.16078225,-91.31018819,"Wilkinson, Mississippi, US",0,0,0,0,0,0,0,0,0,0,0,0,0,0,0,0,0,0,0,0,0,0,0,0,0,0,0,0,0,0,0,0,0,0,0,0,0,0,0,0,0,0,0,0,0,0,0,0,0,0,0,0,0,0,0,0,0,1,1,1,3,3,4,5,8,9,11,12,12,14,16,17,22,25,30,30,32,33,37,40,42,45,49,49,51,53,53,55,58,61,64,66,65,66,68,68,68,68,69,69,69,69,69,70,71,72,74,74,75,77,77,78,78,78,78,78,78,78,78,80,80,81,81,82,84,85,85,85,86,88,88,85,85,85,85,85,85,85,85,85,85,85,85,85,85,85,85,85,85,85,85,85
84028159,US,USA,840,28159.0,Winston,Mississippi,US,33.08747908,-89.03391385,"Winston, Mississippi, US",0,0,0,0,0,0,0,0,0,0,0,0,0,0,0,0,0,0,0,0,0,0,0,0,0,0,0,0,0,0,0,0,0,0,0,0,0,0,0,0,0,0,0,0,0,0,0,0,0,0,0,0,0,0,0,0,0,1,1,1,2,2,2,3,3,3,4,4,4,7,9,9,11,11,12,15,17,16,17,17,18,19,20,20,22,24,27,29,33,36,34,36,37,38,38,38,40,41,43,42,44,47,47,49,52,53,57,61,61,63,66,67,67,70,73,75,81,83,86,86,92,92,98,98,98,102,105,105,109,112,117,120,121,122,124,124,125,128,136,136,139,139,143,148,149,150,155,158,158,158,158,158
84028161,US,USA,840,28161.0,Yalobusha,Mississippi,US,34.02824175,-89.70762049999998,"Yalobusha, Mississippi, US",0,0,0,0,0,0,0,0,0,0,0,0,0,0,0,0,0,0,0,0,0,0,0,0,0,0,0,0,0,0,0,0,0,0,0,0,0,0,0,0,0,0,0,0,0,0,0,0,0,0,0,0,0,0,0,0,0,0,0,0,0,0,0,0,3,3,3,3,3,6,6,7,7,9,9,11,11,11,11,11,13,14,14,14,14,14,14,15,15,16,17,17,17,17,17,18,19,19,19,19,20,20,20,20,21,23,25,27,30,31,36,36,44,65,66,71,71,73,75,75,76,79,82,82,84,84,85,85,87,90,93,94,96,97,104,111,112,114,121,123,128,128,136,137,138,138,139,139,139,139,139,139
84028163,US,USA,840,28163.0,Yazoo,Mississippi,US,32.77890365,-90.39656148,"Yazoo, Mississippi, US",0,0,0,0,0,0,0,0,0,0,0,0,0,0,0,0,0,0,0,0,0,0,0,0,0,0,0,0,0,0,0,0,0,0,0,0,0,0,0,0,0,0,0,0,0,0,0,0,0,0,0,0,0,0,0,0,0,1,1,1,1,1,3,3,3,4,4,5,5,9,9,11,13,19,31,32,32,38,47,55,58,63,64,64,65,72,81,85,91,95,103,103,110,117,120,122,126,129,134,135,139,144,147,151,154,155,154,162,162,164,169,169,171,176,180,182,188,190,192,194,194,198,204,215,219,221,223,227,239,273,281,283,286,291,296,298,300,301,310,321,329,329,337,347,348,348,350,354,354,354,354,354
84029001,US,USA,840,29001.0,Adair,Missouri,US,40.19058551,-92.60078167,"Adair, Missouri, US",0,0,0,0,0,0,0,0,0,0,0,0,0,0,0,0,0,0,0,0,0,0,0,0,0,0,0,0,0,0,0,0,0,0,0,0,0,0,0,0,0,0,0,0,0,0,0,0,0,0,0,0,0,0,0,0,0,0,0,1,1,2,1,1,1,1,1,1,1,2,3,6,6,10,10,10,11,11,11,11,11,11,11,12,12,12,12,12,12,12,12,12,12,12,12,12,12,12,12,12,12,12,12,12,12,12,12,12,12,12,12,12,12,15,17,23,26,29,29,34,34,38,38,41,44,46,46,49,50,51,55,60,60,60,62,67,68,72,72,74,74,74,75,80,80,83,84,85,85,85,84,85
84029003,US,USA,840,29003.0,Andrew,Missouri,US,39.98492163,-94.80163024,"Andrew, Missouri, US",0,0,0,0,0,0,0,0,0,0,0,0,0,0,0,0,0,0,0,0,0,0,0,0,0,0,0,0,0,0,0,0,0,0,0,0,0,0,0,0,0,0,0,0,0,0,0,0,0,0,0,0,0,0,0,0,0,0,0,0,0,0,0,0,0,0,0,0,0,0,0,0,0,0,0,0,0,0,0,0,1,1,1,1,1,1,1,1,1,1,1,1,1,1,1,1,2,2,2,2,3,3,5,6,6,6,6,6,7,8,8,8,11,11,14,14,15,17,19,20,20,20,20,23,24,24,30,30,30,30,30,30,30,31,31,32,33,33,33,33,34,34,34,35,35,35,35,35,36,39,41,41
84029005,US,USA,840,29005.0,Atchison,Missouri,US,40.43238737,-95.42970639,"Atchison, Missouri, US",0,0,0,0,0,0,0,0,0,0,0,0,0,0,0,0,0,0,0,0,0,0,0,0,0,0,0,0,0,0,0,0,0,0,0,0,0,0,0,0,0,0,0,0,0,0,0,0,0,0,0,0,0,0,0,0,0,0,0,0,0,0,0,0,1,1,1,1,1,1,1,1,1,1,1,1,1,1,1,1,1,1,1,2,2,2,2,2,2,2,2,2,2,2,2,2,2,2,2,2,2,2,2,2,2,2,2,2,2,2,2,2,2,2,2,2,2,2,2,3,3,3,3,3,3,3,3,3,3,3,3,3,3,3,3,3,3,3,3,3,3,3,3,3,3,3,3,3,3,3,3,3
84029007,US,USA,840,29007.0,Audrain,Missouri,US,39.215877,-91.84242683,"Audrain, Missouri, US",0,0,0,0,0,0,0,0,0,0,0,0,0,0,0,0,0,0,0,0,0,0,0,0,0,0,0,0,0,0,0,0,0,0,0,0,0,0,0,0,0,0,0,0,0,0,0,0,0,0,0,0,0,0,0,0,0,0,0,0,0,0,0,0,0,0,0,0,0,0,0,0,0,0,0,0,0,0,0,0,0,0,0,0,0,0,0,0,0,0,1,1,1,1,1,1,1,1,1,1,1,1,1,1,1,1,1,1,1,2,2,2,2,2,2,2,2,2,6,18,21,27,34,56,60,61,68,71,73,79,82,85,90,97,102,108,111,111,117,117,119,120,122,122,122,122,122,122,123,133,134,134
84029009,US,USA,840,29009.0,Barry,Missouri,US,36.70978521,-93.82919888,"Barry, Missouri, US",0,0,0,0,0,0,0,0,0,0,0,0,0,0,0,0,0,0,0,0,0,0,0,0,0,0,0,0,0,0,0,0,0,0,0,0,0,0,0,0,0,0,0,0,0,0,0,0,0,0,0,0,0,0,0,0,0,0,0,0,0,0,0,0,0,0,1,1,1,1,1,1,1,1,1,1,1,1,2,2,2,2,2,2,2,3,3,3,3,4,5,5,5,5,6,6,6,6,6,6,6,6,6,6,5,5,6,6,6,6,6,6,6,6,6,6,6,6,6,6,7,8,8,9,9,9,9,9,9,9,9,9,9,9,9,9,9,9,9,9,9,9,9,10,10,14,15,20,25,28,31,31
84029011,US,USA,840,29011.0,Barton,Missouri,US,37.50207671,-94.34757022,"Barton, Missouri, US",0,0,0,0,0,0,0,0,0,0,0,0,0,0,0,0,0,0,0,0,0,0,0,0,0,0,0,0,0,0,0,0,0,0,0,0,0,0,0,0,0,0,0,0,0,0,0,0,0,0,0,0,0,0,0,0,0,0,0,0,0,0,0,0,0,0,0,0,0,0,0,0,0,0,0,0,0,0,0,0,0,0,0,0,0,0,0,0,0,0,0,0,0,0,0,0,0,0,0,0,0,0,0,0,0,0,0,0,0,0,0,0,0,0,0,0,0,0,0,0,0,0,0,0,0,0,0,0,0,0,0,0,0,0,0,0,0,0,0,0,0,0,1,1,1,7,9,11,10,15,15,15
84029013,US,USA,840,29013.0,Bates,Missouri,US,38.25271289,-94.34113157,"Bates, Missouri, US",0,0,0,0,0,0,0,0,0,0,0,0,0,0,0,0,0,0,0,0,0,0,0,0,0,0,0,0,0,0,0,0,0,0,0,0,0,0,0,0,0,0,0,0,0,0,0,0,0,0,0,0,0,0,0,0,0,0,0,0,1,1,1,1,1,1,1,2,1,1,2,2,2,3,3,3,3,3,4,6,6,6,6,6,6,6,6,6,6,6,6,6,6,6,6,6,6,6,6,6,6,6,6,6,6,6,6,6,6,6,6,6,6,6,6,7,7,7,7,7,7,7,7,7,7,7,7,7,7,7,7,9,10,10,12,12,12,12,12,12,12,12,12,12,12,12,12,12,12,12,12,12
84029015,US,USA,840,29015.0,Benton,Missouri,US,38.29503305,-93.28756116,"Benton, Missouri, US",0,0,0,0,0,0,0,0,0,0,0,0,0,0,0,0,0,0,0,0,0,0,0,0,0,0,0,0,0,0,0,0,0,0,0,0,0,0,0,0,0,0,0,0,0,0,0,0,0,0,0,0,0,0,0,0,0,0,0,0,0,0,0,0,1,1,1,1,1,2,3,3,3,3,3,3,3,3,3,3,3,3,3,3,3,3,3,3,3,3,3,3,4,4,4,4,4,4,4,8,8,8,8,8,8,8,8,8,8,8,8,8,8,9,9,9,9,9,9,9,10,10,10,10,10,10,10,10,10,11,11,11,11,11,12,12,13,13,13,13,13,13,14,14,14,14,14,14,14,14,15,15
84029017,US,USA,840,29017.0,Bollinger,Missouri,US,37.32449052,-90.02725304,"Bollinger, Missouri, US",0,0,0,0,0,0,0,0,0,0,0,0,0,0,0,0,0,0,0,0,0,0,0,0,0,0,0,0,0,0,0,0,0,0,0,0,0,0,0,0,0,0,0,0,0,0,0,0,0,0,0,0,0,0,0,0,0,0,0,0,0,0,0,0,1,1,1,1,1,1,1,1,1,1,1,1,2,2,2,3,3,3,3,3,3,3,3,3,3,3,3,3,3,4,4,4,4,4,4,4,4,4,4,4,4,4,4,4,4,4,4,4,4,4,4,4,4,4,4,4,5,6,6,6,6,6,6,6,6,6,6,6,6,7,7,7,7,7,7,7,7,8,8,9,9,10,10,10,11,11,12,13
84029019,US,USA,840,29019.0,Boone,Missouri,US,38.99186229,-92.30723575,"Boone, Missouri, US",0,0,0,0,0,0,0,0,0,0,0,0,0,0,0,0,0,0,0,0,0,0,0,0,0,0,0,0,0,0,0,0,0,0,0,0,0,0,0,0,0,0,0,0,0,0,0,0,0,0,0,0,0,0,0,1,1,3,8,10,15,17,20,22,37,37,49,54,59,64,66,69,69,75,75,76,77,77,78,78,79,80,82,87,87,92,93,93,93,94,96,97,98,99,98,98,98,99,99,100,102,102,102,97,97,98,98,98,98,100,100,100,100,100,100,100,104,105,106,106,108,111,115,116,122,123,130,138,144,147,152,153,154,162,169,173,185,189,193,194,197,204,204,208,208,215,216,222,226,246,257,258
84029021,US,USA,840,29021.0,Buchanan,Missouri,US,39.65816401,-94.80138942,"Buchanan, Missouri, US",0,0,0,0,0,0,0,0,0,0,0,0,0,0,0,0,0,0,0,0,0,0,0,0,0,0,0,0,0,0,0,0,0,0,0,0,0,0,0,0,0,0,0,0,0,0,0,0,0,0,0,0,0,0,0,0,0,0,0,0,0,0,0,0,0,2,3,3,3,5,5,5,8,8,8,11,14,14,16,20,20,20,22,22,22,26,28,30,31,32,33,35,43,48,48,57,63,68,76,87,141,185,229,341,369,386,404,409,432,442,447,464,476,496,502,506,506,520,543,562,587,599,609,617,628,640,662,677,687,690,692,709,719,725,736,741,744,748,754,755,762,768,772,784,784,787,791,793,800,802,805,805
84029023,US,USA,840,29023.0,Butler,Missouri,US,36.71462476,-90.40421163,"Butler, Missouri, US",0,0,0,0,0,0,0,0,0,0,0,0,0,0,0,0,0,0,0,0,0,0,0,0,0,0,0,0,0,0,0,0,0,0,0,0,0,0,0,0,0,0,0,0,0,0,0,0,0,0,0,0,0,0,0,0,0,0,0,0,0,0,0,0,0,0,0,0,0,0,1,1,1,2,2,2,5,5,5,10,13,13,16,16,16,21,22,23,23,24,24,24,26,25,25,26,26,26,26,26,25,26,26,26,26,26,26,26,26,27,27,27,27,27,27,28,28,30,32,34,34,28,28,28,29,29,29,30,32,35,35,35,40,42,45,47,47,47,47,51,51,51,40,41,41,46,48,53,58,59,62,62
84029025,US,USA,840,29025.0,Caldwell,Missouri,US,39.65620858,-93.98308093,"Caldwell, Missouri, US",0,0,0,0,0,0,0,0,0,0,0,0,0,0,0,0,0,0,0,0,0,0,0,0,0,0,0,0,0,0,0,0,0,0,0,0,0,0,0,0,0,0,0,0,0,0,0,0,0,0,0,0,0,0,0,0,0,0,0,0,0,0,0,0,0,0,0,0,0,0,1,1,1,1,1,1,1,1,1,1,1,1,1,1,1,2,2,2,2,2,2,2,2,2,2,2,3,3,3,3,3,3,3,3,3,3,3,3,3,3,3,3,3,3,3,3,3,4,4,5,5,5,5,5,5,5,5,5,5,5,5,6,6,6,6,7,8,8,8,8,8,8,7,7,7,7,7,8,8,8,9,9
84029027,US,USA,840,29027.0,Callaway,Missouri,US,38.83674754,-91.92186505,"Callaway, Missouri, US",0,0,0,0,0,0,0,0,0,0,0,0,0,0,0,0,0,0,0,0,0,0,0,0,0,0,0,0,0,0,0,0,0,0,0,0,0,0,0,0,0,0,0,0,0,0,0,0,0,0,0,0,0,0,0,0,0,0,0,0,0,1,2,2,2,3,6,8,13,14,17,18,18,18,18,19,19,19,20,21,21,20,20,20,20,20,21,21,21,21,21,21,21,21,21,21,20,22,22,22,22,23,23,23,23,23,23,23,23,23,23,23,23,23,23,23,23,23,23,23,23,23,24,24,26,26,26,27,27,29,29,29,30,30,32,32,32,33,34,34,34,34,34,36,36,40,40,40,42,42,42,42
84029029,US,USA,840,29029.0,Camden,Missouri,US,38.02199522,-92.76083747,"Camden, Missouri, US",0,0,0,0,0,0,0,0,0,0,0,0,0,0,0,0,0,0,0,0,0,0,0,0,0,0,0,0,0,0,0,0,0,0,0,0,0,0,0,0,0,0,0,0,0,0,0,0,0,0,0,0,0,0,0,0,0,0,0,0,0,1,1,1,1,1,4,7,11,12,17,19,19,20,21,24,24,24,25,26,26,26,26,26,26,31,32,32,32,33,35,35,35,35,35,35,35,35,35,35,35,35,35,35,35,35,35,35,35,36,36,36,36,36,36,36,36,36,36,36,36,36,36,38,38,38,38,38,38,38,38,38,38,38,38,38,38,38,38,38,38,38,38,38,38,40,43,45,45,45,47,48
84029031,US,USA,840,29031.0,Cape Girardeau,Missouri,US,37.38489388,-89.6843587,"Cape Girardeau, Missouri, US",0,0,0,0,0,0,0,0,0,0,0,0,0,0,0,0,0,0,0,0,0,0,0,0,0,0,0,0,0,0,0,0,0,0,0,0,0,0,0,0,0,0,0,0,0,0,0,0,0,0,0,0,0,0,0,0,0,0,0,0,0,0,0,3,3,5,5,5,13,15,15,15,15,16,16,20,20,20,23,26,28,28,30,30,30,33,35,36,36,36,37,40,42,43,43,47,48,48,49,49,49,49,49,49,49,49,49,49,49,51,51,52,52,52,52,54,54,54,54,55,56,57,58,59,62,64,68,70,73,73,73,74,76,76,77,83,85,85,87,87,88,98,101,104,104,108,110,111,114,117,119,120
84029033,US,USA,840,29033.0,Carroll,Missouri,US,39.42762566,-93.50626255,"Carroll, Missouri, US",0,0,0,0,0,0,0,0,0,0,0,0,0,0,0,0,0,0,0,0,0,0,0,0,0,0,0,0,0,0,0,0,0,0,0,0,0,0,0,0,0,0,0,0,0,0,0,0,0,0,0,0,0,0,0,0,0,0,0,0,0,0,0,0,0,0,0,0,0,0,0,0,0,0,0,0,0,0,0,0,0,0,0,0,0,0,0,0,0,0,0,1,1,3,3,3,3,3,3,3,3,3,3,3,2,2,3,3,3,3,3,4,4,4,7,7,7,7,7,7,7,7,7,7,7,7,7,8,8,8,8,8,8,8,9,9,9,9,9,9,9,9,9,10,10,10,11,11,11,11,11,11
84029035,US,USA,840,29035.0,Carter,Missouri,US,36.94160441,-90.96051322,"Carter, Missouri, US",0,0,0,0,0,0,0,0,0,0,0,0,0,0,0,0,0,0,0,0,0,0,0,0,0,0,0,0,0,0,0,0,0,0,0,0,0,0,0,0,0,0,0,0,0,0,0,0,0,0,0,0,0,0,0,0,0,0,0,0,0,0,0,0,1,1,2,2,2,4,4,4,4,3,4,3,3,3,3,3,3,3,3,3,3,3,3,3,3,3,3,3,3,3,3,3,3,3,3,3,3,3,3,3,3,3,3,3,3,3,3,3,3,3,3,3,3,3,4,4,4,4,4,5,5,5,5,5,5,5,5,5,5,5,5,5,5,5,5,5,5,5,5,5,5,5,5,5,5,6,6,6
84029037,US,USA,840,29037.0,Cass,Missouri,US,38.64789422,-94.353399,"Cass, Missouri, US",0,0,0,0,0,0,0,0,0,0,0,0,0,0,0,0,0,0,0,0,0,0,0,0,0,0,0,0,0,0,0,0,0,0,0,0,0,0,0,0,0,0,0,0,0,0,0,0,0,0,0,0,0,0,0,1,2,2,6,6,6,6,6,8,8,8,8,8,9,14,17,21,21,22,22,26,25,25,26,27,34,37,42,45,45,47,50,53,53,53,54,55,55,55,58,58,58,61,61,62,63,63,63,63,64,64,65,65,69,69,69,69,69,71,72,72,72,72,72,74,75,77,77,79,80,82,82,85,85,89,90,93,96,97,100,100,102,102,104,105,108,110,111,111,111,114,115,109,110,112,116,116
84029039,US,USA,840,29039.0,Cedar,Missouri,US,37.72391475,-93.85445441,"Cedar, Missouri, US",0,0,0,0,0,0,0,0,0,0,0,0,0,0,0,0,0,0,0,0,0,0,0,0,0,0,0,0,0,0,0,0,0,0,0,0,0,0,0,0,0,0,0,0,0,0,0,0,0,0,0,0,0,0,0,0,0,0,0,0,0,0,0,0,0,0,0,0,5,5,5,5,5,5,5,4,7,7,8,5,5,5,5,5,5,5,5,5,5,5,5,5,5,5,5,5,5,5,5,5,5,5,5,5,5,7,9,9,9,9,9,9,9,9,9,9,9,9,9,9,9,9,9,9,9,9,9,9,9,9,9,9,9,9,9,9,9,9,9,9,9,9,9,9,9,9,9,9,9,9,9,9
84029041,US,USA,840,29041.0,Chariton,Missouri,US,39.51499357,-92.9629191,"Chariton, Missouri, US",0,0,0,0,0,0,0,0,0,0,0,0,0,0,0,0,0,0,0,0,0,0,0,0,0,0,0,0,0,0,0,0,0,0,0,0,0,0,0,0,0,0,0,0,0,0,0,0,0,0,0,0,0,0,0,0,0,0,0,0,0,0,0,0,0,1,1,1,3,4,4,4,4,4,4,4,4,4,4,4,4,4,4,4,4,4,4,4,4,4,4,4,4,5,5,5,5,5,5,5,5,5,5,5,5,5,6,5,5,5,5,5,6,6,6,6,6,6,6,6,6,6,6,6,6,6,6,6,6,6,6,6,6,6,6,6,6,6,6,6,6,6,6,6,6,6,6,6,6,6,6,6
84029043,US,USA,840,29043.0,Christian,Missouri,US,36.9711783,-93.18537118,"Christian, Missouri, US",0,0,0,0,0,0,0,0,0,0,0,0,0,0,0,0,0,0,0,0,0,0,0,0,0,0,0,0,0,0,0,0,0,0,0,0,0,0,0,0,0,0,0,0,0,0,0,0,0,0,0,0,0,0,0,0,0,2,2,2,2,2,2,1,2,3,7,7,12,12,12,12,12,16,16,17,17,17,17,17,17,17,17,19,19,19,19,19,19,19,19,19,19,19,19,19,19,19,19,19,19,19,19,19,19,19,20,20,20,20,20,21,21,21,21,21,21,21,21,21,21,21,21,21,21,21,21,21,21,23,23,24,24,27,29,29,29,29,29,29,29,29,29,29,29,30,30,30,31,31,32,32
84029045,US,USA,840,29045.0,Clark,Missouri,US,40.41040752,-91.73661677,"Clark, Missouri, US",0,0,0,0,0,0,0,0,0,0,0,0,0,0,0,0,0,0,0,0,0,0,0,0,0,0,0,0,0,0,0,0,0,0,0,0,0,0,0,0,0,0,0,0,0,0,0,0,0,0,0,0,0,0,0,0,0,0,0,0,0,0,0,0,0,0,0,0,0,0,0,0,0,1,1,1,1,1,1,1,1,1,1,1,1,1,1,1,1,1,1,1,1,1,1,1,1,1,1,1,1,1,1,1,1,1,1,1,1,1,1,1,1,1,1,1,1,1,1,1,1,1,1,1,1,1,1,1,1,1,1,1,1,1,1,1,1,1,1,1,2,2,1,1,1,1,1,1,1,1,1,1
84029047,US,USA,840,29047.0,Clay,Missouri,US,39.31132056,-94.41850862,"Clay, Missouri, US",0,0,0,0,0,0,0,0,0,0,0,0,0,0,0,0,0,0,0,0,0,0,0,0,0,0,0,0,0,0,0,0,0,0,0,0,0,0,0,0,0,0,0,0,0,0,0,0,0,0,0,0,0,0,0,0,0,0,0,0,0,3,3,2,5,9,10,11,13,16,21,23,23,32,32,37,37,37,37,42,46,48,51,51,51,52,55,56,57,59,61,61,62,63,65,67,68,69,69,70,72,75,76,80,84,85,91,90,96,96,96,96,102,105,111,116,116,117,123,125,127,133,141,149,149,149,158,162,167,171,173,173,173,177,181,186,226,233,240,249,254,262,284,288,288,293,299,301,319,334,342,342
84029049,US,USA,840,29049.0,Clinton,Missouri,US,39.6013098,-94.40465394,"Clinton, Missouri, US",0,0,0,0,0,0,0,0,0,0,0,0,0,0,0,0,0,0,0,0,0,0,0,0,0,0,0,0,0,0,0,0,0,0,0,0,0,0,0,0,0,0,0,0,0,0,0,0,0,0,0,0,0,0,0,0,0,0,0,0,0,1,1,1,1,1,1,1,4,4,5,6,6,7,7,8,8,8,11,10,11,11,11,11,11,11,11,11,11,11,11,11,11,11,11,11,11,11,11,11,11,11,11,11,11,13,13,14,14,14,14,14,14,14,14,14,17,17,17,18,18,18,18,18,18,18,18,18,18,18,18,18,18,18,20,20,20,20,20,20,20,20,19,20,20,21,21,21,23,22,23,23
84029051,US,USA,840,29051.0,Cole,Missouri,US,38.50455671,-92.27860244,"Cole, Missouri, US",0,0,0,0,0,0,0,0,0,0,0,0,0,0,0,0,0,0,0,0,0,0,0,0,0,0,0,0,0,0,0,0,0,0,0,0,0,0,0,0,0,0,0,0,0,0,0,0,0,0,0,0,0,0,0,1,1,2,2,3,3,5,5,6,8,10,17,17,25,25,25,25,25,28,28,31,32,32,35,35,36,36,37,38,38,41,42,44,46,46,46,46,47,49,50,50,50,50,50,51,51,53,54,54,52,53,55,54,54,56,56,56,56,56,56,56,56,56,56,56,56,58,59,59,60,60,60,60,60,60,60,61,61,61,61,61,61,61,61,61,61,61,57,57,57,57,57,57,57,58,60,60
84029053,US,USA,840,29053.0,Cooper,Missouri,US,38.844478,-92.80896081,"Cooper, Missouri, US",0,0,0,0,0,0,0,0,0,0,0,0,0,0,0,0,0,0,0,0,0,0,0,0,0,0,0,0,0,0,0,0,0,0,0,0,0,0,0,0,0,0,0,0,0,0,0,0,0,0,0,0,0,0,0,0,0,0,0,0,0,0,0,1,1,1,1,1,1,2,2,2,2,2,2,2,2,2,2,3,4,4,4,4,4,4,4,4,4,4,5,5,5,7,7,7,7,7,7,7,9,9,9,9,9,9,9,9,9,9,9,9,9,9,9,9,9,9,9,9,9,9,9,9,9,9,9,9,9,9,9,9,9,9,9,9,9,9,9,9,9,9,9,9,9,9,9,11,12,12,12,12
84029055,US,USA,840,29055.0,Crawford,Missouri,US,37.97663738,-91.30528104,"Crawford, Missouri, US",0,0,0,0,0,0,0,0,0,0,0,0,0,0,0,0,0,0,0,0,0,0,0,0,0,0,0,0,0,0,0,0,0,0,0,0,0,0,0,0,0,0,0,0,0,0,0,0,0,0,0,0,0,0,0,0,0,0,0,0,0,0,0,0,0,0,0,0,1,1,1,1,1,2,2,3,3,3,5,4,4,4,4,5,5,5,6,6,6,6,5,5,6,7,7,7,7,7,7,8,8,8,8,8,8,8,8,8,8,8,8,8,8,8,8,8,9,9,9,9,9,9,9,9,9,9,9,9,9,9,9,9,9,9,9,9,9,9,9,9,9,9,8,8,8,9,9,9,10,10,10,10
84029057,US,USA,840,29057.0,Dade,Missouri,US,37.431814,-93.8503345,"Dade, Missouri, US",0,0,0,0,0,0,0,0,0,0,0,0,0,0,0,0,0,0,0,0,0,0,0,0,0,0,0,0,0,0,0,0,0,0,0,0,0,0,0,0,0,0,0,0,0,0,0,0,0,0,0,0,0,0,0,0,0,0,0,0,0,0,0,0,0,0,0,0,0,0,0,0,0,0,0,0,0,0,0,0,0,0,0,0,0,0,0,0,0,0,0,0,0,0,0,0,0,0,0,0,0,0,0,0,0,0,0,0,0,0,0,0,0,0,0,0,0,0,0,0,0,0,0,0,0,0,0,0,0,0,0,0,0,0,0,0,0,0,0,0,0,0,0,0,0,1,1,1,1,1,1,1
84029059,US,USA,840,29059.0,Dallas,Missouri,US,37.681135499999996,-93.02127031,"Dallas, Missouri, US",0,0,0,0,0,0,0,0,0,0,0,0,0,0,0,0,0,0,0,0,0,0,0,0,0,0,0,0,0,0,0,0,0,0,0,0,0,0,0,0,0,0,0,0,0,0,0,0,0,0,0,0,0,0,0,0,0,0,0,0,0,0,0,0,0,0,0,0,0,0,0,0,0,0,0,1,1,1,1,2,2,2,2,2,2,2,2,2,2,2,2,2,2,2,2,2,2,2,2,2,2,2,2,2,2,2,2,2,2,2,2,2,2,2,2,2,2,2,3,3,3,3,3,3,3,3,3,3,3,3,3,3,3,3,4,4,4,5,5,6,6,6,6,6,6,6,6,6,7,9,9,9
84029061,US,USA,840,29061.0,Daviess,Missouri,US,39.96145298,-93.98519678,"Daviess, Missouri, US",0,0,0,0,0,0,0,0,0,0,0,0,0,0,0,0,0,0,0,0,0,0,0,0,0,0,0,0,0,0,0,0,0,0,0,0,0,0,0,0,0,0,0,0,0,0,0,0,0,0,0,0,0,0,0,0,0,0,0,0,0,0,0,0,0,0,0,0,0,0,0,0,0,0,0,0,0,0,0,0,0,0,0,0,0,0,2,2,2,2,2,2,2,2,2,2,2,2,2,2,2,3,3,3,3,3,3,3,3,3,3,3,3,3,3,3,3,3,3,3,3,4,4,4,4,4,4,4,4,4,4,4,4,4,4,5,5,5,5,6,7,7,7,7,7,7,7,7,7,7,7,7
84029063,US,USA,840,29063.0,DeKalb,Missouri,US,39.89201062,-94.40476508,"DeKalb, Missouri, US",0,0,0,0,0,0,0,0,0,0,0,0,0,0,0,0,0,0,0,0,0,0,0,0,0,0,0,0,0,0,0,0,0,0,0,0,0,0,0,0,0,0,0,0,0,0,0,0,0,0,0,0,0,0,0,0,0,0,0,0,0,0,0,0,0,0,0,0,0,0,1,1,1,1,1,1,1,1,2,3,3,3,3,3,3,3,3,3,3,3,3,3,3,3,3,3,3,3,3,3,3,3,3,3,3,3,3,4,4,4,4,4,4,4,4,4,4,4,4,5,5,5,5,5,5,6,6,6,6,6,6,6,6,6,6,6,7,7,7,7,7,7,7,8,8,9,9,9,9,10,10,10
84029065,US,USA,840,29065.0,Dent,Missouri,US,37.60663134,-91.50790473,"Dent, Missouri, US",0,0,0,0,0,0,0,0,0,0,0,0,0,0,0,0,0,0,0,0,0,0,0,0,0,0,0,0,0,0,0,0,0,0,0,0,0,0,0,0,0,0,0,0,0,0,0,0,0,0,0,0,0,0,0,0,0,0,0,0,0,0,0,0,0,0,0,0,0,0,0,0,0,0,0,0,0,0,0,0,0,0,0,0,0,0,0,0,0,0,0,0,0,0,0,0,0,0,0,0,0,0,0,0,0,0,0,0,0,0,0,0,0,0,0,0,0,0,0,0,0,0,0,0,0,0,0,0,0,0,0,0,0,0,0,0,0,0,0,0,0,0,1,1,1,1,1,1,1,1,1,1
84029067,US,USA,840,29067.0,Douglas,Missouri,US,36.9325593,-92.49905109,"Douglas, Missouri, US",0,0,0,0,0,0,0,0,0,0,0,0,0,0,0,0,0,0,0,0,0,0,0,0,0,0,0,0,0,0,0,0,0,0,0,0,0,0,0,0,0,0,0,0,0,0,0,0,0,0,0,0,0,0,0,0,0,0,0,0,0,0,0,0,0,0,0,0,0,0,0,0,0,0,0,0,0,0,0,0,0,0,0,0,0,0,0,0,0,0,0,0,0,0,0,0,0,0,0,0,0,0,0,0,0,0,0,0,0,0,0,0,0,0,0,0,0,0,0,0,0,0,0,0,0,0,0,0,0,0,0,0,0,0,0,0,0,0,0,0,0,0,3,3,3,3,3,3,3,3,3,3
84029069,US,USA,840,29069.0,Dunklin,Missouri,US,36.27167174,-90.09122243,"Dunklin, Missouri, US",0,0,0,0,0,0,0,0,0,0,0,0,0,0,0,0,0,0,0,0,0,0,0,0,0,0,0,0,0,0,0,0,0,0,0,0,0,0,0,0,0,0,0,0,0,0,0,0,0,0,0,0,0,0,0,0,0,0,1,1,1,1,1,1,2,3,3,3,6,6,6,6,6,7,7,8,8,9,9,12,13,14,16,16,17,18,18,19,19,19,19,19,19,19,19,20,20,20,21,21,21,22,23,23,24,23,23,24,24,24,24,24,24,24,24,25,25,26,26,26,26,25,28,28,30,31,31,32,33,38,38,45,45,45,47,48,48,49,49,49,52,54,54,55,55,61,64,64,65,66,79,79
84029071,US,USA,840,29071.0,Franklin,Missouri,US,38.41127108,-91.07522826,"Franklin, Missouri, US",0,0,0,0,0,0,0,0,0,0,0,0,0,0,0,0,0,0,0,0,0,0,0,0,0,0,0,0,0,0,0,0,0,0,0,0,0,0,0,0,0,0,0,0,0,0,0,0,0,0,0,0,0,0,0,0,0,0,0,0,0,0,0,3,4,4,6,7,7,13,16,19,19,24,24,33,35,35,56,68,83,83,84,87,87,89,91,95,98,99,102,105,105,106,106,106,106,110,112,114,114,119,122,125,127,132,137,129,129,129,130,131,133,134,134,134,134,135,135,136,137,137,138,138,140,140,140,140,140,139,139,141,142,143,149,149,150,150,153,156,156,164,166,166,166,168,172,173,178,180,188,188
84029073,US,USA,840,29073.0,Gasconade,Missouri,US,38.43947277,-91.50847147,"Gasconade, Missouri, US",0,0,0,0,0,0,0,0,0,0,0,0,0,0,0,0,0,0,0,0,0,0,0,0,0,0,0,0,0,0,0,0,0,0,0,0,0,0,0,0,0,0,0,0,0,0,0,0,0,0,0,0,0,0,0,0,0,0,0,0,0,0,0,0,0,0,0,0,0,0,1,1,1,2,2,2,2,2,2,2,2,2,2,2,2,2,2,2,2,2,2,2,2,2,2,2,2,2,2,2,3,3,3,3,2,2,2,2,2,2,2,2,2,2,2,2,2,2,2,2,2,2,2,2,2,2,2,2,2,2,2,2,2,2,2,2,2,2,2,2,2,2,2,2,2,2,2,2,2,3,4,4
84029075,US,USA,840,29075.0,Gentry,Missouri,US,40.21097916,-94.40944419,"Gentry, Missouri, US",0,0,0,0,0,0,0,0,0,0,0,0,0,0,0,0,0,0,0,0,0,0,0,0,0,0,0,0,0,0,0,0,0,0,0,0,0,0,0,0,0,0,0,0,0,0,0,0,0,0,0,0,0,0,0,0,0,0,0,0,0,0,0,0,0,0,0,0,0,0,0,0,0,0,1,1,1,1,1,1,1,1,1,1,1,1,1,1,1,1,1,1,1,1,1,1,1,1,1,1,1,1,1,1,1,1,1,1,1,1,1,1,1,2,2,2,3,3,3,4,4,6,6,17,17,19,21,25,26,26,31,35,41,41,43,46,52,52,54,54,54,54,54,54,54,54,54,54,54,54,54,55
84029077,US,USA,840,29077.0,Greene,Missouri,US,37.2575872,-93.34230916,"Greene, Missouri, US",0,0,0,0,0,0,0,0,0,0,0,0,0,0,0,0,0,0,0,0,0,0,0,0,0,0,0,0,0,0,0,0,0,0,0,0,0,0,0,0,0,0,0,0,0,0,0,0,0,0,0,1,1,2,3,3,4,6,8,8,10,17,19,23,25,31,41,46,48,48,51,54,54,64,64,69,72,72,74,76,77,79,79,80,80,81,87,88,90,90,92,92,92,93,93,93,93,93,95,96,96,97,97,99,99,99,99,103,103,103,103,103,104,105,105,105,105,107,107,111,112,117,121,122,122,125,125,128,139,148,151,155,155,164,167,171,174,174,176,179,183,184,185,188,188,193,197,199,210,214,218,225
84029079,US,USA,840,29079.0,Grundy,Missouri,US,40.11406587,-93.56509276,"Grundy, Missouri, US",0,0,0,0,0,0,0,0,0,0,0,0,0,0,0,0,0,0,0,0,0,0,0,0,0,0,0,0,0,0,0,0,0,0,0,0,0,0,0,0,0,0,0,0,0,0,0,0,0,0,0,0,0,0,0,0,0,0,0,0,0,0,0,0,0,0,0,0,0,0,0,0,0,0,0,0,0,0,0,0,0,0,0,0,0,0,0,0,0,0,0,0,0,0,0,0,0,0,0,0,0,0,0,0,0,0,0,0,0,0,0,0,0,0,0,0,0,0,0,0,0,0,0,0,0,0,0,0,0,0,0,0,0,0,0,0,0,0,0,0,0,0,8,12,12,12,11,11,12,16,17,17
84029081,US,USA,840,29081.0,Harrison,Missouri,US,40.35570088,-93.99222144,"Harrison, Missouri, US",0,0,0,0,0,0,0,0,0,0,0,0,0,0,0,0,0,0,0,0,0,0,0,0,0,0,0,0,0,0,0,0,0,0,0,0,0,0,0,0,0,0,0,0,0,0,0,0,0,0,0,0,0,0,0,0,0,0,0,0,0,0,0,0,0,0,0,0,0,1,1,2,2,2,2,3,4,4,4,6,6,6,6,6,6,6,6,6,6,6,6,6,6,6,6,6,6,6,6,6,6,6,6,6,6,6,6,6,6,6,6,6,7,7,7,7,7,7,8,8,8,8,8,8,8,9,9,9,9,9,9,9,9,9,9,9,9,9,9,9,9,9,9,9,9,9,9,9,9,9,9,9
84029083,US,USA,840,29083.0,Henry,Missouri,US,38.38482826,-93.79293734,"Henry, Missouri, US",0,0,0,0,0,0,0,0,0,0,0,0,0,0,0,0,0,0,0,0,0,0,0,0,0,0,0,0,0,0,0,0,0,0,0,0,0,0,0,0,0,0,0,0,0,0,0,0,0,0,0,0,1,1,1,1,1,1,1,1,1,1,1,1,1,1,1,1,1,1,1,1,1,1,1,2,2,2,2,2,4,4,4,5,5,6,6,6,6,6,6,6,6,6,6,8,8,8,8,8,8,7,7,7,8,8,8,9,9,9,9,9,9,9,9,9,9,9,9,9,9,9,9,10,10,10,10,10,11,12,12,12,12,12,12,12,12,12,12,12,15,15,16,16,16,16,17,18,17,17,17,17
84029085,US,USA,840,29085.0,Hickory,Missouri,US,37.94163617,-93.3203037,"Hickory, Missouri, US",0,0,0,0,0,0,0,0,0,0,0,0,0,0,0,0,0,0,0,0,0,0,0,0,0,0,0,0,0,0,0,0,0,0,0,0,0,0,0,0,0,0,0,0,0,0,0,0,0,0,0,0,0,0,0,0,0,0,0,0,0,0,0,0,0,0,0,0,0,0,0,0,0,0,0,0,0,0,0,0,0,0,0,0,0,0,0,0,0,0,0,0,0,0,0,0,0,0,0,0,0,0,0,0,0,0,0,0,0,0,0,0,0,0,0,0,0,0,0,0,0,0,0,0,0,0,0,0,0,0,0,0,0,0,0,0,0,0,0,0,0,0,0,0,0,0,0,0,0,0,0,0
84029087,US,USA,840,29087.0,Holt,Missouri,US,40.09799248,-95.21638879999999,"Holt, Missouri, US",0,0,0,0,0,0,0,0,0,0,0,0,0,0,0,0,0,0,0,0,0,0,0,0,0,0,0,0,0,0,0,0,0,0,0,0,0,0,0,0,0,0,0,0,0,0,0,0,0,0,0,0,0,0,0,0,0,0,0,0,0,0,0,0,0,0,0,0,0,0,0,0,0,0,0,0,0,0,0,0,0,0,0,0,0,1,1,1,1,1,1,1,1,1,1,1,1,1,1,1,1,1,1,1,1,1,1,1,1,1,1,1,1,1,1,1,1,1,1,1,1,1,1,1,1,1,1,1,1,1,2,2,2,2,2,2,2,2,2,2,2,2,1,1,1,1,1,1,1,1,2,2
84029089,US,USA,840,29089.0,Howard,Missouri,US,39.1435761,-92.69756691,"Howard, Missouri, US",0,0,0,0,0,0,0,0,0,0,0,0,0,0,0,0,0,0,0,0,0,0,0,0,0,0,0,0,0,0,0,0,0,0,0,0,0,0,0,0,0,0,0,0,0,0,0,0,0,0,0,0,0,0,0,0,0,0,0,0,0,0,0,0,0,0,0,0,0,0,0,0,0,0,0,0,1,1,1,1,1,1,2,2,2,2,2,2,2,2,2,2,2,2,2,2,2,2,2,2,2,2,2,2,2,2,3,3,3,3,3,3,3,3,3,3,3,3,3,3,3,3,3,3,3,3,3,3,3,3,3,3,3,3,3,3,3,3,3,3,3,3,3,3,3,3,3,3,3,3,3,3
84029091,US,USA,840,29091.0,Howell,Missouri,US,36.77383887,-91.88683935,"Howell, Missouri, US",0,0,0,0,0,0,0,0,0,0,0,0,0,0,0,0,0,0,0,0,0,0,0,0,0,0,0,0,0,0,0,0,0,0,0,0,0,0,0,0,0,0,0,0,0,0,0,0,0,0,0,0,0,0,0,0,0,0,0,0,0,0,0,0,0,0,0,0,0,0,0,1,1,1,1,1,4,4,4,4,4,4,4,4,4,5,5,5,5,5,5,5,5,5,5,5,5,5,5,5,5,5,5,5,5,5,5,5,5,5,5,5,5,5,5,5,5,5,5,5,5,5,5,5,5,5,5,6,6,7,7,7,9,9,10,11,12,12,15,15,17,18,19,20,20,26,27,28,29,31,30,30
84029093,US,USA,840,29093.0,Iron,Missouri,US,37.55487945,-90.7735296,"Iron, Missouri, US",0,0,0,0,0,0,0,0,0,0,0,0,0,0,0,0,0,0,0,0,0,0,0,0,0,0,0,0,0,0,0,0,0,0,0,0,0,0,0,0,0,0,0,0,0,0,0,0,0,0,0,0,0,0,0,0,0,0,0,0,0,0,0,0,0,0,0,0,0,0,0,0,0,0,0,0,0,0,0,0,1,1,1,1,1,1,1,1,2,2,2,2,2,2,2,2,2,2,2,2,2,2,2,2,2,2,2,2,2,2,2,2,2,2,2,2,2,2,2,2,2,2,2,2,2,2,2,2,2,2,2,3,3,3,3,3,3,3,3,3,3,3,2,2,2,2,2,2,2,2,2,2
84029095,US,USA,840,29095.0,Jackson,Missouri,US,39.01002188,-94.34724536,"Jackson, Missouri, US",0,0,0,0,0,0,0,0,0,0,0,0,0,0,0,0,0,0,0,0,0,0,0,0,0,0,0,0,0,0,0,0,0,0,0,0,0,0,0,0,0,0,0,0,0,0,0,0,0,0,0,0,0,0,0,1,3,3,8,8,8,10,14,17,31,41,43,48,56,77,86,103,103,135,135,155,162,162,167,199,217,225,225,237,237,260,267,268,268,271,279,288,287,300,303,307,309,309,313,315,328,339,342,335,347,362,373,380,390,398,388,402,401,395,425,432,446,454,457,457,469,485,495,517,520,528,515,554,560,570,596,613,637,656,676,686,696,702,716,727,752,782,791,819,819,865,889,916,933,976,1016,1018
84029097,US,USA,840,29097.0,Jasper,Missouri,US,37.20351921,-94.34050458,"Jasper,Missouri,US",0,0,0,0,0,0,0,0,0,0,0,0,0,0,0,0,0,0,0,0,0,0,0,0,0,0,0,0,0,0,0,0,0,0,0,0,0,0,0,0,0,0,0,0,0,0,0,0,0,0,0,0,0,0,0,0,0,0,0,1,1,1,1,2,2,2,4,6,6,7,7,7,9,11,11,13,15,15,16,20,22,18,25,27,27,28,28,28,28,28,29,30,30,24,24,24,24,24,24,24,24,25,25,25,24,24,24,24,28,28,28,29,29,29,29,29,29,29,29,29,29,32,32,32,32,32,33,33,36,36,37,37,38,39,44,46,50,56,62,70,79,87,107,122,122,139,178,184,192,196,239,266
84029099,US,USA,840,29099.0,Jefferson,Missouri,US,38.25926778,-90.53870896,"Jefferson, Missouri, US",0,0,0,0,0,0,0,0,0,0,0,0,0,0,0,0,0,0,0,0,0,0,0,0,0,0,0,0,0,0,0,0,0,0,0,0,0,0,0,0,0,0,0,0,0,0,0,0,0,0,0,0,0,0,0,0,0,0,0,0,0,0,4,5,10,15,17,17,18,30,38,47,47,69,69,81,92,93,95,107,117,124,129,139,139,155,179,183,214,222,231,238,244,251,253,258,266,267,273,274,277,279,285,290,293,301,304,307,309,309,309,310,314,316,318,326,328,330,331,331,333,334,337,337,337,344,345,348,349,349,349,363,390,395,396,398,398,398,407,411,411,427,374,376,376,378,381,388,389,391,401,401
84029101,US,USA,840,29101.0,Johnson,Missouri,US,38.74719601,-93.80691168,"Johnson, Missouri, US",0,0,0,0,0,0,0,0,0,0,0,0,0,0,0,0,0,0,0,0,0,0,0,0,0,0,0,0,0,0,0,0,0,0,0,0,0,0,0,0,0,0,0,0,0,0,0,0,0,0,0,0,0,0,0,0,0,0,0,0,1,1,1,2,8,8,9,10,10,19,19,26,26,29,29,32,33,33,35,36,41,37,45,45,45,45,48,48,48,50,52,52,52,53,53,53,54,54,54,54,55,57,59,59,60,60,62,62,63,63,63,65,65,69,71,71,71,72,72,72,72,72,72,72,73,73,73,74,76,76,76,76,76,77,77,77,77,77,78,78,78,79,79,80,80,80,81,84,87,90,89,89
84029103,US,USA,840,29103.0,Knox,Missouri,US,40.12699751,-92.14780832,"Knox, Missouri, US",0,0,0,0,0,0,0,0,0,0,0,0,0,0,0,0,0,0,0,0,0,0,0,0,0,0,0,0,0,0,0,0,0,0,0,0,0,0,0,0,0,0,0,0,0,0,0,0,0,0,0,0,0,0,0,0,0,0,0,0,0,0,0,0,0,0,0,0,0,0,0,0,0,0,0,0,0,0,0,0,0,0,0,0,0,0,0,0,0,0,0,0,0,0,0,0,0,0,0,0,0,0,0,0,0,0,0,0,0,0,0,0,0,0,0,0,0,0,0,0,0,0,0,0,0,0,0,0,0,0,0,0,0,0,0,0,0,0,0,0,0,0,2,2,2,2,2,2,2,2,2,2
84029105,US,USA,840,29105.0,Laclede,Missouri,US,37.65896829,-92.5888493,"Laclede, Missouri, US",0,0,0,0,0,0,0,0,0,0,0,0,0,0,0,0,0,0,0,0,0,0,0,0,0,0,0,0,0,0,0,0,0,0,0,0,0,0,0,0,0,0,0,0,0,0,0,0,0,0,0,0,0,0,0,0,0,0,0,0,0,0,0,0,0,0,0,0,0,0,0,0,0,0,0,0,0,0,0,0,0,0,0,0,0,0,0,0,0,0,0,0,0,0,0,0,0,0,0,0,0,0,0,0,0,0,0,0,1,2,2,3,3,3,3,3,3,3,3,3,3,3,3,3,3,3,3,3,3,3,4,5,7,7,7,7,7,7,7,7,7,8,9,9,9,9,9,10,12,12,16,16
84029107,US,USA,840,29107.0,Lafayette,Missouri,US,39.06986886,-93.78076396,"Lafayette, Missouri, US",0,0,0,0,0,0,0,0,0,0,0,0,0,0,0,0,0,0,0,0,0,0,0,0,0,0,0,0,0,0,0,0,0,0,0,0,0,0,0,0,0,0,0,0,0,0,0,0,0,0,0,0,0,0,0,0,0,0,0,0,0,1,1,2,2,4,4,4,17,19,20,20,20,26,26,28,28,28,27,28,28,28,28,28,28,29,29,29,30,30,30,30,33,33,33,35,35,35,36,37,38,39,42,45,47,50,58,59,60,62,62,62,65,67,68,68,68,68,68,69,69,69,69,69,70,71,72,73,73,73,74,74,75,76,80,80,81,81,81,83,83,83,84,85,85,85,85,86,86,86,86,86
84029109,US,USA,840,29109.0,Lawrence,Missouri,US,37.10626634,-93.83293097,"Lawrence, Missouri, US",0,0,0,0,0,0,0,0,0,0,0,0,0,0,0,0,0,0,0,0,0,0,0,0,0,0,0,0,0,0,0,0,0,0,0,0,0,0,0,0,0,0,0,0,0,0,0,0,0,0,0,0,0,0,0,0,0,0,0,0,0,0,0,0,0,0,0,0,0,0,0,0,0,0,0,0,0,0,0,0,0,0,0,0,0,0,0,0,0,0,0,0,0,0,0,0,0,0,0,0,0,0,0,0,1,1,2,7,7,7,7,7,7,7,7,7,7,7,8,8,8,8,8,8,8,8,8,8,8,8,8,8,8,8,8,8,8,8,8,8,8,8,7,7,7,7,8,8,10,11,11,13
84029111,US,USA,840,29111.0,Lewis,Missouri,US,40.09673161,-91.72070156,"Lewis, Missouri, US",0,0,0,0,0,0,0,0,0,0,0,0,0,0,0,0,0,0,0,0,0,0,0,0,0,0,0,0,0,0,0,0,0,0,0,0,0,0,0,0,0,0,0,0,0,0,0,0,0,0,0,0,0,0,0,0,0,0,0,0,0,0,0,0,0,0,0,0,0,0,0,0,0,0,0,0,0,0,0,0,0,0,0,0,0,0,0,0,0,0,1,1,6,6,6,6,6,6,6,6,6,6,6,6,6,6,6,6,6,6,6,6,6,6,7,7,7,7,7,7,7,7,7,7,7,7,7,7,7,7,7,7,7,7,7,7,7,7,7,7,7,7,7,7,7,7,7,7,7,7,7,7
84029113,US,USA,840,29113.0,Lincoln,Missouri,US,39.05345619,-90.95588181,"Lincoln, Missouri, US",0,0,0,0,0,0,0,0,0,0,0,0,0,0,0,0,0,0,0,0,0,0,0,0,0,0,0,0,0,0,0,0,0,0,0,0,0,0,0,0,0,0,0,0,0,0,0,0,0,0,0,0,0,0,0,0,0,0,0,0,0,0,0,0,1,2,2,2,5,7,10,12,12,16,16,18,24,24,25,26,26,26,26,33,35,35,35,35,35,56,59,59,58,60,67,68,68,70,71,70,70,70,70,74,74,74,77,77,77,77,103,103,103,103,103,103,105,105,105,105,105,106,106,106,106,106,109,109,109,109,109,109,118,118,118,118,121,121,121,121,121,121,88,87,87,87,87,90,91,91,91,91
84029115,US,USA,840,29115.0,Linn,Missouri,US,39.87001769,-93.10704106,"Linn, Missouri, US",0,0,0,0,0,0,0,0,0,0,0,0,0,0,0,0,0,0,0,0,0,0,0,0,0,0,0,0,0,0,0,0,0,0,0,0,0,0,0,0,0,0,0,0,0,0,0,0,0,0,0,0,0,0,0,0,0,0,0,0,0,0,0,0,0,0,0,0,0,0,0,0,0,0,0,2,3,3,3,3,3,3,4,5,5,5,5,5,5,5,5,5,5,5,5,5,5,5,5,5,5,5,5,5,5,5,5,5,5,5,5,5,5,5,5,5,5,5,5,5,5,5,5,6,6,6,6,6,6,9,9,9,9,10,10,10,10,10,10,10,11,11,11,11,11,11,11,12,13,13,13,13
84029117,US,USA,840,29117.0,Livingston,Missouri,US,39.78110272,-93.54645978,"Livingston, Missouri, US",0,0,0,0,0,0,0,0,0,0,0,0,0,0,0,0,0,0,0,0,0,0,0,0,0,0,0,0,0,0,0,0,0,0,0,0,0,0,0,0,0,0,0,0,0,0,0,0,0,0,0,0,0,0,0,0,0,0,0,0,0,0,0,0,0,0,0,0,1,1,1,1,1,1,1,1,1,1,1,1,1,1,1,2,2,2,2,2,2,2,2,2,2,2,2,2,2,2,2,2,2,2,2,2,3,4,4,3,3,3,3,3,3,3,3,3,3,3,3,3,3,3,3,3,3,3,3,3,3,3,3,3,3,3,3,4,5,5,5,5,5,5,4,7,7,6,6,6,6,6,6,7
84029119,US,USA,840,29119.0,McDonald,Missouri,US,36.62869595,-94.34867205,"McDonald, Missouri, US",0,0,0,0,0,0,0,0,0,0,0,0,0,0,0,0,0,0,0,0,0,0,0,0,0,0,0,0,0,0,0,0,0,0,0,0,0,0,0,0,0,0,0,0,0,0,0,0,0,0,0,0,0,0,0,0,0,0,0,0,0,0,0,1,1,1,1,1,2,2,2,2,2,2,2,3,3,3,3,4,4,3,4,4,4,4,4,4,4,4,4,4,5,4,4,4,4,4,4,4,4,4,4,4,4,4,4,4,4,4,5,5,5,6,7,7,7,13,14,14,14,15,15,17,17,17,18,19,20,20,20,22,22,22,22,23,25,26,29,40,42,46,63,70,70,78,98,116,124,132,170,366
84029121,US,USA,840,29121.0,Macon,Missouri,US,39.83049768,-92.56453089,"Macon, Missouri, US",0,0,0,0,0,0,0,0,0,0,0,0,0,0,0,0,0,0,0,0,0,0,0,0,0,0,0,0,0,0,0,0,0,0,0,0,0,0,0,0,0,0,0,0,0,0,0,0,0,0,0,0,0,0,0,0,0,0,0,0,0,0,0,0,0,0,0,0,1,3,3,3,3,3,3,2,2,2,2,2,2,2,2,2,2,2,2,2,2,2,2,2,2,2,2,2,2,2,2,2,2,2,2,2,2,2,3,2,2,2,2,2,2,2,2,2,2,2,2,2,2,2,2,2,2,2,2,3,4,4,4,4,5,6,6,6,6,6,6,6,6,6,6,7,7,7,7,7,7,7,7,7
84029123,US,USA,840,29123.0,Madison,Missouri,US,37.47865134,-90.34671429999999,"Madison, Missouri, US",0,0,0,0,0,0,0,0,0,0,0,0,0,0,0,0,0,0,0,0,0,0,0,0,0,0,0,0,0,0,0,0,0,0,0,0,0,0,0,0,0,0,0,0,0,0,0,0,0,0,0,0,0,0,0,0,0,0,0,0,0,0,0,0,0,0,0,0,0,0,0,0,0,0,0,1,1,1,1,1,1,1,1,1,1,1,1,1,1,1,1,1,1,1,1,1,1,1,1,1,1,1,1,1,2,2,2,2,3,3,3,3,3,3,3,3,3,3,3,3,3,3,3,3,3,3,3,3,3,3,3,3,3,3,3,3,3,3,3,3,3,3,3,3,3,3,3,3,3,3,3,3
84029125,US,USA,840,29125.0,Maries,Missouri,US,38.16193985,-91.92249662,"Maries, Missouri, US",0,0,0,0,0,0,0,0,0,0,0,0,0,0,0,0,0,0,0,0,0,0,0,0,0,0,0,0,0,0,0,0,0,0,0,0,0,0,0,0,0,0,0,0,0,0,0,0,0,0,0,0,0,0,0,0,0,0,0,0,0,0,0,0,0,0,0,1,1,1,2,2,2,2,2,2,2,2,2,2,2,2,2,2,2,2,2,2,2,2,2,2,2,2,2,2,2,2,2,2,2,2,2,2,2,2,2,2,2,2,2,2,2,2,2,2,2,2,2,2,2,2,2,2,2,2,2,2,2,2,2,2,2,2,2,2,2,2,2,2,2,2,2,2,2,2,2,2,2,2,2,2
84029127,US,USA,840,29127.0,Marion,Missouri,US,39.80601912,-91.62203062,"Marion, Missouri, US",0,0,0,0,0,0,0,0,0,0,0,0,0,0,0,0,0,0,0,0,0,0,0,0,0,0,0,0,0,0,0,0,0,0,0,0,0,0,0,0,0,0,0,0,0,0,0,0,0,0,0,0,0,0,0,0,0,0,0,0,0,0,0,0,0,0,0,0,0,0,0,0,0,0,0,0,0,0,0,0,0,0,0,0,0,0,0,0,0,0,3,4,4,4,4,5,5,5,5,5,5,5,5,5,4,5,5,5,5,5,5,5,5,5,5,5,5,5,5,5,5,5,5,5,5,5,5,5,5,5,5,5,5,5,5,5,5,5,5,6,6,7,7,8,8,8,8,9,9,10,11,11
84029129,US,USA,840,29129.0,Mercer,Missouri,US,40.42212303,-93.56829590000001,"Mercer, Missouri, US",0,0,0,0,0,0,0,0,0,0,0,0,0,0,0,0,0,0,0,0,0,0,0,0,0,0,0,0,0,0,0,0,0,0,0,0,0,0,0,0,0,0,0,0,0,0,0,0,0,0,0,0,0,0,0,0,0,0,0,0,0,0,0,0,0,0,0,0,0,0,0,0,0,0,0,0,0,0,0,0,0,0,0,0,0,0,0,0,0,0,0,0,0,0,0,0,0,0,0,0,0,0,0,0,0,0,0,0,0,0,0,0,0,0,0,0,0,0,0,0,0,0,0,0,0,0,0,0,0,0,0,0,0,0,0,0,0,0,0,0,0,0,5,5,5,5,5,5,5,5,5,5
84029131,US,USA,840,29131.0,Miller,Missouri,US,38.21450288,-92.42610898,"Miller, Missouri, US",0,0,0,0,0,0,0,0,0,0,0,0,0,0,0,0,0,0,0,0,0,0,0,0,0,0,0,0,0,0,0,0,0,0,0,0,0,0,0,0,0,0,0,0,0,0,0,0,0,0,0,0,0,0,0,0,0,0,0,0,0,0,0,0,0,0,0,0,0,0,0,0,0,0,0,0,0,0,0,0,0,0,0,0,0,0,1,1,1,1,1,1,1,1,1,1,1,1,1,1,1,2,2,2,2,2,3,3,3,3,3,4,4,4,4,4,4,4,4,4,4,4,4,4,4,4,4,4,4,4,4,4,4,4,4,4,4,4,4,4,5,5,4,4,4,6,7,7,8,8,10,10
84029133,US,USA,840,29133.0,Mississippi,Missouri,US,36.82516239,-89.29505753,"Mississippi, Missouri, US",0,0,0,0,0,0,0,0,0,0,0,0,0,0,0,0,0,0,0,0,0,0,0,0,0,0,0,0,0,0,0,0,0,0,0,0,0,0,0,0,0,0,0,0,0,0,0,0,0,0,0,0,0,0,0,0,0,0,0,0,0,0,0,0,0,0,0,0,0,0,0,0,0,0,0,0,0,0,0,0,0,0,0,0,0,0,0,0,0,0,0,1,3,3,23,23,23,23,23,29,29,29,29,29,29,32,33,49,49,49,49,49,49,49,49,49,49,49,49,49,50,53,54,54,54,54,54,55,56,56,58,58,59,59,61,61,61,61,63,65,66,68,70,71,71,74,75,75,77,77,77,77
84029135,US,USA,840,29135.0,Moniteau,Missouri,US,38.63571781,-92.57976951,"Moniteau, Missouri, US",0,0,0,0,0,0,0,0,0,0,0,0,0,0,0,0,0,0,0,0,0,0,0,0,0,0,0,0,0,0,0,0,0,0,0,0,0,0,0,0,0,0,0,0,0,0,0,0,0,0,0,0,0,0,0,0,0,0,0,0,0,1,1,2,2,2,3,4,2,2,2,2,2,2,2,4,4,4,4,4,4,4,4,4,4,12,19,36,39,39,53,59,59,59,59,59,52,52,52,52,52,52,52,52,51,51,51,43,44,44,44,44,44,44,44,44,44,44,44,44,44,44,45,45,45,45,45,46,46,46,47,47,48,48,49,49,49,49,49,49,49,49,49,49,49,49,49,49,49,49,49,49
84029137,US,USA,840,29137.0,Monroe,Missouri,US,39.49593978,-92.00043978,"Monroe, Missouri, US",0,0,0,0,0,0,0,0,0,0,0,0,0,0,0,0,0,0,0,0,0,0,0,0,0,0,0,0,0,0,0,0,0,0,0,0,0,0,0,0,0,0,0,0,0,0,0,0,0,0,0,0,0,0,0,0,0,0,0,0,0,0,0,0,0,0,0,0,0,0,0,0,0,0,0,0,0,0,0,0,0,0,0,0,0,0,0,0,0,0,0,0,0,0,0,0,0,0,0,0,0,0,0,0,0,0,0,0,0,0,0,0,0,0,0,0,0,0,0,0,0,0,0,0,0,0,0,0,0,0,0,0,0,0,0,0,0,0,0,0,0,0,3,3,3,3,3,3,3,4,5,5
84029139,US,USA,840,29139.0,Montgomery,Missouri,US,38.94022054,-91.47000721,"Montgomery, Missouri, US",0,0,0,0,0,0,0,0,0,0,0,0,0,0,0,0,0,0,0,0,0,0,0,0,0,0,0,0,0,0,0,0,0,0,0,0,0,0,0,0,0,0,0,0,0,0,0,0,0,0,0,0,0,0,0,0,0,0,0,0,0,0,0,1,2,3,3,3,2,2,2,2,2,4,4,5,5,5,5,6,6,6,6,6,6,6,7,7,7,7,7,7,7,7,7,7,7,7,7,7,7,7,7,7,7,7,7,7,7,7,7,7,7,7,7,7,7,7,7,7,7,7,8,8,8,8,8,9,9,9,9,9,9,9,10,10,11,11,13,13,13,13,12,12,12,12,12,12,12,13,13,13
84029141,US,USA,840,29141.0,Morgan,Missouri,US,38.4181765,-92.88791859,"Morgan, Missouri, US",0,0,0,0,0,0,0,0,0,0,0,0,0,0,0,0,0,0,0,0,0,0,0,0,0,0,0,0,0,0,0,0,0,0,0,0,0,0,0,0,0,0,0,0,0,0,0,0,0,0,0,0,0,0,0,0,0,0,0,0,0,0,0,0,0,0,0,0,1,1,1,1,1,1,1,1,1,1,1,1,1,1,1,1,1,2,2,2,2,2,2,3,3,3,3,3,3,3,3,3,4,5,5,5,5,6,6,7,7,7,7,7,7,7,7,8,8,8,8,8,8,8,8,8,9,9,9,9,9,9,9,9,9,9,9,9,9,9,9,9,9,9,9,9,9,9,9,11,12,12,12,12
84029143,US,USA,840,29143.0,New Madrid,Missouri,US,36.59666326,-89.66070007,"New Madrid, Missouri, US",0,0,0,0,0,0,0,0,0,0,0,0,0,0,0,0,0,0,0,0,0,0,0,0,0,0,0,0,0,0,0,0,0,0,0,0,0,0,0,0,0,0,0,0,0,0,0,0,0,0,0,0,0,0,0,0,0,0,0,0,0,0,0,0,0,0,0,0,0,0,0,1,1,1,1,2,5,5,5,6,6,8,8,8,8,8,8,8,9,9,9,9,9,9,9,9,9,9,9,9,9,10,10,11,11,11,11,11,12,12,12,13,13,13,13,14,14,14,14,14,14,15,17,17,17,17,17,19,20,21,21,21,21,21,21,21,21,21,22,23,24,28,32,35,35,35,34,34,34,34,34,36
84029145,US,USA,840,29145.0,Newton,Missouri,US,36.90519407,-94.3394104,"Newton, Missouri, US",0,0,0,0,0,0,0,0,0,0,0,0,0,0,0,0,0,0,0,0,0,0,0,0,0,0,0,0,0,0,0,0,0,0,0,0,0,0,0,0,0,0,0,0,0,0,0,0,0,0,0,0,0,0,0,0,0,0,0,0,0,0,0,1,3,3,4,4,4,5,5,6,6,6,6,6,6,6,6,7,8,8,8,9,9,9,9,9,9,9,10,10,10,10,10,10,10,10,10,10,10,10,10,10,11,11,11,11,11,11,11,11,12,12,13,13,13,16,16,16,16,16,16,16,16,16,16,16,16,16,18,19,20,21,21,23,26,26,28,36,44,47,49,62,62,79,84,88,108,123,177,265
84029147,US,USA,840,29147.0,Nodaway,Missouri,US,40.36079813,-94.88133008,"Nodaway, Missouri, US",0,0,0,0,0,0,0,0,0,0,0,0,0,0,0,0,0,0,0,0,0,0,0,0,0,0,0,0,0,0,0,0,0,0,0,0,0,0,0,0,0,0,0,0,0,0,0,0,0,0,0,0,0,0,0,0,0,0,0,0,0,0,0,0,0,0,0,0,0,0,0,0,1,1,2,2,2,2,2,2,2,2,2,3,3,3,3,3,3,3,3,3,3,3,3,3,3,3,3,3,3,4,4,4,4,5,5,5,5,5,5,5,5,5,5,5,5,5,6,8,8,8,8,12,12,12,12,12,12,13,13,14,14,14,14,14,14,14,14,14,14,15,15,15,15,15,15,16,18,17,17,17
84029149,US,USA,840,29149.0,Oregon,Missouri,US,36.68710164,-91.4033755,"Oregon, Missouri, US",0,0,0,0,0,0,0,0,0,0,0,0,0,0,0,0,0,0,0,0,0,0,0,0,0,0,0,0,0,0,0,0,0,0,0,0,0,0,0,0,0,0,0,0,0,0,0,0,0,0,0,0,0,0,0,0,0,0,0,0,0,0,0,0,0,0,0,0,0,0,0,0,0,0,0,0,1,1,1,1,1,1,1,1,1,1,1,1,1,1,1,1,1,1,1,1,1,1,1,1,1,2,2,2,2,2,2,2,2,2,2,2,2,2,2,2,2,2,2,2,2,2,2,2,2,2,2,2,2,2,2,2,2,2,2,2,2,2,2,2,2,3,3,4,4,4,4,6,6,6,6,6
84029151,US,USA,840,29151.0,Osage,Missouri,US,38.46036182,-91.8613635,"Osage, Missouri, US",0,0,0,0,0,0,0,0,0,0,0,0,0,0,0,0,0,0,0,0,0,0,0,0,0,0,0,0,0,0,0,0,0,0,0,0,0,0,0,0,0,0,0,0,0,0,0,0,0,0,0,0,0,0,0,0,0,0,0,0,0,0,0,0,0,0,0,0,1,1,2,2,2,2,2,3,4,4,4,4,4,4,4,4,4,4,4,4,4,4,5,5,5,5,5,5,5,5,5,5,5,5,5,5,5,5,5,5,5,5,5,5,5,5,5,5,5,5,5,5,5,5,5,5,5,5,5,5,5,5,5,5,5,5,5,5,5,5,6,6,6,6,5,5,5,5,5,5,5,5,5,5
84029153,US,USA,840,29153.0,Ozark,Missouri,US,36.64916339,-92.44459066,"Ozark, Missouri, US",0,0,0,0,0,0,0,0,0,0,0,0,0,0,0,0,0,0,0,0,0,0,0,0,0,0,0,0,0,0,0,0,0,0,0,0,0,0,0,0,0,0,0,0,0,0,0,0,0,0,0,0,0,0,0,0,0,0,0,0,0,0,0,0,0,0,0,0,0,0,0,0,0,0,0,0,0,0,0,0,0,0,0,0,0,0,0,0,0,0,0,0,0,0,0,0,0,0,0,0,0,0,0,0,0,0,0,0,0,0,0,0,0,0,0,0,0,0,0,0,0,0,0,0,0,0,0,0,0,0,0,0,0,0,0,0,0,0,0,0,0,0,0,0,0,0,0,0,0,0,1,1
84029155,US,USA,840,29155.0,Pemiscot,Missouri,US,36.2130572,-89.78742322,"Pemiscot, Missouri, US",0,0,0,0,0,0,0,0,0,0,0,0,0,0,0,0,0,0,0,0,0,0,0,0,0,0,0,0,0,0,0,0,0,0,0,0,0,0,0,0,0,0,0,0,0,0,0,0,0,0,0,0,0,0,0,0,0,0,0,0,0,0,1,1,1,1,1,1,2,2,2,3,3,3,3,3,3,3,4,4,4,4,8,8,8,11,11,12,13,13,13,17,18,18,18,18,19,21,25,28,32,32,32,40,46,48,55,57,57,63,65,65,67,67,68,68,68,68,70,70,70,72,72,72,72,76,76,76,76,78,83,87,88,89,90,90,91,91,94,97,99,99,99,102,102,104,104,104,105,105,105,105
84029157,US,USA,840,29157.0,Perry,Missouri,US,37.70660776,-89.82741088,"Perry, Missouri, US",0,0,0,0,0,0,0,0,0,0,0,0,0,0,0,0,0,0,0,0,0,0,0,0,0,0,0,0,0,0,0,0,0,0,0,0,0,0,0,0,0,0,0,0,0,0,0,0,0,0,0,0,0,0,0,0,0,0,0,0,0,1,2,2,4,6,7,7,12,14,18,19,19,22,22,28,28,31,31,31,34,35,36,38,38,41,41,41,41,41,38,38,38,39,39,41,41,41,43,43,43,43,43,43,43,44,44,45,45,45,45,45,46,46,46,46,46,47,47,47,48,48,49,49,49,49,50,50,55,57,57,61,63,64,65,69,69,70,71,75,75,79,80,84,84,85,86,87,87,88,91,102
84029159,US,USA,840,29159.0,Pettis,Missouri,US,38.72798918,-93.28471706,"Pettis, Missouri, US",0,0,0,0,0,0,0,0,0,0,0,0,0,0,0,0,0,0,0,0,0,0,0,0,0,0,0,0,0,0,0,0,0,0,0,0,0,0,0,0,0,0,0,0,0,0,0,0,0,0,0,0,0,0,0,0,0,0,0,0,0,0,0,0,0,1,1,1,1,1,1,1,1,2,2,2,3,3,3,4,4,3,3,3,3,8,10,13,13,13,14,21,16,25,25,27,27,31,34,35,36,41,43,48,53,55,56,57,64,64,67,68,69,70,70,70,69,69,70,70,70,70,70,70,70,72,72,78,78,78,78,78,79,79,79,79,79,81,81,83,84,84,84,85,85,86,89,89,94,95,98,98
84029161,US,USA,840,29161.0,Phelps,Missouri,US,37.87736118,-91.79351727,"Phelps, Missouri, US",0,0,0,0,0,0,0,0,0,0,0,0,0,0,0,0,0,0,0,0,0,0,0,0,0,0,0,0,0,0,0,0,0,0,0,0,0,0,0,0,0,0,0,0,0,0,0,0,0,0,0,0,0,0,0,0,0,0,0,0,0,0,0,0,0,0,0,0,0,0,0,0,0,0,1,1,1,1,1,1,1,1,1,1,1,1,1,1,1,1,1,1,1,1,1,2,2,2,2,2,2,2,2,2,3,3,3,2,2,2,2,2,2,2,2,2,2,2,3,3,3,4,4,4,4,4,4,4,4,4,4,4,4,5,5,5,5,5,5,5,6,6,6,6,6,6,6,7,7,6,7,7
84029163,US,USA,840,29163.0,Pike,Missouri,US,39.34310674,-91.16980779,"Pike, Missouri, US",0,0,0,0,0,0,0,0,0,0,0,0,0,0,0,0,0,0,0,0,0,0,0,0,0,0,0,0,0,0,0,0,0,0,0,0,0,0,0,0,0,0,0,0,0,0,0,0,0,0,0,0,0,0,0,0,0,0,0,0,0,0,0,0,0,0,0,0,1,1,1,1,2,2,2,2,4,4,4,5,6,6,6,6,6,6,6,6,6,6,6,6,6,6,7,8,9,9,10,11,11,11,11,11,11,12,12,13,13,13,13,13,13,14,14,14,14,14,14,14,14,14,14,14,14,15,16,17,17,19,22,22,25,27,27,28,28,28,28,28,29,29,31,31,31,32,31,31,31,33,33,33
84029165,US,USA,840,29165.0,Platte,Missouri,US,39.38154439,-94.77068479,"Platte, Missouri, US",0,0,0,0,0,0,0,0,0,0,0,0,0,0,0,0,0,0,0,0,0,0,0,0,0,0,0,0,0,0,0,0,0,0,0,0,0,0,0,0,0,0,0,0,0,0,0,0,0,0,0,0,0,0,0,0,0,0,0,0,0,1,2,2,5,5,6,6,7,9,12,13,13,14,14,17,17,18,19,25,25,25,25,26,26,27,27,27,27,27,27,27,28,30,31,31,31,31,32,32,32,34,34,34,36,36,38,39,40,41,45,45,50,50,54,54,54,54,58,60,62,63,63,65,67,67,68,69,70,70,70,70,73,73,74,77,77,77,79,80,81,84,89,97,97,98,99,99,101,102,102,102
84029167,US,USA,840,29167.0,Polk,Missouri,US,37.616229600000004,-93.39828174,"Polk, Missouri, US",0,0,0,0,0,0,0,0,0,0,0,0,0,0,0,0,0,0,0,0,0,0,0,0,0,0,0,0,0,0,0,0,0,0,0,0,0,0,0,0,0,0,0,0,0,0,0,0,0,0,0,0,0,0,0,0,0,0,0,0,0,0,0,0,0,0,0,0,0,0,0,0,0,0,0,0,1,1,1,1,1,1,1,1,1,1,1,1,1,1,1,1,1,1,1,1,1,1,1,1,1,1,1,1,1,1,1,1,1,1,1,1,1,1,1,2,2,2,2,2,2,2,3,3,3,3,3,3,3,3,3,3,3,3,4,4,4,4,4,4,4,7,7,8,8,10,9,10,11,10,10,10
84029169,US,USA,840,29169.0,Pulaski,Missouri,US,37.82462075,-92.20783203,"Pulaski, Missouri, US",0,0,0,0,0,0,0,0,0,0,0,0,0,0,0,0,0,0,0,0,0,0,0,0,0,0,0,0,0,0,0,0,0,0,0,0,0,0,0,0,0,0,0,0,0,0,0,0,0,0,0,0,0,0,0,0,0,1,1,1,1,1,4,4,4,4,5,5,7,7,8,8,8,10,10,11,12,12,12,11,11,11,11,12,16,18,25,29,31,31,31,31,30,33,33,33,33,33,34,34,36,36,36,36,36,36,36,36,36,36,36,36,36,36,36,36,35,33,33,33,33,33,33,33,33,33,34,34,34,34,34,35,35,39,39,39,107,107,107,109,109,109,106,106,106,106,106,106,106,106,106,106
84029171,US,USA,840,29171.0,Putnam,Missouri,US,40.47942497,-93.02042674,"Putnam, Missouri, US",0,0,0,0,0,0,0,0,0,0,0,0,0,0,0,0,0,0,0,0,0,0,0,0,0,0,0,0,0,0,0,0,0,0,0,0,0,0,0,0,0,0,0,0,0,0,0,0,0,0,0,0,0,0,0,0,0,0,0,0,0,0,0,0,0,0,0,0,0,0,0,0,0,0,0,0,0,0,0,0,0,0,0,0,0,0,0,0,0,0,0,0,0,0,0,0,0,0,0,0,0,0,0,0,0,0,0,0,0,0,0,0,0,0,0,0,0,0,0,0,0,0,0,0,0,0,0,0,0,0,0,0,0,0,0,0,0,0,0,0,0,0,1,1,1,1,2,2,2,2,2,2
84029173,US,USA,840,29173.0,Ralls,Missouri,US,39.52817427,-91.51838643,"Ralls, Missouri, US",0,0,0,0,0,0,0,0,0,0,0,0,0,0,0,0,0,0,0,0,0,0,0,0,0,0,0,0,0,0,0,0,0,0,0,0,0,0,0,0,0,0,0,0,0,0,0,0,0,0,0,0,0,0,0,0,0,0,0,0,0,0,0,1,1,1,1,1,1,1,1,1,1,1,1,1,1,1,1,1,1,1,1,1,1,1,1,1,1,1,1,1,1,1,1,1,1,1,1,1,1,1,1,1,1,1,1,1,1,1,1,2,2,2,2,2,2,2,2,2,2,2,2,2,2,3,3,3,3,3,5,5,5,5,5,5,5,5,5,5,5,5,5,5,5,5,5,5,5,5,6,6
84029175,US,USA,840,29175.0,Randolph,Missouri,US,39.44007257,-92.49713740000001,"Randolph, Missouri, US",0,0,0,0,0,0,0,0,0,0,0,0,0,0,0,0,0,0,0,0,0,0,0,0,0,0,0,0,0,0,0,0,0,0,0,0,0,0,0,0,0,0,0,0,0,0,0,0,0,0,0,0,0,0,0,0,0,0,0,0,0,0,1,1,1,1,1,1,1,2,2,2,2,7,7,7,7,7,7,8,8,8,8,8,8,8,8,8,8,8,8,8,8,8,8,8,8,8,8,8,8,8,8,8,8,8,8,8,8,8,8,8,8,8,8,8,8,8,8,8,8,8,8,9,9,9,9,9,9,10,10,10,10,10,10,10,10,10,10,10,10,10,10,10,10,11,11,11,12,12,12,12
84029177,US,USA,840,29177.0,Ray,Missouri,US,39.353746799999996,-93.98905745,"Ray, Missouri, US",0,0,0,0,0,0,0,0,0,0,0,0,0,0,0,0,0,0,0,0,0,0,0,0,0,0,0,0,0,0,0,0,0,0,0,0,0,0,0,0,0,0,0,0,0,0,0,0,0,0,0,0,0,0,0,0,0,0,0,0,0,0,0,0,0,1,1,1,1,1,1,1,1,3,3,4,7,7,7,7,7,7,7,7,7,7,7,7,7,7,7,7,10,10,10,11,11,12,12,12,12,12,12,12,12,12,12,12,12,12,12,12,12,12,12,13,13,14,14,14,14,15,15,16,16,18,19,19,19,19,19,19,19,22,23,23,23,23,23,24,24,24,24,25,25,25,25,25,25,25,25,25
84029179,US,USA,840,29179.0,Reynolds,Missouri,US,37.36085952,-90.97009925,"Reynolds, Missouri, US",0,0,0,0,0,0,0,0,0,0,0,0,0,0,0,0,0,0,0,0,0,0,0,0,0,0,0,0,0,0,0,0,0,0,0,0,0,0,0,0,0,0,0,0,0,0,0,0,0,0,0,0,0,0,0,0,0,0,0,0,0,0,0,0,0,0,0,0,2,2,2,2,2,2,2,2,2,2,2,2,2,2,2,2,2,2,2,2,2,2,2,2,2,2,2,2,2,2,2,2,2,2,2,2,2,2,2,2,2,2,2,2,2,2,2,2,2,2,2,2,2,2,2,2,2,2,2,2,2,2,2,2,2,2,2,2,2,2,2,2,2,2,2,2,2,2,2,2,3,2,2,2
84029181,US,USA,840,29181.0,Ripley,Missouri,US,36.65460667,-90.85990261,"Ripley, Missouri, US",0,0,0,0,0,0,0,0,0,0,0,0,0,0,0,0,0,0,0,0,0,0,0,0,0,0,0,0,0,0,0,0,0,0,0,0,0,0,0,0,0,0,0,0,0,0,0,0,0,0,0,0,0,0,0,0,0,0,0,0,0,0,0,0,0,0,0,2,2,2,2,2,2,2,2,2,2,2,2,3,3,3,3,3,3,3,3,4,4,4,3,4,4,4,5,5,5,5,5,5,5,5,5,5,5,5,5,5,5,5,5,5,5,6,6,6,6,7,7,7,7,7,7,7,7,7,7,7,7,7,7,7,8,10,10,11,11,11,11,11,11,11,12,11,11,11,11,12,12,12,14,14
84029183,US,USA,840,29183.0,St. Charles,Missouri,US,38.77875681,-90.66662425,"St. Charles, Missouri, US",0,0,0,0,0,0,0,0,0,0,0,0,0,0,0,0,0,0,0,0,0,0,0,0,0,0,0,0,0,0,0,0,0,0,0,0,0,0,0,0,0,0,0,0,0,0,0,0,0,0,0,0,0,0,0,0,0,1,1,2,3,4,8,12,24,32,37,43,56,71,93,105,105,151,151,188,237,271,283,325,348,366,380,384,400,416,426,438,443,458,469,474,487,516,524,526,572,572,596,596,591,608,608,612,626,631,646,655,663,665,673,673,680,688,688,688,695,704,712,712,712,722,730,741,743,748,755,763,768,775,780,787,791,799,820,821,836,838,844,852,871,879,882,890,890,910,922,926,933,943,951,954
84029185,US,USA,840,29185.0,St. Clair,Missouri,US,38.03699437,-93.77631447,"St. Clair, Missouri, US",0,0,0,0,0,0,0,0,0,0,0,0,0,0,0,0,0,0,0,0,0,0,0,0,0,0,0,0,0,0,0,0,0,0,0,0,0,0,0,0,0,0,0,0,0,0,0,0,0,0,0,0,0,0,0,0,0,0,0,0,0,0,0,0,0,0,0,0,0,0,0,0,0,0,0,0,0,0,0,2,2,2,2,2,2,2,2,2,2,2,2,2,2,2,2,2,2,2,2,2,2,2,2,2,2,2,2,2,2,2,2,2,2,2,2,2,2,2,3,3,3,3,3,3,3,3,3,3,3,3,3,3,3,3,3,3,3,3,3,3,3,3,2,2,2,2,2,2,2,2,2,2
84029186,US,USA,840,29186.0,Ste. Genevieve,Missouri,US,37.89090059,-90.1949941,"Ste. Genevieve, Missouri, US",0,0,0,0,0,0,0,0,0,0,0,0,0,0,0,0,0,0,0,0,0,0,0,0,0,0,0,0,0,0,0,0,0,0,0,0,0,0,0,0,0,0,0,0,0,0,0,0,0,0,0,0,0,0,0,0,0,0,0,0,0,0,0,0,0,0,0,0,0,2,3,3,3,6,6,6,6,6,6,6,6,7,7,7,7,7,7,7,7,7,7,7,7,7,7,7,7,7,7,7,8,8,8,9,9,9,9,8,8,8,8,8,8,8,8,8,8,8,8,8,8,8,8,8,8,9,9,9,11,12,12,12,12,12,12,12,12,12,12,12,13,13,13,14,14,14,14,14,14,14,16,16
84029187,US,USA,840,29187.0,St. Francois,Missouri,US,37.81214171,-90.47598685,"St. Francois, Missouri, US",0,0,0,0,0,0,0,0,0,0,0,0,0,0,0,0,0,0,0,0,0,0,0,0,0,0,0,0,0,0,0,0,0,0,0,0,0,0,0,0,0,0,0,0,0,0,0,0,0,0,0,0,0,0,0,0,0,0,0,0,0,1,2,2,2,4,4,4,3,5,6,9,9,14,15,17,19,19,20,20,21,23,23,23,23,23,24,24,24,24,24,24,26,26,26,28,28,28,28,28,28,28,28,28,29,29,29,29,33,33,33,33,33,33,33,33,33,33,33,33,33,33,33,33,33,33,33,33,34,35,35,35,36,36,38,38,39,39,41,41,41,41,40,40,40,42,43,43,49,50,50,66
84029189,US,USA,840,29189.0,St. Louis,Missouri,US,38.63770039999999,-90.4458375,"St. Louis, Missouri, US",0,0,0,0,0,0,0,0,0,0,0,0,0,0,0,0,0,0,0,0,0,0,0,0,0,0,0,0,0,0,0,0,0,0,0,0,0,0,0,0,0,0,0,0,0,0,1,1,1,1,1,2,2,2,3,5,7,8,14,22,40,100,120,148,230,302,334,354,556,640,751,827,914,995,1055,1245,1364,1467,1573,1721,1804,1845,1915,1968,2045,2137,2215,2295,2347,2419,2499,2576,2712,2808,2893,2972,3037,3106,3161,3274,3376,3445,3527,3573,3643,3772,3826,3888,3941,3969,4006,4046,4137,4193,4278,4325,4350,4401,4432,4509,4557,4621,4650,4723,4762,4831,4887,4933,4980,5014,5047,5094,5121,5190,5229,5262,5305,5323,5373,5427,5455,5460,5460,5506,5536,5604,5653,5669,5731,5769,5825,5850
84029195,US,USA,840,29195.0,Saline,Missouri,US,39.13734288,-93.20259964,"Saline, Missouri, US",0,0,0,0,0,0,0,0,0,0,0,0,0,0,0,0,0,0,0,0,0,0,0,0,0,0,0,0,0,0,0,0,0,0,0,0,0,0,0,0,0,0,0,0,0,0,0,0,0,0,0,0,0,0,0,0,0,0,0,0,0,0,0,0,0,0,0,0,0,0,0,0,0,2,2,3,5,5,7,18,22,22,23,35,35,51,53,60,64,67,72,96,123,142,143,162,168,170,188,188,192,195,199,204,206,208,211,214,215,219,219,219,227,227,241,247,251,251,257,257,260,262,266,266,267,268,268,268,269,269,269,269,269,269,280,281,283,283,283,283,283,283,270,271,271,270,272,274,277,278,278,278
84029197,US,USA,840,29197.0,Schuyler,Missouri,US,40.46921489,-92.52311943,"Schuyler, Missouri, US",0,0,0,0,0,0,0,0,0,0,0,0,0,0,0,0,0,0,0,0,0,0,0,0,0,0,0,0,0,0,0,0,0,0,0,0,0,0,0,0,0,0,0,0,0,0,0,0,0,0,0,0,0,0,0,0,0,0,0,0,0,0,0,0,0,0,0,0,0,0,0,0,0,0,0,0,0,0,0,0,0,0,0,0,0,0,0,0,0,0,0,0,0,0,0,0,0,0,0,0,0,0,0,0,0,0,0,0,0,0,0,0,0,0,0,0,0,0,0,0,0,0,0,0,0,0,0,0,0,0,0,0,0,0,0,0,0,0,0,0,0,0,1,1,1,1,1,1,1,2,2,4
84029199,US,USA,840,29199.0,Scotland,Missouri,US,40.45214695,-92.14709064,"Scotland, Missouri, US",0,0,0,0,0,0,0,0,0,0,0,0,0,0,0,0,0,0,0,0,0,0,0,0,0,0,0,0,0,0,0,0,0,0,0,0,0,0,0,0,0,0,0,0,0,0,0,0,0,0,0,0,0,0,0,0,0,0,0,0,0,0,0,0,0,0,0,0,0,0,0,0,0,0,0,0,1,1,1,2,3,3,3,3,3,4,4,4,4,4,4,4,4,4,4,4,4,4,4,4,4,4,4,4,4,4,4,4,4,4,4,4,4,4,4,4,4,4,4,4,4,4,4,4,4,4,4,4,4,4,5,6,6,8,8,9,9,9,9,9,9,9,8,8,8,8,8,8,8,8,8,8
84029201,US,USA,840,29201.0,Scott,Missouri,US,37.05588075,-89.56474493,"Scott, Missouri, US",0,0,0,0,0,0,0,0,0,0,0,0,0,0,0,0,0,0,0,0,0,0,0,0,0,0,0,0,0,0,0,0,0,0,0,0,0,0,0,0,0,0,0,0,0,0,0,0,0,0,0,0,0,0,0,0,0,0,1,1,1,1,1,1,1,1,3,3,5,6,6,6,6,7,7,10,10,11,11,13,14,15,24,25,26,41,42,49,51,51,52,59,59,60,60,61,61,62,63,64,70,76,76,76,75,76,77,78,79,80,81,82,83,84,85,86,87,87,86,88,89,91,91,93,93,94,94,98,100,108,110,108,110,113,117,119,121,121,123,127,128,132,134,139,139,145,145,149,149,155,157,159
84029203,US,USA,840,29203.0,Shannon,Missouri,US,37.15772072,-91.40190382,"Shannon, Missouri, US",0,0,0,0,0,0,0,0,0,0,0,0,0,0,0,0,0,0,0,0,0,0,0,0,0,0,0,0,0,0,0,0,0,0,0,0,0,0,0,0,0,0,0,0,0,0,0,0,0,0,0,0,0,0,0,0,0,0,0,0,0,0,0,0,0,0,0,0,0,0,0,0,0,0,0,0,0,0,0,0,0,0,0,0,0,0,0,0,0,0,0,0,0,0,0,0,0,0,0,0,0,0,0,0,0,0,0,0,0,0,0,0,0,0,0,0,0,0,0,0,0,0,0,0,0,0,0,0,0,0,0,0,0,0,0,0,0,0,0,0,0,0,6,6,6,6,6,6,6,6,6,6
84029205,US,USA,840,29205.0,Shelby,Missouri,US,39.79742518,-92.07634971,"Shelby, Missouri, US",0,0,0,0,0,0,0,0,0,0,0,0,0,0,0,0,0,0,0,0,0,0,0,0,0,0,0,0,0,0,0,0,0,0,0,0,0,0,0,0,0,0,0,0,0,0,0,0,0,0,0,0,0,0,0,0,0,0,0,0,0,0,0,1,1,1,1,1,1,1,1,1,1,1,1,1,1,1,1,1,1,1,1,1,1,1,1,1,1,1,1,1,1,1,1,1,1,1,1,1,1,1,1,1,1,1,1,1,1,1,1,1,1,1,1,1,1,1,1,1,1,1,1,1,1,1,1,1,1,1,1,1,1,1,1,1,1,1,1,1,1,1,1,1,1,1,1,1,1,2,2,2
84029207,US,USA,840,29207.0,Stoddard,Missouri,US,36.85571651,-89.9444155,"Stoddard, Missouri, US",0,0,0,0,0,0,0,0,0,0,0,0,0,0,0,0,0,0,0,0,0,0,0,0,0,0,0,0,0,0,0,0,0,0,0,0,0,0,0,0,0,0,0,0,0,0,0,0,0,0,0,0,0,0,0,0,0,0,0,0,0,0,0,0,1,1,1,2,2,3,3,3,3,7,7,7,8,8,8,9,9,9,11,12,12,13,15,16,18,18,19,19,19,19,19,19,19,19,19,19,20,20,20,21,22,24,24,24,29,29,29,29,30,30,34,51,51,53,58,61,64,67,70,70,74,74,74,76,78,79,81,84,87,94,99,105,106,106,106,109,109,109,113,118,118,118,121,124,126,127,126,126
84029209,US,USA,840,29209.0,Stone,Missouri,US,36.75000327,-93.45256475,"Stone, Missouri, US",0,0,0,0,0,0,0,0,0,0,0,0,0,0,0,0,0,0,0,0,0,0,0,0,0,0,0,0,0,0,0,0,0,0,0,0,0,0,0,0,0,0,0,0,0,0,0,0,0,0,0,0,0,0,0,0,0,0,0,0,0,0,0,0,0,0,0,0,1,1,2,2,2,2,2,3,3,3,3,4,4,3,3,3,3,3,3,3,3,3,3,3,3,3,3,3,3,3,3,3,3,3,3,3,3,3,3,3,3,3,3,3,3,3,3,3,3,4,4,4,4,4,4,4,4,4,4,4,4,4,4,4,5,5,10,10,10,10,10,10,10,10,7,7,7,7,7,7,8,10,10,10
84029211,US,USA,840,29211.0,Sullivan,Missouri,US,40.2099105,-93.11150106,"Sullivan, Missouri, US",0,0,0,0,0,0,0,0,0,0,0,0,0,0,0,0,0,0,0,0,0,0,0,0,0,0,0,0,0,0,0,0,0,0,0,0,0,0,0,0,0,0,0,0,0,0,0,0,0,0,0,0,0,0,0,0,0,0,0,0,0,0,0,0,0,0,0,0,0,0,0,0,0,0,0,0,0,0,0,0,0,0,0,0,0,0,0,0,0,0,0,0,0,0,0,0,0,0,0,0,0,0,0,0,1,1,1,1,1,1,1,2,3,9,13,34,36,36,37,37,38,39,44,49,53,53,53,54,55,57,59,60,61,61,63,63,65,66,67,68,71,71,72,77,77,77,78,91,91,93,96,101
84029213,US,USA,840,29213.0,Taney,Missouri,US,36.65465345,-93.04075153,"Taney, Missouri, US",0,0,0,0,0,0,0,0,0,0,0,0,0,0,0,0,0,0,0,0,0,0,0,0,0,0,0,0,0,0,0,0,0,0,0,0,0,0,0,0,0,0,0,0,0,0,0,0,0,0,0,0,0,0,0,0,0,0,0,0,0,1,1,1,1,1,2,2,2,2,2,2,2,5,5,7,7,7,7,7,7,7,8,8,8,8,8,9,9,9,9,9,10,10,10,10,10,11,11,11,11,12,12,12,12,12,12,12,12,12,12,12,12,12,12,12,12,12,12,12,14,14,14,14,14,14,14,14,14,14,14,14,14,14,14,14,14,14,14,14,14,15,15,15,15,24,26,27,29,30,30,30
84029215,US,USA,840,29215.0,Texas,Missouri,US,37.31728859,-91.96564727,"Texas, Missouri, US",0,0,0,0,0,0,0,0,0,0,0,0,0,0,0,0,0,0,0,0,0,0,0,0,0,0,0,0,0,0,0,0,0,0,0,0,0,0,0,0,0,0,0,0,0,0,0,0,0,0,0,0,0,0,0,0,0,0,0,0,0,0,0,0,0,1,1,1,1,1,1,1,1,1,1,0,0,0,0,0,0,0,0,0,0,0,0,0,0,0,0,0,0,0,0,0,0,0,0,0,0,0,0,0,0,0,0,0,0,0,0,0,0,0,0,0,0,0,0,0,0,0,0,0,0,0,0,0,1,1,1,1,1,1,1,1,1,1,1,1,1,1,1,1,1,1,1,1,1,1,2,2
84029217,US,USA,840,29217.0,Vernon,Missouri,US,37.8457799,-94.34127305,"Vernon, Missouri, US",0,0,0,0,0,0,0,0,0,0,0,0,0,0,0,0,0,0,0,0,0,0,0,0,0,0,0,0,0,0,0,0,0,0,0,0,0,0,0,0,0,0,0,0,0,0,0,0,0,0,0,0,0,0,0,0,0,0,0,0,0,0,0,0,0,0,0,0,0,0,0,0,0,0,0,0,0,0,0,3,3,3,3,3,3,4,4,4,4,4,4,4,4,4,4,4,4,4,4,4,4,4,4,4,4,5,5,4,4,4,4,4,4,4,4,5,5,5,5,6,7,7,7,7,7,9,9,9,9,9,9,9,10,10,10,10,10,11,12,12,12,12,12,12,12,12,12,12,12,12,12,12
84029219,US,USA,840,29219.0,Warren,Missouri,US,38.76529479,-91.16124662,"Warren, Missouri, US",0,0,0,0,0,0,0,0,0,0,0,0,0,0,0,0,0,0,0,0,0,0,0,0,0,0,0,0,0,0,0,0,0,0,0,0,0,0,0,0,0,0,0,0,0,0,0,0,0,0,0,0,0,0,0,0,0,0,0,0,0,0,0,0,0,0,0,2,2,5,6,7,7,7,7,9,11,13,13,13,13,13,17,17,17,17,18,21,22,22,22,22,22,22,22,22,22,22,22,22,22,22,22,22,26,26,26,28,28,28,28,28,28,28,28,28,28,28,28,28,28,28,28,28,28,28,28,28,28,28,28,28,28,28,28,29,29,29,29,30,31,31,31,30,30,30,32,32,32,32,33,33
84029221,US,USA,840,29221.0,Washington,Missouri,US,37.96130078,-90.87948158,"Washington, Missouri, US",0,0,0,0,0,0,0,0,0,0,0,0,0,0,0,0,0,0,0,0,0,0,0,0,0,0,0,0,0,0,0,0,0,0,0,0,0,0,0,0,0,0,0,0,0,0,0,0,0,0,0,0,0,0,0,0,0,0,0,0,0,0,0,0,0,0,0,0,0,0,0,0,0,0,0,0,0,0,1,1,1,1,1,1,1,3,4,4,4,5,6,6,7,8,8,8,8,8,8,8,8,8,8,9,9,9,9,9,9,9,9,9,9,9,9,9,9,9,9,9,10,10,10,10,10,10,10,10,11,11,11,12,12,12,12,12,13,13,13,13,13,13,13,13,13,13,13,13,14,14,14,14
84029223,US,USA,840,29223.0,Wayne,Missouri,US,37.11303869,-90.46001416,"Wayne, Missouri, US",0,0,0,0,0,0,0,0,0,0,0,0,0,0,0,0,0,0,0,0,0,0,0,0,0,0,0,0,0,0,0,0,0,0,0,0,0,0,0,0,0,0,0,0,0,0,0,0,0,0,0,0,0,0,0,0,0,0,0,0,0,0,0,0,0,0,0,0,0,0,0,0,0,0,0,0,0,0,0,0,0,0,0,0,0,0,0,0,0,0,0,0,0,0,0,0,0,0,0,0,0,0,0,0,0,0,0,0,0,0,0,0,0,0,0,0,0,0,0,0,0,0,0,0,0,0,0,0,0,0,0,0,0,0,0,0,0,0,0,0,0,0,0,0,0,0,0,0,0,0,1,1
84029225,US,USA,840,29225.0,Webster,Missouri,US,37.2813734,-92.876329,"Webster, Missouri, US",0,0,0,0,0,0,0,0,0,0,0,0,0,0,0,0,0,0,0,0,0,0,0,0,0,0,0,0,0,0,0,0,0,0,0,0,0,0,0,0,0,0,0,0,0,0,0,0,0,0,0,0,0,0,0,0,0,0,0,0,0,0,0,0,0,0,0,0,0,2,2,2,2,3,3,3,3,3,3,3,4,4,4,5,5,5,6,8,8,10,10,13,13,13,13,13,13,13,15,15,15,15,15,15,15,15,15,16,16,16,16,16,16,16,16,16,16,17,17,17,17,17,17,17,17,17,17,17,17,17,17,18,18,18,18,18,18,18,18,18,18,18,18,18,18,18,18,19,19,20,20,21
84029227,US,USA,840,29227.0,Worth,Missouri,US,40.47945588,-94.42328751,"Worth, Missouri, US",0,0,0,0,0,0,0,0,0,0,0,0,0,0,0,0,0,0,0,0,0,0,0,0,0,0,0,0,0,0,0,0,0,0,0,0,0,0,0,0,0,0,0,0,0,0,0,0,0,0,0,0,0,0,0,0,0,0,0,0,0,0,0,0,0,0,0,0,0,0,0,0,0,0,0,1,1,1,1,1,1,1,1,1,1,1,1,1,1,1,1,1,1,1,1,1,1,1,1,1,1,1,1,1,1,1,1,1,1,1,1,1,1,1,2,2,2,3,3,3,3,3,3,4,4,4,4,4,4,4,4,4,4,4,4,4,4,4,4,4,4,4,4,4,4,4,4,4,4,4,4,4
84029229,US,USA,840,29229.0,Wright,Missouri,US,37.27029221,-92.46914488,"Wright, Missouri, US",0,0,0,0,0,0,0,0,0,0,0,0,0,0,0,0,0,0,0,0,0,0,0,0,0,0,0,0,0,0,0,0,0,0,0,0,0,0,0,0,0,0,0,0,0,0,0,0,0,0,0,0,0,0,0,0,0,0,0,0,0,0,0,0,0,1,1,3,4,4,4,6,6,6,6,7,7,7,7,7,7,7,8,9,9,9,9,9,9,9,9,9,9,9,9,9,9,9,10,10,10,10,10,10,10,10,10,10,10,10,10,10,10,10,10,10,10,10,11,11,11,11,11,11,11,11,11,11,11,11,11,11,11,11,11,11,13,14,14,14,14,14,14,14,14,14,14,14,14,14,14,14
84029510,US,USA,840,29510.0,St. Louis City,Missouri,US,38.63555736,-90.24349225,"St. Louis City, Missouri, US",0,0,0,0,0,0,0,0,0,0,0,0,0,0,0,0,0,0,0,0,0,0,0,0,0,0,0,0,0,0,0,0,0,0,0,0,0,0,0,0,0,0,0,0,0,0,0,0,0,0,0,0,0,0,1,1,2,5,7,10,14,22,37,53,69,95,102,103,150,195,239,270,297,328,358,440,476,514,565,594,645,698,706,723,743,766,788,810,857,882,908,924,966,1000,1019,1037,1067,1104,1126,1145,1150,1207,1304,1346,1362,1384,1450,1474,1484,1513,1526,1549,1571,1596,1602,1631,1654,1682,1705,1717,1744,1763,1789,1815,1849,1867,1884,1906,1916,1930,1955,1974,1990,2006,2034,2053,2068,2071,2108,2132,2145,2162,2179,2195,2195,2219,2234,2254,2292,2319,2319,2319
84030001,US,USA,840,30001.0,Beaverhead,Montana,US,45.13434354,-112.89846940000001,"Beaverhead, Montana, US",0,0,0,0,0,0,0,0,0,0,0,0,0,0,0,0,0,0,0,0,0,0,0,0,0,0,0,0,0,0,0,0,0,0,0,0,0,0,0,0,0,0,0,0,0,0,0,0,0,0,0,0,0,0,0,0,0,0,0,0,0,0,0,0,0,0,0,0,0,0,0,0,0,1,1,1,1,1,1,1,1,1,1,1,1,1,1,1,1,1,1,1,1,1,1,1,1,1,1,1,1,1,1,1,1,1,1,1,1,1,1,1,1,1,1,1,1,1,1,1,1,1,1,1,1,1,1,1,1,1,1,1,1,1,1,1,1,1,1,1,1,1,1,1,1,1,1,1,1,1,1,1
84030003,US,USA,840,30003.0,Big Horn,Montana,US,45.42335905,-107.492347,"Big Horn, Montana, US",0,0,0,0,0,0,0,0,0,0,0,0,0,0,0,0,0,0,0,0,0,0,0,0,0,0,0,0,0,0,0,0,0,0,0,0,0,0,0,0,0,0,0,0,0,0,0,0,0,0,0,0,0,0,0,0,0,0,0,0,0,0,0,0,0,0,0,0,0,0,0,0,0,0,0,0,0,0,0,1,1,1,1,2,2,3,3,3,3,3,3,3,3,3,3,3,3,3,3,3,3,3,3,3,3,3,3,3,3,3,3,4,4,4,8,8,8,8,8,8,8,8,8,8,8,8,9,12,18,28,29,30,31,31,36,36,36,39,39,41,43,42,43,44,46,47,47,49,53,53,55,59
84030005,US,USA,840,30005.0,Blaine,Montana,US,48.43175214,-108.9582723,"Blaine, Montana, US",0,0,0,0,0,0,0,0,0,0,0,0,0,0,0,0,0,0,0,0,0,0,0,0,0,0,0,0,0,0,0,0,0,0,0,0,0,0,0,0,0,0,0,0,0,0,0,0,0,0,0,0,0,0,0,0,0,0,0,0,0,0,0,0,0,0,0,0,0,0,0,0,0,0,0,0,0,0,0,0,0,0,0,0,0,0,0,0,0,0,0,0,0,0,0,0,0,0,0,0,0,0,0,0,0,0,0,0,0,0,0,0,0,0,0,0,0,0,0,0,0,0,0,0,0,0,0,0,0,0,0,0,0,0,0,0,0,0,0,0,0,0,0,0,0,0,0,0,0,0,0,0
84030007,US,USA,840,30007.0,Broadwater,Montana,US,46.33277565,-111.49558130000001,"Broadwater, Montana, US",0,0,0,0,0,0,0,0,0,0,0,0,0,0,0,0,0,0,0,0,0,0,0,0,0,0,0,0,0,0,0,0,0,0,0,0,0,0,0,0,0,0,0,0,0,0,0,0,0,0,0,0,0,0,0,1,1,1,1,1,1,1,1,2,2,2,2,3,3,3,3,3,3,4,4,4,4,4,4,4,4,4,4,4,4,4,4,4,4,4,4,4,4,4,4,4,4,4,4,4,4,4,4,4,4,4,4,4,4,4,4,4,4,4,4,4,4,4,4,4,4,4,4,4,4,4,4,4,4,4,4,4,4,4,4,4,4,4,4,4,4,4,4,4,4,4,4,4,4,4,4,5
84030009,US,USA,840,30009.0,Carbon,Montana,US,45.22850116,-109.0274047,"Carbon, Montana, US",0,0,0,0,0,0,0,0,0,0,0,0,0,0,0,0,0,0,0,0,0,0,0,0,0,0,0,0,0,0,0,0,0,0,0,0,0,0,0,0,0,0,0,0,0,0,0,0,0,0,0,0,0,0,0,0,0,0,0,0,0,0,0,0,0,0,0,0,0,0,0,1,1,1,1,1,2,3,3,6,6,6,6,6,6,6,6,6,6,6,6,6,6,6,6,6,6,6,6,6,6,6,6,6,6,6,6,6,6,6,6,6,6,6,6,6,6,6,6,6,6,6,6,6,6,6,6,6,6,6,6,6,6,6,6,6,6,6,6,6,6,6,6,6,6,6,6,7,9,10,13,13
84030011,US,USA,840,30011.0,Carter,Montana,US,45.5197966,-104.53955359999999,"Carter, Montana, US",0,0,0,0,0,0,0,0,0,0,0,0,0,0,0,0,0,0,0,0,0,0,0,0,0,0,0,0,0,0,0,0,0,0,0,0,0,0,0,0,0,0,0,0,0,0,0,0,0,0,0,0,0,0,0,0,0,0,0,0,0,0,0,0,0,0,0,0,0,0,0,0,0,0,0,0,0,0,0,0,0,0,0,0,0,0,0,0,0,0,0,0,0,0,0,0,0,0,0,0,0,0,0,0,0,0,0,0,0,0,0,0,0,0,0,0,0,0,0,0,0,0,0,0,0,0,0,0,0,0,0,0,0,0,0,0,0,0,0,0,0,0,0,0,0,0,0,0,0,0,0,0
84030013,US,USA,840,30013.0,Cascade,Montana,US,47.30797024,-111.3467922,"Cascade, Montana, US",0,0,0,0,0,0,0,0,0,0,0,0,0,0,0,0,0,0,0,0,0,0,0,0,0,0,0,0,0,0,0,0,0,0,0,0,0,0,0,0,0,0,0,0,0,0,0,0,0,0,0,0,0,0,0,0,0,0,0,0,3,3,3,3,5,6,7,7,7,9,9,11,11,11,11,11,11,11,12,12,13,13,13,13,13,13,13,13,13,13,13,13,13,13,14,14,14,15,15,15,15,15,15,16,16,16,16,16,16,16,16,17,17,17,17,17,17,17,17,17,17,17,17,17,17,17,17,17,17,17,17,17,17,17,17,17,17,17,17,17,17,17,17,17,18,19,19,20,20,20,21,22
84030015,US,USA,840,30015.0,Chouteau,Montana,US,47.88084126,-110.4353362,"Chouteau, Montana, US",0,0,0,0,0,0,0,0,0,0,0,0,0,0,0,0,0,0,0,0,0,0,0,0,0,0,0,0,0,0,0,0,0,0,0,0,0,0,0,0,0,0,0,0,0,0,0,0,0,0,0,0,0,0,0,0,0,0,0,0,0,0,0,0,0,0,0,0,0,0,0,0,0,0,0,0,0,0,0,0,0,0,0,0,0,0,0,0,0,0,0,0,0,0,0,0,0,0,0,0,0,0,0,0,0,0,0,0,0,0,0,0,0,0,0,0,0,0,0,0,0,0,0,0,0,0,0,0,0,0,0,0,0,0,0,0,0,0,0,0,0,0,0,0,0,0,0,0,0,0,0,0
84030017,US,USA,840,30017.0,Custer,Montana,US,46.25319932,-105.57375259999998,"Custer, Montana, US",0,0,0,0,0,0,0,0,0,0,0,0,0,0,0,0,0,0,0,0,0,0,0,0,0,0,0,0,0,0,0,0,0,0,0,0,0,0,0,0,0,0,0,0,0,0,0,0,0,0,0,0,0,0,0,0,0,0,0,0,0,0,0,0,0,0,0,0,0,0,0,0,0,0,0,0,0,0,0,0,0,0,0,0,0,0,0,0,0,0,0,0,0,0,0,0,0,0,0,0,0,0,0,0,0,0,0,0,0,0,0,0,0,0,0,0,0,0,0,0,0,0,0,0,0,0,0,0,0,0,0,0,0,0,0,0,0,0,0,0,0,0,1,3,8,11,13,19,19,20,21,22
84030019,US,USA,840,30019.0,Daniels,Montana,US,48.78420029,-105.54763429999998,"Daniels, Montana, US",0,0,0,0,0,0,0,0,0,0,0,0,0,0,0,0,0,0,0,0,0,0,0,0,0,0,0,0,0,0,0,0,0,0,0,0,0,0,0,0,0,0,0,0,0,0,0,0,0,0,0,0,0,0,0,0,0,0,0,0,0,0,0,0,0,0,0,0,0,0,0,0,0,0,0,0,0,0,0,0,0,0,0,0,0,0,0,0,0,0,0,0,0,0,0,0,0,0,0,0,0,0,0,0,0,0,0,0,0,0,0,0,0,0,0,0,0,0,0,0,0,0,0,0,0,0,0,0,0,0,0,0,0,0,0,0,0,0,0,0,0,0,0,0,0,0,0,0,0,0,0,0
84030021,US,USA,840,30021.0,Dawson,Montana,US,47.26584855,-104.89444170000002,"Dawson, Montana, US",0,0,0,0,0,0,0,0,0,0,0,0,0,0,0,0,0,0,0,0,0,0,0,0,0,0,0,0,0,0,0,0,0,0,0,0,0,0,0,0,0,0,0,0,0,0,0,0,0,0,0,0,0,0,0,0,0,0,0,0,0,0,0,0,0,0,0,0,0,0,0,0,0,0,0,0,0,0,0,0,0,0,0,0,0,0,0,0,0,0,0,0,0,0,0,0,0,0,0,0,0,0,0,0,0,0,0,0,0,0,0,0,0,0,0,0,0,0,0,0,0,0,0,0,0,0,0,0,0,0,0,0,0,0,0,0,0,0,0,0,0,0,0,0,0,0,0,0,0,0,1,1
84030023,US,USA,840,30023.0,Deer Lodge,Montana,US,46.05953325,-113.073353,"Deer Lodge, Montana, US",0,0,0,0,0,0,0,0,0,0,0,0,0,0,0,0,0,0,0,0,0,0,0,0,0,0,0,0,0,0,0,0,0,0,0,0,0,0,0,0,0,0,0,0,0,0,0,0,0,0,0,0,0,0,0,0,0,0,0,0,0,0,0,0,0,0,0,1,2,3,3,3,3,3,3,3,3,3,4,3,3,3,3,3,3,3,3,3,3,3,3,3,3,3,3,3,3,3,3,3,3,3,3,3,3,3,3,3,3,3,3,3,3,3,3,3,3,3,3,3,3,3,3,3,3,3,3,3,3,3,3,3,3,3,3,3,3,3,3,3,3,3,3,3,3,3,3,3,3,3,3,3
84030025,US,USA,840,30025.0,Fallon,Montana,US,46.33478338,-104.41835649999999,"Fallon, Montana, US",0,0,0,0,0,0,0,0,0,0,0,0,0,0,0,0,0,0,0,0,0,0,0,0,0,0,0,0,0,0,0,0,0,0,0,0,0,0,0,0,0,0,0,0,0,0,0,0,0,0,0,0,0,0,0,0,0,0,0,0,0,0,0,0,0,0,0,0,0,0,0,0,0,0,0,0,0,0,0,0,0,0,0,0,0,0,0,0,0,0,0,0,0,0,0,0,0,0,0,0,0,0,0,0,0,0,0,0,0,0,0,0,0,0,0,0,0,0,0,0,0,0,0,0,0,0,0,0,0,0,0,0,0,0,0,0,0,0,0,0,0,0,0,0,0,0,0,0,0,0,0,0
84030027,US,USA,840,30027.0,Fergus,Montana,US,47.26331584,-109.2245206,"Fergus, Montana, US",0,0,0,0,0,0,0,0,0,0,0,0,0,0,0,0,0,0,0,0,0,0,0,0,0,0,0,0,0,0,0,0,0,0,0,0,0,0,0,0,0,0,0,0,0,0,0,0,0,0,0,0,0,0,0,0,0,0,0,0,0,0,0,0,0,0,0,0,0,0,0,0,0,0,0,0,0,0,0,0,0,0,0,0,0,0,0,0,0,0,0,0,0,0,0,0,0,0,0,1,1,1,1,1,0,0,0,0,0,0,0,0,0,0,0,0,0,0,0,0,0,0,0,0,0,0,0,0,0,0,0,0,0,0,0,0,0,0,0,0,0,0,0,0,0,0,0,0,2,2,2,2
84030029,US,USA,840,30029.0,Flathead,Montana,US,48.29575866,-114.05205690000001,"Flathead, Montana, US",0,0,0,0,0,0,0,0,0,0,0,0,0,0,0,0,0,0,0,0,0,0,0,0,0,0,0,0,0,0,0,0,0,0,0,0,0,0,0,0,0,0,0,0,0,0,0,0,0,0,0,0,0,0,0,0,0,0,2,2,2,2,4,5,5,6,6,7,9,11,14,18,18,20,24,25,31,31,34,34,34,34,36,36,37,37,37,37,37,37,37,37,37,37,37,37,37,37,37,37,37,37,37,37,37,37,37,37,37,37,37,37,37,37,37,37,37,37,37,37,37,37,37,37,37,37,37,37,37,37,37,37,37,37,37,37,37,37,37,37,37,37,37,37,38,39,39,41,45,45,45,46
84030031,US,USA,840,30031.0,Gallatin,Montana,US,45.54486106,-111.1692571,"Gallatin, Montana, US",0,0,0,0,0,0,0,0,0,0,0,0,0,0,0,0,0,0,0,0,0,0,0,0,0,0,0,0,0,0,0,0,0,0,0,0,0,0,0,0,0,0,0,0,0,0,0,0,0,0,0,0,1,1,1,1,3,3,3,7,10,10,16,24,38,39,46,58,67,74,76,93,93,101,110,116,118,120,128,134,135,138,138,138,139,141,142,142,143,143,145,145,146,146,146,146,146,146,146,146,146,146,146,146,146,146,146,148,149,149,149,149,149,149,149,149,149,149,149,149,149,149,149,149,149,149,149,149,150,151,151,153,155,155,163,163,161,162,164,168,174,176,182,187,188,188,188,191,195,197,204,209
84030033,US,USA,840,30033.0,Garfield,Montana,US,47.27545948,-107.0002351,"Garfield, Montana, US",0,0,0,0,0,0,0,0,0,0,0,0,0,0,0,0,0,0,0,0,0,0,0,0,0,0,0,0,0,0,0,0,0,0,0,0,0,0,0,0,0,0,0,0,0,0,0,0,0,0,0,0,0,0,0,0,0,0,0,0,0,0,0,0,0,0,0,0,0,0,0,0,0,0,0,0,0,0,0,0,0,0,0,0,0,0,0,0,0,0,0,0,0,0,0,0,0,0,0,0,0,0,0,0,0,0,0,0,0,0,0,0,0,0,0,0,0,0,0,0,0,0,0,0,0,0,0,0,0,0,0,0,0,0,0,0,0,0,0,0,0,0,0,0,0,0,0,0,0,0,0,0
84030035,US,USA,840,30035.0,Glacier,Montana,US,48.70513576,-112.9934235,"Glacier, Montana, US",0,0,0,0,0,0,0,0,0,0,0,0,0,0,0,0,0,0,0,0,0,0,0,0,0,0,0,0,0,0,0,0,0,0,0,0,0,0,0,0,0,0,0,0,0,0,0,0,0,0,0,0,0,0,0,0,0,0,0,0,0,0,0,0,0,0,0,0,0,0,0,0,1,1,1,1,1,2,3,3,3,3,4,4,4,4,4,4,4,4,4,4,4,4,4,6,6,6,6,6,6,6,6,6,6,6,6,6,6,6,6,6,6,6,6,6,6,6,6,6,6,6,6,6,6,6,6,6,6,6,6,6,6,6,6,6,6,6,6,6,6,6,6,6,6,6,6,6,6,6,7,7
84030037,US,USA,840,30037.0,Golden Valley,Montana,US,46.3816474,-109.17685220000001,"Golden Valley, Montana, US",0,0,0,0,0,0,0,0,0,0,0,0,0,0,0,0,0,0,0,0,0,0,0,0,0,0,0,0,0,0,0,0,0,0,0,0,0,0,0,0,0,0,0,0,0,0,0,0,0,0,0,0,0,0,0,0,0,0,0,0,0,0,0,0,0,0,0,0,0,0,0,0,0,0,0,0,0,0,0,0,1,1,1,1,1,1,3,3,3,3,3,3,3,3,3,3,3,3,3,3,3,3,3,3,3,3,3,3,3,3,3,3,3,3,3,3,3,3,3,3,3,3,3,3,3,3,3,3,3,3,3,3,3,3,3,3,3,3,3,3,3,3,3,3,3,3,3,3,3,3,3,3
84030039,US,USA,840,30039.0,Granite,Montana,US,46.40605220000001,-113.4414186,"Granite, Montana, US",0,0,0,0,0,0,0,0,0,0,0,0,0,0,0,0,0,0,0,0,0,0,0,0,0,0,0,0,0,0,0,0,0,0,0,0,0,0,0,0,0,0,0,0,0,0,0,0,0,0,0,0,0,0,0,0,0,0,0,0,0,0,0,0,0,0,0,0,0,0,0,0,0,0,0,0,0,0,0,0,0,0,0,0,0,0,0,0,0,0,0,0,0,0,0,0,0,0,0,0,0,0,0,0,0,0,0,0,0,0,0,0,0,0,0,0,0,0,0,0,0,0,0,0,0,0,0,0,0,0,0,0,0,0,0,0,0,0,0,0,0,0,0,0,0,0,0,0,0,0,0,0
84030041,US,USA,840,30041.0,Hill,Montana,US,48.62879827,-110.1129252,"Hill, Montana, US",0,0,0,0,0,0,0,0,0,0,0,0,0,0,0,0,0,0,0,0,0,0,0,0,0,0,0,0,0,0,0,0,0,0,0,0,0,0,0,0,0,0,0,0,0,0,0,0,0,0,0,0,0,0,0,0,0,0,0,0,0,0,0,1,1,1,1,1,1,1,1,1,1,1,1,1,1,1,1,1,1,1,1,1,1,1,1,1,1,1,1,1,1,1,1,1,1,1,1,1,1,1,1,1,1,1,1,1,1,1,1,1,1,1,1,1,1,1,1,1,1,1,1,1,1,1,1,1,1,1,1,1,1,1,1,1,1,1,1,1,1,1,1,1,1,1,1,1,1,1,1,1
84030043,US,USA,840,30043.0,Jefferson,Montana,US,46.14907081,-112.094396,"Jefferson, Montana, US",0,0,0,0,0,0,0,0,0,0,0,0,0,0,0,0,0,0,0,0,0,0,0,0,0,0,0,0,0,0,0,0,0,0,0,0,0,0,0,0,0,0,0,0,0,0,0,0,0,0,0,0,0,0,0,0,0,0,0,0,0,0,0,1,1,1,2,2,2,2,2,2,2,2,2,2,2,2,2,2,2,2,2,2,2,2,2,2,2,2,2,2,2,2,2,2,2,2,2,2,2,2,2,2,2,2,2,2,2,2,3,3,3,3,3,3,3,3,3,3,3,3,3,3,3,3,3,3,3,3,3,3,3,3,3,3,3,3,3,3,3,3,3,3,3,3,3,3,3,3,3,3
84030045,US,USA,840,30045.0,Judith Basin,Montana,US,47.04581276,-110.26606880000001,"Judith Basin, Montana, US",0,0,0,0,0,0,0,0,0,0,0,0,0,0,0,0,0,0,0,0,0,0,0,0,0,0,0,0,0,0,0,0,0,0,0,0,0,0,0,0,0,0,0,0,0,0,0,0,0,0,0,0,0,0,0,0,0,0,0,0,0,0,0,0,0,0,0,0,0,0,0,0,0,0,0,0,0,0,0,0,0,0,0,0,0,0,0,0,0,0,0,0,0,0,0,0,0,0,0,0,0,0,0,0,0,0,0,0,0,0,0,0,0,0,0,0,0,0,0,0,0,0,0,0,0,0,0,0,0,0,0,0,0,0,0,0,0,0,0,0,0,0,0,0,0,0,0,0,0,0,0,0
84030047,US,USA,840,30047.0,Lake,Montana,US,47.64514965,-114.0898013,"Lake, Montana, US",0,0,0,0,0,0,0,0,0,0,0,0,0,0,0,0,0,0,0,0,0,0,0,0,0,0,0,0,0,0,0,0,0,0,0,0,0,0,0,0,0,0,0,0,0,0,0,0,0,0,0,0,0,0,0,0,0,0,0,0,0,0,0,0,0,1,1,2,3,3,4,4,4,4,4,4,5,5,6,5,5,5,5,5,5,5,5,5,5,5,5,5,5,5,5,5,5,5,5,5,5,5,5,5,5,5,5,5,5,5,5,5,5,5,5,5,5,5,5,5,5,5,5,5,5,5,5,5,5,5,5,5,5,5,5,5,5,5,5,5,5,5,6,9,9,9,9,9,10,10,10,11
84030049,US,USA,840,30049.0,Lewis and Clark,Montana,US,47.12610041,-112.39469799999999,"Lewis and Clark, Montana, US",0,0,0,0,0,0,0,0,0,0,0,0,0,0,0,0,0,0,0,0,0,0,0,0,0,0,0,0,0,0,0,0,0,0,0,0,0,0,0,0,0,0,0,0,0,0,0,0,0,0,0,0,1,1,1,0,0,0,2,3,3,3,3,3,5,8,9,10,11,12,14,13,13,13,14,14,15,16,16,16,16,16,16,16,16,16,16,16,16,16,16,16,16,16,16,16,16,16,16,16,16,16,16,16,16,16,16,16,16,16,16,16,16,16,16,16,16,16,16,16,16,16,16,16,16,16,16,16,16,16,16,16,16,16,16,18,18,18,18,18,18,18,19,19,20,20,20,20,20,22,22,22
84030051,US,USA,840,30051.0,Liberty,Montana,US,48.56084317,-111.02430700000001,"Liberty, Montana, US",0,0,0,0,0,0,0,0,0,0,0,0,0,0,0,0,0,0,0,0,0,0,0,0,0,0,0,0,0,0,0,0,0,0,0,0,0,0,0,0,0,0,0,0,0,0,0,0,0,0,0,0,0,0,0,0,0,0,0,0,0,0,0,0,0,0,0,0,0,0,1,1,1,1,1,1,1,1,1,1,1,1,1,1,1,1,1,1,1,1,1,1,1,1,1,1,1,1,1,1,1,1,1,1,1,1,1,1,1,1,1,1,1,1,1,1,1,1,1,1,1,1,1,1,1,1,1,1,1,1,1,1,1,1,1,1,1,1,1,1,1,1,1,1,1,1,1,1,1,1,1,1
84030053,US,USA,840,30053.0,Lincoln,Montana,US,48.54265777,-115.4046155,"Lincoln, Montana, US",0,0,0,0,0,0,0,0,0,0,0,0,0,0,0,0,0,0,0,0,0,0,0,0,0,0,0,0,0,0,0,0,0,0,0,0,0,0,0,0,0,0,0,0,0,0,0,0,0,0,0,0,0,0,0,0,0,0,0,0,0,0,0,0,1,1,3,3,4,5,5,6,6,6,6,7,7,7,7,7,7,7,7,7,7,7,7,7,7,7,7,7,7,7,7,7,7,7,7,7,7,7,7,7,7,7,7,7,7,7,7,7,7,7,7,7,7,7,7,7,7,7,7,7,7,7,7,7,7,7,7,7,7,7,7,7,7,7,7,7,7,7,7,7,7,7,7,7,7,7,7,7
84030055,US,USA,840,30055.0,McCone,Montana,US,47.64469406,-105.79449939999999,"McCone, Montana, US",0,0,0,0,0,0,0,0,0,0,0,0,0,0,0,0,0,0,0,0,0,0,0,0,0,0,0,0,0,0,0,0,0,0,0,0,0,0,0,0,0,0,0,0,0,0,0,0,0,0,0,0,0,0,0,0,0,0,0,0,0,0,0,0,0,0,0,0,0,0,0,0,0,0,0,0,0,0,0,0,0,0,0,0,0,0,0,0,0,0,0,0,0,0,0,0,0,0,0,0,0,0,0,0,0,0,0,0,0,0,0,0,0,0,0,0,0,0,0,0,0,0,0,0,0,0,0,0,0,0,0,0,0,0,0,0,0,0,0,0,0,0,0,0,0,0,0,0,0,0,0,0
84030057,US,USA,840,30057.0,Madison,Montana,US,45.30080065,-111.9173017,"Madison, Montana, US",0,0,0,0,0,0,0,0,0,0,0,0,0,0,0,0,0,0,0,0,0,0,0,0,0,0,0,0,0,0,0,0,0,0,0,0,0,0,0,0,0,0,0,0,0,0,0,0,0,0,0,0,0,0,0,0,0,0,1,1,1,1,1,2,2,2,3,4,4,6,6,6,6,6,9,9,9,8,8,8,8,8,8,8,8,8,8,8,8,8,8,8,8,8,8,8,8,8,8,8,8,8,8,8,8,8,8,8,8,8,8,8,8,8,8,8,8,8,8,8,8,8,8,8,8,8,8,8,8,8,8,8,8,8,8,8,8,8,8,8,8,8,8,8,8,8,8,8,8,8,8,8
84030059,US,USA,840,30059.0,Meagher,Montana,US,46.59907074,-110.8898557,"Meagher, Montana, US",0,0,0,0,0,0,0,0,0,0,0,0,0,0,0,0,0,0,0,0,0,0,0,0,0,0,0,0,0,0,0,0,0,0,0,0,0,0,0,0,0,0,0,0,0,0,0,0,0,0,0,0,0,0,0,0,0,0,0,0,0,0,0,0,1,1,1,1,1,1,1,1,1,1,1,1,1,1,1,1,1,1,1,1,1,1,1,1,1,1,1,1,1,1,1,1,1,1,1,1,1,1,1,1,1,1,1,1,1,1,1,1,1,1,1,1,1,1,1,1,1,1,1,1,1,1,1,1,1,1,1,1,1,1,1,1,1,1,1,1,1,1,1,1,1,1,1,1,1,1,1,1
84030061,US,USA,840,30061.0,Mineral,Montana,US,47.15283992,-115.00152390000001,"Mineral, Montana, US",0,0,0,0,0,0,0,0,0,0,0,0,0,0,0,0,0,0,0,0,0,0,0,0,0,0,0,0,0,0,0,0,0,0,0,0,0,0,0,0,0,0,0,0,0,0,0,0,0,0,0,0,0,0,0,0,0,0,0,0,0,0,0,0,0,0,0,0,0,0,0,0,0,0,0,0,0,0,0,0,0,0,0,0,0,0,0,0,0,0,0,0,0,0,0,0,0,0,0,0,0,0,0,0,0,0,0,0,0,0,0,0,0,0,0,0,0,0,0,0,0,0,0,0,0,0,0,0,0,0,0,0,0,0,0,0,0,0,0,0,0,0,0,0,0,0,0,0,0,0,0,0
84030063,US,USA,840,30063.0,Missoula,Montana,US,47.03728583,-113.92135079999998,"Missoula, Montana, US",0,0,0,0,0,0,0,0,0,0,0,0,0,0,0,0,0,0,0,0,0,0,0,0,0,0,0,0,0,0,0,0,0,0,0,0,0,0,0,0,0,0,0,0,0,0,0,0,0,0,0,0,0,2,2,3,3,3,3,3,3,3,6,6,7,8,9,11,12,14,14,17,17,18,19,21,24,25,26,26,29,30,30,30,30,33,34,35,38,38,38,39,39,39,39,39,39,39,39,39,39,39,39,39,39,39,39,39,39,39,39,39,39,39,39,39,39,39,39,39,39,39,39,39,39,39,39,39,40,40,40,40,40,40,40,40,40,40,40,40,39,39,39,40,40,40,42,44,46,46,48,49
84030065,US,USA,840,30065.0,Musselshell,Montana,US,46.49684637,-108.39498,"Musselshell, Montana, US",0,0,0,0,0,0,0,0,0,0,0,0,0,0,0,0,0,0,0,0,0,0,0,0,0,0,0,0,0,0,0,0,0,0,0,0,0,0,0,0,0,0,0,0,0,0,0,0,0,0,0,0,0,0,0,0,0,0,0,0,0,0,0,0,0,0,0,0,0,1,1,1,1,1,1,1,1,1,1,1,1,1,1,1,1,3,1,1,1,1,1,1,1,1,1,1,1,1,1,1,1,1,1,1,1,1,1,1,1,1,1,1,1,1,1,1,1,1,1,1,1,1,1,1,1,1,1,1,1,1,1,1,1,1,1,1,1,1,1,1,1,1,1,1,1,1,1,1,1,1,1,1
84030067,US,USA,840,30067.0,Park,Montana,US,45.48965095,-110.52643940000002,"Park, Montana, US",0,0,0,0,0,0,0,0,0,0,0,0,0,0,0,0,0,0,0,0,0,0,0,0,0,0,0,0,0,0,0,0,0,0,0,0,0,0,0,0,0,0,0,0,0,0,0,0,0,0,0,0,0,0,0,0,0,0,0,0,0,0,0,0,0,1,1,2,2,3,3,6,6,6,6,6,6,7,7,7,7,7,7,7,7,7,7,7,7,7,7,7,7,7,7,7,7,7,7,8,8,8,8,8,8,8,8,8,8,8,8,8,8,8,8,8,8,8,8,8,8,8,8,8,8,8,8,8,8,8,8,8,8,8,8,8,8,8,8,8,8,8,8,8,8,8,8,8,8,8,9,9
84030069,US,USA,840,30069.0,Petroleum,Montana,US,47.118246299999996,-108.2508876,"Petroleum, Montana, US",0,0,0,0,0,0,0,0,0,0,0,0,0,0,0,0,0,0,0,0,0,0,0,0,0,0,0,0,0,0,0,0,0,0,0,0,0,0,0,0,0,0,0,0,0,0,0,0,0,0,0,0,0,0,0,0,0,0,0,0,0,0,0,0,0,0,0,0,0,0,0,0,0,0,0,0,0,0,0,0,0,0,0,0,0,0,0,0,0,0,0,0,0,0,0,0,0,0,0,0,0,0,0,0,0,0,0,0,0,0,0,0,0,0,0,0,0,0,0,0,0,0,0,0,0,0,0,0,0,0,0,0,0,0,0,0,0,0,0,0,0,0,0,0,0,0,0,0,0,0,0,0
84030071,US,USA,840,30071.0,Phillips,Montana,US,48.25936577,-107.9128511,"Phillips, Montana, US",0,0,0,0,0,0,0,0,0,0,0,0,0,0,0,0,0,0,0,0,0,0,0,0,0,0,0,0,0,0,0,0,0,0,0,0,0,0,0,0,0,0,0,0,0,0,0,0,0,0,0,0,0,0,0,0,0,0,0,0,0,0,0,0,0,0,0,0,0,0,0,0,0,0,0,0,0,0,0,0,0,0,0,0,0,0,0,0,0,0,0,0,0,0,0,0,0,0,0,0,0,0,0,0,0,0,0,0,0,0,0,0,0,0,0,0,0,0,0,0,0,0,0,0,0,0,0,0,0,0,0,0,0,0,0,0,0,0,0,0,0,0,0,0,0,0,0,0,0,0,0,0
84030073,US,USA,840,30073.0,Pondera,Montana,US,48.22773388,-112.22527029999999,"Pondera, Montana, US",0,0,0,0,0,0,0,0,0,0,0,0,0,0,0,0,0,0,0,0,0,0,0,0,0,0,0,0,0,0,0,0,0,0,0,0,0,0,0,0,0,0,0,0,0,0,0,0,0,0,0,0,0,0,0,0,0,0,0,0,0,0,0,0,0,0,0,0,0,0,0,0,0,0,0,0,0,0,0,0,0,0,0,0,1,1,1,1,2,2,2,2,2,2,2,2,2,2,2,2,2,2,2,2,2,2,2,2,2,2,2,2,2,2,2,2,2,2,2,2,2,2,2,2,2,2,2,2,2,2,2,2,2,2,2,2,2,2,2,2,2,2,2,2,2,2,2,2,2,2,2,2
84030075,US,USA,840,30075.0,Powder River,Montana,US,45.39617714,-105.636738,"Powder River, Montana, US",0,0,0,0,0,0,0,0,0,0,0,0,0,0,0,0,0,0,0,0,0,0,0,0,0,0,0,0,0,0,0,0,0,0,0,0,0,0,0,0,0,0,0,0,0,0,0,0,0,0,0,0,0,0,0,0,0,0,0,0,0,0,0,0,0,0,0,0,0,0,0,0,0,0,0,0,0,0,0,0,0,0,0,0,0,0,0,0,0,0,0,0,0,0,0,0,0,0,0,0,0,0,0,0,0,0,0,0,0,0,0,0,0,0,0,0,0,0,0,0,0,0,0,0,0,0,0,0,0,0,0,0,0,0,0,0,0,0,0,0,0,0,0,0,0,0,0,0,0,0,0,0
84030077,US,USA,840,30077.0,Powell,Montana,US,46.85538891,-112.93591640000001,"Powell, Montana, US",0,0,0,0,0,0,0,0,0,0,0,0,0,0,0,0,0,0,0,0,0,0,0,0,0,0,0,0,0,0,0,0,0,0,0,0,0,0,0,0,0,0,0,0,0,0,0,0,0,0,0,0,0,0,0,0,0,0,0,0,0,0,0,0,0,0,0,0,0,0,0,0,0,0,0,0,0,0,0,0,0,0,0,0,0,0,0,0,0,0,0,0,0,0,0,0,0,0,0,0,0,0,0,0,0,0,0,0,0,0,0,0,0,0,0,0,0,0,0,0,0,0,0,0,0,0,0,0,0,0,0,0,0,0,0,0,0,0,0,0,0,0,0,0,0,0,0,0,0,0,0,0
84030079,US,USA,840,30079.0,Prairie,Montana,US,46.86048047,-105.379384,"Prairie, Montana, US",0,0,0,0,0,0,0,0,0,0,0,0,0,0,0,0,0,0,0,0,0,0,0,0,0,0,0,0,0,0,0,0,0,0,0,0,0,0,0,0,0,0,0,0,0,0,0,0,0,0,0,0,0,0,0,0,0,0,0,0,0,0,0,0,0,0,0,0,0,0,0,0,0,0,0,0,0,0,0,0,0,0,0,0,0,0,0,0,0,0,0,0,0,0,0,0,0,0,0,0,0,0,0,0,0,0,0,0,0,0,0,0,0,0,0,0,0,0,0,0,0,0,0,0,0,0,0,0,0,0,0,0,0,0,0,0,0,0,0,0,0,0,0,0,0,0,0,0,0,0,0,0
84030081,US,USA,840,30081.0,Ravalli,Montana,US,46.08520862,-114.11891640000002,"Ravalli, Montana, US",0,0,0,0,0,0,0,0,0,0,0,0,0,0,0,0,0,0,0,0,0,0,0,0,0,0,0,0,0,0,0,0,0,0,0,0,0,0,0,0,0,0,0,0,0,0,0,0,0,0,0,0,0,0,0,0,0,0,0,1,1,1,1,1,1,1,1,1,1,1,1,1,1,2,2,2,2,3,3,3,3,3,5,5,5,5,5,5,5,5,5,5,5,5,5,5,5,5,5,5,5,5,5,5,5,5,5,5,5,5,5,5,5,5,5,5,5,6,6,13,13,13,13,13,13,13,13,13,13,13,14,14,14,14,14,14,14,14,14,14,14,14,14,15,17,18,18,17,17,17,18,17
84030083,US,USA,840,30083.0,Richland,Montana,US,47.78668011,-104.5610786,"Richland, Montana, US",0,0,0,0,0,0,0,0,0,0,0,0,0,0,0,0,0,0,0,0,0,0,0,0,0,0,0,0,0,0,0,0,0,0,0,0,0,0,0,0,0,0,0,0,0,0,0,0,0,0,0,0,0,0,0,0,0,0,0,0,0,0,0,0,0,0,0,0,0,0,0,0,0,0,0,0,0,2,2,2,3,3,3,3,3,3,3,3,3,3,3,3,3,3,3,3,3,3,3,3,3,3,3,3,3,3,3,3,3,3,3,3,3,3,3,3,3,3,3,3,3,3,3,3,3,3,3,3,3,3,3,3,3,3,3,3,3,3,3,3,3,3,3,3,3,3,3,3,5,5,6,8
84030085,US,USA,840,30085.0,Roosevelt,Montana,US,48.29607488,-105.00792679999999,"Roosevelt, Montana, US",0,0,0,0,0,0,0,0,0,0,0,0,0,0,0,0,0,0,0,0,0,0,0,0,0,0,0,0,0,0,0,0,0,0,0,0,0,0,0,0,0,0,0,0,0,0,0,0,0,0,0,0,0,0,0,0,0,0,1,1,1,1,1,1,1,1,1,1,1,1,1,1,1,1,1,1,1,2,2,2,3,3,3,3,4,4,6,6,6,6,7,7,7,7,7,7,7,7,7,7,7,7,7,7,7,7,7,7,7,7,7,7,7,7,7,7,7,7,7,7,7,7,7,7,7,7,7,7,7,7,7,7,7,7,7,7,7,7,7,7,7,7,7,7,7,7,7,7,7,7,7,7
84030087,US,USA,840,30087.0,Rosebud,Montana,US,46.23397237,-106.72928799999998,"Rosebud, Montana, US",0,0,0,0,0,0,0,0,0,0,0,0,0,0,0,0,0,0,0,0,0,0,0,0,0,0,0,0,0,0,0,0,0,0,0,0,0,0,0,0,0,0,0,0,0,0,0,0,0,0,0,0,0,0,0,0,0,0,0,0,0,0,0,0,0,0,0,0,0,0,0,0,0,0,0,0,0,0,0,0,0,0,0,0,0,0,0,0,0,0,0,0,0,0,0,0,0,0,0,0,0,0,0,0,0,0,0,0,0,0,0,0,0,0,0,0,0,0,0,0,0,0,0,0,0,0,0,0,0,0,0,0,1,1,1,1,1,1,1,1,1,1,1,1,1,1,1,1,1,3,7,7
84030089,US,USA,840,30089.0,Sanders,Montana,US,47.67657534,-115.1329916,"Sanders, Montana, US",0,0,0,0,0,0,0,0,0,0,0,0,0,0,0,0,0,0,0,0,0,0,0,0,0,0,0,0,0,0,0,0,0,0,0,0,0,0,0,0,0,0,0,0,0,0,0,0,0,0,0,0,0,0,0,0,0,0,0,0,0,0,0,0,0,0,0,0,0,0,0,0,0,0,0,0,0,0,0,0,0,0,0,0,0,0,0,0,0,0,0,0,0,0,0,0,0,0,0,0,0,0,0,0,0,0,0,0,0,0,0,0,0,0,0,0,0,0,0,0,0,0,0,0,0,0,0,0,0,0,0,0,0,0,0,0,0,0,0,0,0,0,0,0,0,0,0,0,0,0,0,0
84030091,US,USA,840,30091.0,Sheridan,Montana,US,48.72085833,-104.50382900000001,"Sheridan, Montana, US",0,0,0,0,0,0,0,0,0,0,0,0,0,0,0,0,0,0,0,0,0,0,0,0,0,0,0,0,0,0,0,0,0,0,0,0,0,0,0,0,0,0,0,0,0,0,0,0,0,0,0,0,0,0,0,0,0,0,0,0,0,0,0,0,0,0,0,0,0,0,0,0,0,0,0,0,0,0,0,0,0,0,0,0,0,0,0,0,0,0,0,0,0,0,0,0,0,0,0,0,0,0,0,0,0,0,0,0,0,0,0,0,0,0,0,0,0,0,0,0,0,0,0,0,0,0,0,0,0,0,0,0,0,0,0,0,0,0,0,0,0,0,0,0,0,0,0,0,0,0,0,0
84030093,US,USA,840,30093.0,Silver Bow,Montana,US,45.90018933,-112.6620092,"Silver Bow, Montana, US",0,0,0,0,0,0,0,0,0,0,0,0,0,0,0,0,0,0,0,0,0,0,0,0,0,0,0,0,0,0,0,0,0,0,0,0,0,0,0,0,0,0,0,0,0,0,0,0,0,0,0,0,1,1,1,1,1,1,1,2,2,2,2,4,5,8,8,9,9,10,10,11,11,11,11,11,11,11,11,11,11,11,11,11,11,11,11,11,11,11,11,11,11,11,11,11,11,11,11,11,11,11,11,11,11,11,11,11,11,11,11,11,11,11,11,11,11,11,11,11,11,11,11,11,11,11,11,11,11,11,11,11,11,11,11,11,11,11,11,11,11,11,11,11,11,11,11,11,11,11,11,11
84030095,US,USA,840,30095.0,Stillwater,Montana,US,45.67071407,-109.3950061,"Stillwater, Montana, US",0,0,0,0,0,0,0,0,0,0,0,0,0,0,0,0,0,0,0,0,0,0,0,0,0,0,0,0,0,0,0,0,0,0,0,0,0,0,0,0,0,0,0,0,0,0,0,0,0,0,0,0,0,0,0,0,0,0,0,0,0,0,0,0,0,0,0,0,0,0,0,0,0,0,0,0,0,0,1,1,1,1,1,1,1,1,1,1,1,1,1,1,1,1,1,1,1,1,1,1,1,1,1,1,1,1,1,1,1,1,1,1,1,1,1,1,1,1,1,1,1,1,1,1,1,1,1,1,1,1,1,1,1,1,1,1,1,1,2,2,2,2,2,2,2,3,3,3,3,3,3,3
84030097,US,USA,840,30097.0,Sweet Grass,Montana,US,45.81367654,-109.9425686,"Sweet Grass, Montana, US",0,0,0,0,0,0,0,0,0,0,0,0,0,0,0,0,0,0,0,0,0,0,0,0,0,0,0,0,0,0,0,0,0,0,0,0,0,0,0,0,0,0,0,0,0,0,0,0,0,0,0,0,0,0,0,0,0,0,0,0,0,0,0,0,0,0,0,0,0,0,0,0,0,0,0,0,0,0,0,0,0,0,0,0,0,0,0,0,0,0,0,0,0,0,0,0,0,0,0,0,0,0,0,0,0,0,0,0,0,0,0,0,0,0,0,0,0,0,0,0,0,0,0,0,0,0,0,0,0,0,0,0,0,0,0,0,0,0,0,0,0,0,0,0,0,0,0,0,0,0,0,0
84030099,US,USA,840,30099.0,Teton,Montana,US,47.83741052,-112.24106880000001,"Teton, Montana, US",0,0,0,0,0,0,0,0,0,0,0,0,0,0,0,0,0,0,0,0,0,0,0,0,0,0,0,0,0,0,0,0,0,0,0,0,0,0,0,0,0,0,0,0,0,0,0,0,0,0,0,0,0,0,0,0,0,0,0,0,0,0,0,0,0,0,0,0,0,0,0,0,0,0,0,0,0,0,0,0,0,0,0,0,0,0,0,0,0,0,0,0,0,0,0,0,0,0,0,0,0,0,0,0,0,0,0,0,0,0,0,0,0,0,0,0,0,0,0,0,0,0,0,0,0,0,0,0,0,0,0,0,0,0,0,0,0,0,0,0,0,0,0,0,0,0,0,0,0,0,0,0
84030101,US,USA,840,30101.0,Toole,Montana,US,48.65577551,-111.69424140000001,"Toole, Montana, US",0,0,0,0,0,0,0,0,0,0,0,0,0,0,0,0,0,0,0,0,0,0,0,0,0,0,0,0,0,0,0,0,0,0,0,0,0,0,0,0,0,0,0,0,0,0,0,0,0,0,0,0,0,0,0,0,0,0,0,0,0,0,0,0,1,2,5,5,6,7,7,6,6,12,15,16,15,17,18,18,20,25,26,26,26,26,29,29,29,29,29,29,29,29,29,29,29,29,29,29,29,29,29,29,29,29,29,29,29,29,29,29,29,29,29,29,29,29,29,29,29,29,29,29,29,29,29,29,29,29,29,29,29,29,29,29,29,29,29,29,29,29,29,29,29,29,29,29,29,29,31,31
84030103,US,USA,840,30103.0,Treasure,Montana,US,46.20973220000001,-107.26665159999999,"Treasure, Montana, US",0,0,0,0,0,0,0,0,0,0,0,0,0,0,0,0,0,0,0,0,0,0,0,0,0,0,0,0,0,0,0,0,0,0,0,0,0,0,0,0,0,0,0,0,0,0,0,0,0,0,0,0,0,0,0,0,0,0,0,0,0,0,0,0,0,0,0,0,0,0,0,0,0,0,0,0,0,0,0,0,0,0,0,0,0,0,0,0,0,0,0,0,0,0,0,0,0,0,0,0,0,0,0,0,0,0,0,0,0,0,0,0,0,0,0,0,0,0,0,0,0,0,0,0,0,0,0,0,0,0,0,0,0,0,0,0,0,0,0,0,0,0,0,0,0,0,0,0,0,0,0,0
84030105,US,USA,840,30105.0,Valley,Montana,US,48.36435097,-106.6669635,"Valley, Montana, US",0,0,0,0,0,0,0,0,0,0,0,0,0,0,0,0,0,0,0,0,0,0,0,0,0,0,0,0,0,0,0,0,0,0,0,0,0,0,0,0,0,0,0,0,0,0,0,0,0,0,0,0,0,0,0,0,0,0,0,0,0,0,0,0,0,0,0,0,0,0,0,0,0,0,0,0,0,0,0,0,0,0,0,0,0,0,0,0,0,0,0,0,0,0,0,0,0,0,0,0,0,0,0,0,0,0,0,0,0,0,0,0,0,0,0,0,0,0,0,0,0,0,0,0,0,0,0,0,0,0,0,0,0,0,0,0,0,0,0,0,0,0,0,0,0,0,0,0,1,1,1,1
84030107,US,USA,840,30107.0,Wheatland,Montana,US,46.46652491,-109.84646359999999,"Wheatland, Montana, US",0,0,0,0,0,0,0,0,0,0,0,0,0,0,0,0,0,0,0,0,0,0,0,0,0,0,0,0,0,0,0,0,0,0,0,0,0,0,0,0,0,0,0,0,0,0,0,0,0,0,0,0,0,0,0,0,0,0,0,0,0,0,0,0,0,0,0,0,0,0,0,0,0,0,0,0,0,0,0,0,0,0,0,0,0,0,0,0,0,0,0,0,0,1,1,1,1,1,1,1,1,1,1,1,1,1,1,1,1,1,1,1,1,1,1,1,1,1,1,1,1,1,1,1,1,1,1,1,1,1,1,1,1,1,1,1,1,1,1,1,1,1,1,1,1,1,1,1,1,1,1,1
84030109,US,USA,840,30109.0,Wibaux,Montana,US,46.95925154,-104.2510927,"Wibaux, Montana, US",0,0,0,0,0,0,0,0,0,0,0,0,0,0,0,0,0,0,0,0,0,0,0,0,0,0,0,0,0,0,0,0,0,0,0,0,0,0,0,0,0,0,0,0,0,0,0,0,0,0,0,0,0,0,0,0,0,0,0,0,0,0,0,0,0,0,0,0,0,0,0,0,0,0,0,0,0,0,0,0,0,0,0,0,0,0,0,0,0,0,0,0,0,0,0,0,0,0,0,0,0,0,0,0,0,0,0,0,0,0,0,0,0,0,0,0,0,0,0,0,0,0,0,0,0,0,0,0,0,0,0,0,0,0,0,0,0,0,0,0,0,0,0,0,0,0,0,0,0,0,0,0
84030111,US,USA,840,30111.0,Yellowstone,Montana,US,45.93955949,-108.26914860000001,"Yellowstone, Montana, US",0,0,0,0,0,0,0,0,0,0,0,0,0,0,0,0,0,0,0,0,0,0,0,0,0,0,0,0,0,0,0,0,0,0,0,0,0,0,0,0,0,0,0,0,0,0,0,0,0,0,0,0,1,1,1,2,2,2,5,5,6,6,7,12,14,20,23,26,26,31,32,35,36,38,38,40,47,48,52,55,57,58,59,63,64,67,67,70,72,72,73,74,76,77,77,78,79,80,80,80,80,82,82,83,83,83,83,83,82,82,82,82,83,83,83,85,85,86,87,87,88,88,88,88,88,88,89,90,90,91,99,100,100,102,103,103,104,105,105,105,105,106,106,108,108,108,109,109,112,115,120,123
84031001,US,USA,840,31001.0,Adams,Nebraska,US,40.52449420000001,-98.50117804,"Adams, Nebraska, US",0,0,0,0,0,0,0,0,0,0,0,0,0,0,0,0,0,0,0,0,0,0,0,0,0,0,0,0,0,0,0,0,0,0,0,0,0,0,0,0,0,0,0,0,0,0,0,0,0,0,0,0,0,0,0,0,0,1,1,1,1,1,1,1,1,1,2,2,3,3,4,6,6,8,11,13,15,27,28,38,45,54,54,62,62,65,64,85,98,100,101,103,111,120,125,129,141,143,147,164,187,202,203,204,204,212,216,218,223,223,227,228,236,238,246,251,252,252,255,256,258,258,264,265,265,265,264,265,268,270,270,272,272,273,275,275,275,275,276,277,277,277,278,278,278,278,278,278,278,280,281,282
84031003,US,USA,840,31003.0,Antelope,Nebraska,US,42.17695516,-98.06662829999999,"Antelope, Nebraska, US",0,0,0,0,0,0,0,0,0,0,0,0,0,0,0,0,0,0,0,0,0,0,0,0,0,0,0,0,0,0,0,0,0,0,0,0,0,0,0,0,0,0,0,0,0,0,0,0,0,0,0,0,0,0,0,0,0,0,0,0,0,0,0,0,0,0,0,0,0,1,1,1,1,1,1,1,1,1,1,1,1,1,1,1,1,1,1,1,1,1,1,1,1,1,2,2,2,2,2,2,3,3,3,4,4,4,4,5,5,5,5,5,5,5,5,5,5,6,7,7,7,7,7,7,7,8,8,8,8,8,8,8,8,8,8,8,8,8,8,8,8,8,8,8,8,8,8,8,8,8,8,8
84031005,US,USA,840,31005.0,Arthur,Nebraska,US,41.56896142,-101.6959559,"Arthur, Nebraska, US",0,0,0,0,0,0,0,0,0,0,0,0,0,0,0,0,0,0,0,0,0,0,0,0,0,0,0,0,0,0,0,0,0,0,0,0,0,0,0,0,0,0,0,0,0,0,0,0,0,0,0,0,0,0,0,0,0,0,0,0,0,0,0,0,0,0,0,0,0,0,0,0,0,0,0,0,0,0,0,0,0,0,0,0,0,0,0,0,0,0,0,0,0,0,0,0,0,0,0,0,0,0,0,0,0,0,0,0,0,0,0,0,0,0,0,0,0,0,0,0,0,0,0,0,0,0,0,0,0,0,0,0,0,0,0,0,0,0,0,0,0,0,0,0,0,0,0,0,0,0,0,0
84031007,US,USA,840,31007.0,Banner,Nebraska,US,41.54634427,-103.7114332,"Banner, Nebraska, US",0,0,0,0,0,0,0,0,0,0,0,0,0,0,0,0,0,0,0,0,0,0,0,0,0,0,0,0,0,0,0,0,0,0,0,0,0,0,0,0,0,0,0,0,0,0,0,0,0,0,0,0,0,0,0,0,0,0,0,0,0,0,0,0,0,0,0,0,0,0,0,0,0,0,0,0,0,0,0,0,0,0,0,0,0,0,0,0,0,0,0,0,0,0,0,0,0,0,0,0,0,0,0,0,0,0,0,0,0,0,0,0,0,0,0,0,0,0,0,0,0,0,0,0,0,0,0,0,0,0,0,0,0,0,0,0,0,0,0,0,0,1,1,1,1,1,1,1,1,1,1,1
84031009,US,USA,840,31009.0,Blaine,Nebraska,US,41.91311716,-99.97677845,"Blaine, Nebraska, US",0,0,0,0,0,0,0,0,0,0,0,0,0,0,0,0,0,0,0,0,0,0,0,0,0,0,0,0,0,0,0,0,0,0,0,0,0,0,0,0,0,0,0,0,0,0,0,0,0,0,0,0,0,0,0,0,0,0,0,0,0,0,0,0,0,0,0,0,0,0,0,0,0,0,0,0,0,0,0,0,0,0,0,0,0,0,0,0,0,0,0,0,0,0,0,0,0,0,0,0,0,0,0,0,0,0,0,0,0,0,0,0,0,0,0,0,0,0,0,0,0,0,0,0,0,0,0,0,0,0,0,0,0,0,0,0,0,0,0,0,0,0,0,0,0,0,0,0,0,0,0,0
84031011,US,USA,840,31011.0,Boone,Nebraska,US,41.70759415,-98.06737183,"Boone, Nebraska, US",0,0,0,0,0,0,0,0,0,0,0,0,0,0,0,0,0,0,0,0,0,0,0,0,0,0,0,0,0,0,0,0,0,0,0,0,0,0,0,0,0,0,0,0,0,0,0,0,0,0,0,0,0,0,0,0,0,0,0,0,0,0,0,0,0,0,0,0,0,0,0,0,0,0,0,0,0,0,0,0,0,0,0,0,0,0,0,0,0,0,0,0,0,0,0,0,0,0,0,0,0,0,0,0,2,2,2,2,2,2,2,2,2,3,3,3,3,3,3,3,3,3,3,3,3,3,3,4,5,6,6,6,6,6,7,7,7,7,7,7,7,7,7,7,7,7,7,7,7,7,7,7
84031013,US,USA,840,31013.0,Box Butte,Nebraska,US,42.22079243,-103.08788340000001,"Box Butte, Nebraska, US",0,0,0,0,0,0,0,0,0,0,0,0,0,0,0,0,0,0,0,0,0,0,0,0,0,0,0,0,0,0,0,0,0,0,0,0,0,0,0,0,0,0,0,0,0,0,0,0,0,0,0,0,0,0,0,0,0,0,0,0,0,0,0,0,0,0,0,0,0,0,0,0,0,0,0,0,0,0,0,0,1,1,1,1,1,1,1,1,1,1,1,1,1,1,1,1,1,1,1,1,1,1,1,1,1,1,1,1,1,1,1,1,1,1,1,1,1,1,1,1,1,1,1,2,2,2,2,2,2,2,2,2,2,2,2,2,2,3,3,3,3,3,3,3,3,3,3,3,3,3,3,3
84031015,US,USA,840,31015.0,Boyd,Nebraska,US,42.899727399999996,-98.76486568,"Boyd, Nebraska, US",0,0,0,0,0,0,0,0,0,0,0,0,0,0,0,0,0,0,0,0,0,0,0,0,0,0,0,0,0,0,0,0,0,0,0,0,0,0,0,0,0,0,0,0,0,0,0,0,0,0,0,0,0,0,0,0,0,0,0,0,0,0,0,0,0,0,0,0,0,0,0,0,0,0,0,0,0,0,0,0,0,0,0,0,0,0,0,0,0,0,0,0,0,0,0,0,0,0,0,0,0,0,0,0,0,0,0,0,0,0,0,0,0,0,0,0,0,0,0,0,0,0,0,0,0,0,0,0,0,0,0,1,1,1,1,1,1,1,1,1,1,1,1,1,1,1,1,1,1,1,1,1
84031017,US,USA,840,31017.0,Brown,Nebraska,US,42.43018907,-99.92904055,"Brown, Nebraska, US",0,0,0,0,0,0,0,0,0,0,0,0,0,0,0,0,0,0,0,0,0,0,0,0,0,0,0,0,0,0,0,0,0,0,0,0,0,0,0,0,0,0,0,0,0,0,0,0,0,0,0,0,0,0,0,0,0,0,0,0,0,0,0,0,0,0,0,0,0,0,0,0,0,0,0,0,0,0,0,0,0,0,0,0,0,0,0,0,0,0,0,0,0,0,0,0,0,0,0,0,0,0,0,0,0,0,0,0,0,0,0,0,0,0,0,0,0,0,0,0,0,0,0,0,0,0,0,0,0,0,0,0,0,0,0,0,0,0,0,0,0,0,0,0,0,0,0,0,0,0,0,0
84031019,US,USA,840,31019.0,Buffalo,Nebraska,US,40.85486962,-99.07500296,"Buffalo, Nebraska, US",0,0,0,0,0,0,0,0,0,0,0,0,0,0,0,0,0,0,0,0,0,0,0,0,0,0,0,0,0,0,0,0,0,0,0,0,0,0,0,0,0,0,0,0,0,0,0,0,0,0,0,0,0,0,0,0,0,0,0,1,2,2,2,2,2,4,4,5,6,6,7,8,9,14,17,18,23,28,31,31,33,35,36,38,38,42,44,47,52,55,55,61,70,75,85,86,91,90,97,101,111,113,114,116,116,116,119,119,121,121,121,126,128,130,134,136,136,136,136,136,136,137,140,142,142,145,148,150,153,156,157,159,166,168,171,172,174,174,174,175,175,177,177,177,177,176,176,176,177,178,179,179
84031021,US,USA,840,31021.0,Burt,Nebraska,US,41.85056773,-96.32605633,"Burt, Nebraska, US",0,0,0,0,0,0,0,0,0,0,0,0,0,0,0,0,0,0,0,0,0,0,0,0,0,0,0,0,0,0,0,0,0,0,0,0,0,0,0,0,0,0,0,0,0,0,0,0,0,0,0,0,0,0,0,0,0,0,0,0,0,0,0,0,0,0,0,0,0,0,0,0,0,0,0,0,0,0,1,1,1,1,1,1,1,1,1,1,1,1,1,1,1,1,1,2,2,2,2,3,3,4,5,5,5,5,5,5,6,6,6,6,5,5,5,5,5,5,5,5,7,8,8,8,8,9,9,9,9,9,9,8,8,8,9,10,10,10,10,10,10,9,9,9,10,11,11,11,11,11,11,11
84031023,US,USA,840,31023.0,Butler,Nebraska,US,41.22703692,-97.13106306,"Butler, Nebraska, US",0,0,0,0,0,0,0,0,0,0,0,0,0,0,0,0,0,0,0,0,0,0,0,0,0,0,0,0,0,0,0,0,0,0,0,0,0,0,0,0,0,0,0,0,0,0,0,0,0,0,0,0,0,0,0,0,0,0,0,0,0,0,0,0,0,0,0,0,0,0,0,0,0,0,0,0,0,0,0,0,0,0,0,0,0,0,0,1,1,1,1,1,1,1,1,2,1,2,2,4,5,6,6,7,8,10,13,15,16,16,22,23,23,27,28,29,29,31,34,37,37,44,45,45,45,45,45,47,47,48,48,48,49,50,50,50,51,51,51,51,51,50,51,51,51,51,51,51,51,51,51,51
84031025,US,USA,840,31025.0,Cass,Nebraska,US,40.90899107,-96.13971217,"Cass, Nebraska, US",0,0,0,0,0,0,0,0,0,0,0,0,0,0,0,0,0,0,0,0,0,0,0,0,0,0,0,0,0,0,0,0,0,0,0,0,0,0,0,0,0,0,0,0,0,0,0,0,0,0,0,1,1,1,1,1,1,1,1,1,1,1,2,2,2,2,2,2,2,2,2,2,2,2,2,2,2,3,3,3,3,3,3,3,3,3,3,3,5,4,4,3,4,4,4,4,4,4,5,5,5,6,6,6,6,7,9,9,11,11,11,13,15,15,15,18,18,21,23,26,27,28,34,37,38,39,40,42,46,47,50,51,53,53,53,54,54,55,55,57,58,59,59,60,60,60,60,60,60,60,61,61
84031027,US,USA,840,31027.0,Cedar,Nebraska,US,42.598885100000004,-97.25311951,"Cedar, Nebraska, US",0,0,0,0,0,0,0,0,0,0,0,0,0,0,0,0,0,0,0,0,0,0,0,0,0,0,0,0,0,0,0,0,0,0,0,0,0,0,0,0,0,0,0,0,0,0,0,0,0,0,0,0,0,0,0,0,0,0,0,0,0,0,0,0,0,0,0,0,0,0,0,0,0,0,0,0,0,0,0,0,0,0,0,0,0,0,0,0,0,0,0,0,0,0,0,0,2,2,2,4,4,4,4,4,4,4,5,5,5,6,6,6,6,6,6,6,6,6,6,6,6,7,7,7,7,7,7,7,7,8,8,8,8,8,8,8,8,8,8,8,8,8,8,8,8,8,8,8,8,9,9,9
84031029,US,USA,840,31029.0,Chase,Nebraska,US,40.523719799999995,-101.69780259999999,"Chase, Nebraska, US",0,0,0,0,0,0,0,0,0,0,0,0,0,0,0,0,0,0,0,0,0,0,0,0,0,0,0,0,0,0,0,0,0,0,0,0,0,0,0,0,0,0,0,0,0,0,0,0,0,0,0,0,0,0,0,0,0,0,0,0,0,0,0,0,0,0,0,0,0,0,0,0,0,0,0,0,0,0,0,0,0,0,0,0,0,0,0,0,0,0,0,0,0,0,0,0,0,0,0,0,0,0,0,0,0,0,0,0,0,0,0,0,0,0,0,0,0,0,0,0,0,0,0,1,1,1,1,1,1,1,1,1,1,1,1,1,1,1,1,1,1,1,1,1,1,1,1,1,1,1,1,1
84031031,US,USA,840,31031.0,Cherry,Nebraska,US,42.54502621,-101.1244332,"Cherry, Nebraska, US",0,0,0,0,0,0,0,0,0,0,0,0,0,0,0,0,0,0,0,0,0,0,0,0,0,0,0,0,0,0,0,0,0,0,0,0,0,0,0,0,0,0,0,0,0,0,0,0,0,0,0,0,0,0,0,0,0,0,0,0,0,0,0,0,0,0,0,0,0,0,0,0,0,1,1,1,1,1,1,1,1,1,1,1,1,1,1,1,1,1,1,1,1,1,1,1,1,1,1,1,1,1,1,1,1,1,1,1,1,1,1,1,1,1,1,1,1,1,1,1,1,1,1,1,1,1,1,1,1,1,1,1,1,1,1,1,1,1,1,1,1,1,1,1,1,1,1,1,1,1,1,1
84031033,US,USA,840,31033.0,Cheyenne,Nebraska,US,41.21999357,-102.9941693,"Cheyenne, Nebraska, US",0,0,0,0,0,0,0,0,0,0,0,0,0,0,0,0,0,0,0,0,0,0,0,0,0,0,0,0,0,0,0,0,0,0,0,0,0,0,0,0,0,0,0,0,0,0,0,0,0,0,0,0,0,0,0,0,0,0,0,0,0,0,0,0,0,0,0,0,0,0,0,0,0,0,0,1,1,1,1,1,2,3,3,2,2,3,3,4,4,4,4,5,5,5,5,5,6,6,6,6,6,7,7,7,7,7,7,8,8,8,8,8,8,8,8,8,9,9,9,9,9,9,9,9,9,9,9,9,9,9,9,9,9,9,9,10,10,10,10,10,10,10,10,10,10,10,11,11,12,13,13,13
84031035,US,USA,840,31035.0,Clay,Nebraska,US,40.52439441,-98.05126296,"Clay, Nebraska, US",0,0,0,0,0,0,0,0,0,0,0,0,0,0,0,0,0,0,0,0,0,0,0,0,0,0,0,0,0,0,0,0,0,0,0,0,0,0,0,0,0,0,0,0,0,0,0,0,0,0,0,0,0,0,0,0,0,0,0,0,0,0,0,0,0,0,0,0,0,0,0,0,0,0,0,0,0,0,0,0,2,2,2,2,2,2,2,3,4,4,5,5,4,4,5,4,5,5,9,9,10,11,12,13,13,10,10,11,11,11,11,11,13,14,15,17,18,18,19,19,20,22,22,22,22,23,24,24,24,24,24,24,24,24,24,24,24,24,24,24,24,24,24,24,24,24,24,24,24,25,27,27
84031037,US,USA,840,31037.0,Colfax,Nebraska,US,41.57486951,-97.0868542,"Colfax, Nebraska, US",0,0,0,0,0,0,0,0,0,0,0,0,0,0,0,0,0,0,0,0,0,0,0,0,0,0,0,0,0,0,0,0,0,0,0,0,0,0,0,0,0,0,0,0,0,0,0,0,0,0,0,0,0,0,0,0,0,0,0,0,0,0,0,0,0,0,0,0,0,0,0,0,1,1,2,2,3,3,3,3,4,4,4,4,4,4,4,4,4,5,5,5,6,9,9,20,22,23,44,69,116,153,161,241,255,292,338,391,413,411,419,431,446,467,481,508,516,528,532,559,573,580,592,599,602,604,604,609,612,612,617,619,620,624,626,631,635,637,637,639,639,643,646,646,647,647,651,653,653,655,657,658
84031039,US,USA,840,31039.0,Cuming,Nebraska,US,41.91637624,-96.78730772,"Cuming, Nebraska, US",0,0,0,0,0,0,0,0,0,0,0,0,0,0,0,0,0,0,0,0,0,0,0,0,0,0,0,0,0,0,0,0,0,0,0,0,0,0,0,0,0,0,0,0,0,0,0,0,0,0,0,0,0,0,0,0,0,0,0,0,0,0,0,0,0,0,0,0,0,0,1,1,1,1,2,2,2,2,2,2,2,2,2,2,2,2,2,2,2,2,2,2,3,3,3,3,4,4,5,6,6,7,7,9,10,10,10,10,12,14,14,14,15,15,16,16,17,17,17,18,26,26,32,31,31,31,31,31,31,31,31,32,34,34,34,34,34,34,34,34,34,34,34,34,34,34,34,34,34,34,34,34
84031041,US,USA,840,31041.0,Custer,Nebraska,US,41.39374521,-99.72805369,"Custer, Nebraska, US",0,0,0,0,0,0,0,0,0,0,0,0,0,0,0,0,0,0,0,0,0,0,0,0,0,0,0,0,0,0,0,0,0,0,0,0,0,0,0,0,0,0,0,0,0,0,0,0,0,0,0,0,0,0,0,0,0,0,0,0,0,0,0,0,0,0,0,0,0,0,0,0,0,0,0,1,1,3,3,3,13,13,19,19,19,19,19,18,20,20,20,20,20,20,21,22,22,22,22,23,24,25,26,26,26,26,27,27,27,27,27,27,29,29,29,29,29,29,29,28,29,30,30,31,31,31,31,31,31,31,31,31,31,31,33,34,34,34,34,34,34,34,34,34,34,34,34,34,34,34,34,34
84031043,US,USA,840,31043.0,Dakota,Nebraska,US,42.39040144,-96.56656425,"Dakota, Nebraska, US",0,0,0,0,0,0,0,0,0,0,0,0,0,0,0,0,0,0,0,0,0,0,0,0,0,0,0,0,0,0,0,0,0,0,0,0,0,0,0,0,0,0,0,0,0,0,0,0,0,0,0,0,0,0,0,0,0,0,0,0,0,0,0,0,0,0,0,0,0,0,0,0,0,0,0,0,0,0,0,0,0,0,2,2,2,3,9,22,29,51,73,86,246,246,332,403,459,608,608,656,942,942,980,980,980,980,1017,1323,1342,1348,1378,1362,1376,1412,1444,1454,1458,1476,1476,1475,1489,1568,1575,1582,1612,1639,1639,1650,1650,1661,1663,1665,1675,1684,1692,1702,1702,1704,1715,1716,1717,1719,1719,1719,1722,1724,1725,1729,1735,1737,1738,1739
84031045,US,USA,840,31045.0,Dawes,Nebraska,US,42.71985036,-103.1313774,"Dawes, Nebraska, US",0,0,0,0,0,0,0,0,0,0,0,0,0,0,0,0,0,0,0,0,0,0,0,0,0,0,0,0,0,0,0,0,0,0,0,0,0,0,0,0,0,0,0,0,0,0,0,0,0,0,0,0,0,0,0,0,0,0,0,0,0,0,0,0,0,0,0,0,0,0,0,0,0,0,0,0,0,0,0,0,0,0,0,0,0,0,0,0,0,0,0,0,0,0,0,2,0,0,0,2,0,0,0,0,0,0,0,0,1,1,1,1,1,1,1,2,1,1,2,1,1,1,1,1,1,1,1,1,1,1,1,1,1,1,1,1,1,1,1,1,1,1,1,1,1,1,1,1,1,2,2,2
84031047,US,USA,840,31047.0,Dawson,Nebraska,US,40.87028216,-99.82014609999999,"Dawson, Nebraska, US",0,0,0,0,0,0,0,0,0,0,0,0,0,0,0,0,0,0,0,0,0,0,0,0,0,0,0,0,0,0,0,0,0,0,0,0,0,0,0,0,0,0,0,0,0,0,0,0,0,0,0,0,0,0,0,0,0,0,0,0,0,0,0,0,0,0,1,1,1,1,1,1,1,1,1,1,1,1,2,3,3,12,13,18,18,21,24,30,124,172,175,197,256,307,352,367,409,410,424,456,503,518,543,552,617,676,679,680,705,707,712,717,753,756,778,804,805,811,811,812,813,814,816,820,820,826,827,833,833,835,838,839,839,840,841,842,842,843,843,843,844,844,844,844,844,845,846,847,847,848,849,850
84031049,US,USA,840,31049.0,Deuel,Nebraska,US,41.11168186,-102.33333309999999,"Deuel, Nebraska, US",0,0,0,0,0,0,0,0,0,0,0,0,0,0,0,0,0,0,0,0,0,0,0,0,0,0,0,0,0,0,0,0,0,0,0,0,0,0,0,0,0,0,0,0,0,0,0,0,0,0,0,0,0,0,0,0,0,0,0,0,0,0,0,0,0,0,0,0,0,0,0,0,0,0,0,0,0,0,0,0,0,0,0,0,0,0,0,0,0,0,0,0,0,0,0,0,0,0,0,0,0,0,0,0,0,0,0,0,0,0,0,0,0,0,0,0,0,0,0,0,0,0,0,0,0,0,0,0,0,0,0,0,0,0,0,0,0,0,0,0,0,0,0,0,0,0,0,0,0,0,0,0
84031051,US,USA,840,31051.0,Dixon,Nebraska,US,42.49188363,-96.86782408,"Dixon, Nebraska, US",0,0,0,0,0,0,0,0,0,0,0,0,0,0,0,0,0,0,0,0,0,0,0,0,0,0,0,0,0,0,0,0,0,0,0,0,0,0,0,0,0,0,0,0,0,0,0,0,0,0,0,0,0,0,0,0,0,0,0,0,0,0,0,0,0,0,0,0,0,0,0,0,0,0,0,0,0,0,0,0,0,0,0,0,0,0,0,0,0,1,1,1,1,1,2,2,3,3,5,7,7,12,13,14,14,14,15,23,24,24,24,24,25,25,25,26,27,27,27,27,27,24,24,25,25,25,25,26,26,27,27,29,29,29,29,32,32,32,32,32,34,35,38,39,40,40,40,40,40,40,40,43
84031053,US,USA,840,31053.0,Dodge,Nebraska,US,41.58071748,-96.65598179,"Dodge, Nebraska, US",0,0,0,0,0,0,0,0,0,0,0,0,0,0,0,0,0,0,0,0,0,0,0,0,0,0,0,0,0,0,0,0,0,0,0,0,0,0,0,0,0,0,0,0,0,0,0,0,0,0,0,0,0,0,0,0,0,0,0,0,0,0,0,0,0,0,2,2,3,3,4,4,5,6,7,7,7,7,7,7,7,9,10,12,12,12,12,12,16,18,18,18,41,43,45,45,50,50,53,55,60,73,111,119,124,126,138,139,147,147,157,166,202,203,225,236,242,266,274,282,295,314,351,355,376,390,407,413,439,463,465,478,487,503,531,557,565,567,571,582,591,611,616,621,621,638,639,642,645,652,654,654
84031055,US,USA,840,31055.0,Douglas,Nebraska,US,41.29518299,-96.15085305,"Douglas, Nebraska, US",0,0,0,0,0,0,0,0,0,0,0,0,0,0,0,0,0,0,0,0,0,0,0,0,0,0,0,0,0,0,0,0,0,0,0,0,0,0,0,0,0,0,0,0,1,1,1,3,3,4,9,12,16,15,16,19,19,23,22,25,34,34,39,43,44,44,51,57,75,85,101,116,124,131,144,159,159,181,198,214,228,239,242,251,251,259,266,266,280,291,296,310,327,362,382,419,476,484,580,656,744,825,878,944,1049,1113,1221,1342,1501,1551,1616,1668,1779,1960,2093,2305,2362,2446,2583,2692,2798,2881,3024,3094,3186,3329,3583,3736,3955,4073,4198,4331,4476,4640,4769,4893,4982,5032,5092,5164,5245,5403,5540,5611,5668,5734,5850,5953,6058,6169,6234,6299
84031057,US,USA,840,31057.0,Dundy,Nebraska,US,40.17638677,-101.6876522,"Dundy, Nebraska, US",0,0,0,0,0,0,0,0,0,0,0,0,0,0,0,0,0,0,0,0,0,0,0,0,0,0,0,0,0,0,0,0,0,0,0,0,0,0,0,0,0,0,0,0,0,0,0,0,0,0,0,0,0,0,0,0,0,0,0,0,0,0,0,0,0,0,0,0,0,0,0,0,0,0,0,0,0,0,0,0,0,0,0,0,0,0,0,0,0,0,0,0,0,0,0,0,0,0,0,0,0,0,0,0,0,0,0,0,0,0,0,0,0,0,0,0,0,0,0,0,0,0,0,0,0,0,0,0,0,0,0,0,0,0,0,0,0,0,0,0,0,0,0,0,0,0,0,0,0,0,0,0
84031059,US,USA,840,31059.0,Fillmore,Nebraska,US,40.52458567,-97.59646937,"Fillmore, Nebraska, US",0,0,0,0,0,0,0,0,0,0,0,0,0,0,0,0,0,0,0,0,0,0,0,0,0,0,0,0,0,0,0,0,0,0,0,0,0,0,0,0,0,0,0,0,0,0,0,0,0,0,0,0,0,0,0,0,0,0,0,0,0,0,0,0,0,0,0,0,0,0,0,0,0,0,0,0,0,0,0,0,0,0,0,0,0,0,0,0,0,0,0,1,1,1,1,1,1,1,1,1,1,2,2,2,3,3,3,3,3,3,3,3,3,4,4,4,4,4,4,5,5,5,5,5,5,5,5,5,5,6,6,7,7,7,7,7,7,7,7,7,9,9,9,9,10,11,13,13,13,13,13,13
84031061,US,USA,840,31061.0,Franklin,Nebraska,US,40.17636348,-98.95299073,"Franklin, Nebraska, US",0,0,0,0,0,0,0,0,0,0,0,0,0,0,0,0,0,0,0,0,0,0,0,0,0,0,0,0,0,0,0,0,0,0,0,0,0,0,0,0,0,0,0,0,0,0,0,0,0,0,0,0,0,0,0,0,0,0,0,0,0,0,0,0,0,0,0,0,0,0,0,0,0,0,0,0,0,0,0,0,2,2,3,3,3,3,3,3,3,3,3,3,3,3,3,3,3,3,3,5,5,5,5,5,5,5,5,5,5,5,5,5,5,5,5,5,5,5,5,5,6,6,6,6,6,6,6,6,6,6,6,6,6,6,6,6,6,6,6,6,6,6,6,6,6,6,6,6,6,6,6,6
84031063,US,USA,840,31063.0,Frontier,Nebraska,US,40.52993007,-100.3924658,"Frontier, Nebraska, US",0,0,0,0,0,0,0,0,0,0,0,0,0,0,0,0,0,0,0,0,0,0,0,0,0,0,0,0,0,0,0,0,0,0,0,0,0,0,0,0,0,0,0,0,0,0,0,0,0,0,0,0,0,0,0,0,0,0,0,0,0,0,0,0,0,0,0,0,0,0,0,0,0,0,0,0,0,0,0,0,0,0,0,0,0,0,0,0,0,0,0,0,0,0,0,0,0,0,0,1,1,1,1,1,1,1,1,1,1,1,1,1,1,1,1,1,1,1,1,1,1,1,1,1,1,1,1,1,1,1,1,1,1,1,1,1,1,1,1,1,1,1,1,1,1,1,1,1,1,1,1,1
84031065,US,USA,840,31065.0,Furnas,Nebraska,US,40.17642064,-99.91247454,"Furnas, Nebraska, US",0,0,0,0,0,0,0,0,0,0,0,0,0,0,0,0,0,0,0,0,0,0,0,0,0,0,0,0,0,0,0,0,0,0,0,0,0,0,0,0,0,0,0,0,0,0,0,0,0,0,0,0,0,0,0,0,0,0,0,0,0,0,0,0,0,0,0,0,0,0,0,0,0,0,0,0,0,0,0,0,0,0,0,0,0,0,0,0,2,2,2,2,2,2,2,2,2,2,3,3,3,4,4,4,4,4,4,4,4,4,4,4,4,4,5,5,6,6,6,6,6,6,7,7,7,8,8,8,8,9,9,9,9,9,9,9,9,9,9,9,9,9,9,9,9,9,9,9,9,9,9,9
84031067,US,USA,840,31067.0,Gage,Nebraska,US,40.26186809,-96.68946704,"Gage, Nebraska, US",0,0,0,0,0,0,0,0,0,0,0,0,0,0,0,0,0,0,0,0,0,0,0,0,0,0,0,0,0,0,0,0,0,0,0,0,0,0,0,0,0,0,0,0,0,0,0,0,0,0,0,0,0,0,0,0,0,0,0,0,0,0,1,1,1,1,1,1,0,0,0,1,2,2,9,9,23,23,24,24,25,25,26,26,26,26,26,27,28,28,28,28,28,29,29,29,33,33,35,36,38,38,38,39,39,39,40,40,40,41,41,41,41,41,42,42,41,42,43,43,44,44,44,44,44,44,44,44,45,45,45,45,45,45,45,45,45,45,45,45,45,45,45,45,45,45,45,46,46,46,47,47
84031069,US,USA,840,31069.0,Garden,Nebraska,US,41.61703149,-102.3313973,"Garden, Nebraska, US",0,0,0,0,0,0,0,0,0,0,0,0,0,0,0,0,0,0,0,0,0,0,0,0,0,0,0,0,0,0,0,0,0,0,0,0,0,0,0,0,0,0,0,0,0,0,0,0,0,0,0,0,0,0,0,0,0,0,0,0,0,0,0,0,0,0,0,0,0,0,0,0,0,0,0,0,0,0,0,0,0,0,0,0,0,0,0,0,0,0,0,0,0,0,0,0,0,0,0,0,0,0,0,0,0,0,0,0,0,0,0,0,0,0,0,0,0,0,0,0,0,0,0,0,0,0,0,0,0,0,0,2,2,4,4,4,4,4,4,4,4,4,4,4,4,4,4,4,4,4,4,4
84031071,US,USA,840,31071.0,Garfield,Nebraska,US,41.91428955,-98.99111827,"Garfield, Nebraska, US",0,0,0,0,0,0,0,0,0,0,0,0,0,0,0,0,0,0,0,0,0,0,0,0,0,0,0,0,0,0,0,0,0,0,0,0,0,0,0,0,0,0,0,0,0,0,0,0,0,0,0,0,0,0,0,0,0,0,0,0,0,0,0,0,0,0,0,0,0,0,0,0,0,0,0,0,0,0,0,0,0,0,0,0,0,0,0,0,0,0,0,0,0,0,0,0,0,0,0,0,0,0,0,0,0,0,0,0,0,0,0,1,0,0,0,0,0,0,0,0,0,0,0,0,0,0,0,0,1,0,0,0,0,0,0,1,1,1,1,1,1,1,1,1,1,1,1,1,1,1,1,1
84031073,US,USA,840,31073.0,Gosper,Nebraska,US,40.51481965,-99.83020279,"Gosper, Nebraska, US",0,0,0,0,0,0,0,0,0,0,0,0,0,0,0,0,0,0,0,0,0,0,0,0,0,0,0,0,0,0,0,0,0,0,0,0,0,0,0,0,0,0,0,0,0,0,0,0,0,0,0,0,0,0,0,0,0,0,0,0,0,0,0,0,0,0,0,1,1,1,1,1,1,1,1,1,1,1,1,1,1,1,1,1,1,1,1,3,5,6,6,7,8,8,8,8,8,8,9,9,10,11,11,11,12,12,12,12,12,12,12,13,13,13,13,13,13,13,13,13,13,13,13,13,13,13,13,13,13,13,13,13,13,13,13,13,13,13,13,13,13,13,13,13,13,13,13,13,13,13,13,13
84031075,US,USA,840,31075.0,Grant,Nebraska,US,41.91528587,-101.740701,"Grant, Nebraska, US",0,0,0,0,0,0,0,0,0,0,0,0,0,0,0,0,0,0,0,0,0,0,0,0,0,0,0,0,0,0,0,0,0,0,0,0,0,0,0,0,0,0,0,0,0,0,0,0,0,0,0,0,0,0,0,0,0,0,0,0,0,0,0,0,0,0,0,0,0,0,0,0,0,0,0,0,0,0,0,0,0,0,0,0,0,0,0,0,0,0,0,0,0,0,0,0,0,0,0,0,0,0,0,0,0,0,0,0,0,0,0,0,0,0,0,0,0,0,0,0,0,0,0,0,0,0,0,0,0,0,0,0,0,0,0,0,0,0,0,0,0,0,0,0,0,0,0,0,0,0,0,0
84031077,US,USA,840,31077.0,Greeley,Nebraska,US,41.56742671,-98.52150266,"Greeley, Nebraska, US",0,0,0,0,0,0,0,0,0,0,0,0,0,0,0,0,0,0,0,0,0,0,0,0,0,0,0,0,0,0,0,0,0,0,0,0,0,0,0,0,0,0,0,0,0,0,0,0,0,0,0,0,0,0,0,0,0,0,0,0,0,0,0,0,0,0,0,0,0,0,0,0,0,0,0,0,0,0,0,0,0,0,0,0,0,0,0,0,0,0,0,0,1,1,1,1,2,2,2,2,2,2,2,2,2,2,2,2,2,2,2,2,2,2,2,2,2,2,2,2,2,2,3,3,3,3,2,2,2,2,2,2,2,2,2,3,3,3,3,3,3,3,3,3,3,3,3,3,3,3,3,3
84031079,US,USA,840,31079.0,Hall,Nebraska,US,40.87257079,-98.50218293,"Hall, Nebraska, US",0,0,0,0,0,0,0,0,0,0,0,0,0,0,0,0,0,0,0,0,0,0,0,0,0,0,0,0,0,0,0,0,0,0,0,0,0,0,0,0,0,0,0,0,0,0,0,0,0,0,0,0,0,0,0,0,0,0,0,0,0,0,0,0,0,0,3,3,6,8,15,17,26,40,44,55,58,69,84,116,129,159,161,214,214,231,247,403,457,531,554,588,647,734,797,876,908,908,943,1025,1111,1160,1256,1281,1284,1287,1306,1311,1325,1328,1332,1344,1377,1392,1409,1424,1430,1433,1435,1441,1452,1458,1460,1464,1466,1470,1472,1476,1484,1495,1503,1515,1522,1525,1532,1539,1542,1543,1546,1550,1553,1559,1560,1561,1561,1562,1564,1567,1569,1571,1571,1574
84031081,US,USA,840,31081.0,Hamilton,Nebraska,US,40.87349452,-98.02099117,"Hamilton, Nebraska, US",0,0,0,0,0,0,0,0,0,0,0,0,0,0,0,0,0,0,0,0,0,0,0,0,0,0,0,0,0,0,0,0,0,0,0,0,0,0,0,0,0,0,0,0,0,0,0,0,0,0,0,0,0,0,0,0,0,0,0,0,0,0,0,0,0,0,0,0,0,0,0,2,3,4,6,6,7,7,8,9,10,11,11,13,13,14,14,16,19,20,22,27,28,32,46,46,41,41,41,42,44,44,45,45,45,45,45,45,45,46,46,46,47,47,48,48,50,51,52,52,52,52,54,54,54,54,54,54,54,55,55,55,55,55,55,55,56,56,56,56,56,56,56,56,56,56,56,57,57,57,57,58
84031083,US,USA,840,31083.0,Harlan,Nebraska,US,40.17658508,-99.40438879,"Harlan, Nebraska, US",0,0,0,0,0,0,0,0,0,0,0,0,0,0,0,0,0,0,0,0,0,0,0,0,0,0,0,0,0,0,0,0,0,0,0,0,0,0,0,0,0,0,0,0,0,0,0,0,0,0,0,0,0,0,0,0,0,0,0,0,0,0,0,0,0,0,0,0,0,0,0,0,0,0,0,0,0,0,0,0,0,0,0,0,0,0,0,0,0,0,0,0,0,0,0,0,0,0,0,0,0,0,0,0,0,0,0,0,0,0,0,0,0,0,0,0,0,0,0,0,0,1,1,1,1,1,1,1,0,0,0,0,0,0,0,0,0,0,0,0,0,0,0,0,0,0,0,0,0,0,0,0
84031085,US,USA,840,31085.0,Hayes,Nebraska,US,40.52451972,-101.0603568,"Hayes, Nebraska, US",0,0,0,0,0,0,0,0,0,0,0,0,0,0,0,0,0,0,0,0,0,0,0,0,0,0,0,0,0,0,0,0,0,0,0,0,0,0,0,0,0,0,0,0,0,0,0,0,0,0,0,0,0,0,0,0,0,0,0,0,0,0,0,0,0,0,0,0,0,0,0,0,0,0,0,0,0,0,0,0,0,0,0,0,0,0,0,0,0,0,0,0,0,0,0,0,0,0,0,0,0,0,0,0,0,0,0,0,0,0,0,0,0,0,0,0,0,0,0,0,0,0,0,0,0,0,0,0,0,0,0,0,0,0,0,0,0,0,0,0,0,0,0,0,0,0,0,0,0,0,0,0
84031087,US,USA,840,31087.0,Hitchcock,Nebraska,US,40.17609175,-101.04164770000001,"Hitchcock, Nebraska, US",0,0,0,0,0,0,0,0,0,0,0,0,0,0,0,0,0,0,0,0,0,0,0,0,0,0,0,0,0,0,0,0,0,0,0,0,0,0,0,0,0,0,0,0,0,0,0,0,0,0,0,0,0,0,0,0,0,0,0,0,0,0,0,0,0,0,0,0,0,0,0,0,0,0,0,0,0,0,0,0,0,0,0,0,0,0,0,0,0,0,0,0,0,0,0,0,0,0,0,1,1,1,1,1,1,1,1,1,1,1,1,1,1,1,1,1,1,1,1,1,1,1,1,1,1,1,1,1,1,1,1,1,1,1,1,1,1,1,1,1,1,1,1,1,1,1,1,1,1,1,1,1
84031089,US,USA,840,31089.0,Holt,Nebraska,US,42.45522056,-98.78402558,"Holt, Nebraska, US",0,0,0,0,0,0,0,0,0,0,0,0,0,0,0,0,0,0,0,0,0,0,0,0,0,0,0,0,0,0,0,0,0,0,0,0,0,0,0,0,0,0,0,0,0,0,0,0,0,0,0,0,0,0,0,0,0,0,0,0,0,0,0,0,0,0,0,0,0,0,0,0,0,0,0,0,0,0,0,0,0,0,0,0,0,0,0,0,0,0,0,0,0,0,0,0,0,0,0,0,0,0,1,1,1,1,1,1,1,1,1,1,1,1,1,1,1,1,1,1,1,1,1,1,1,1,1,1,1,1,1,1,1,1,1,1,1,1,1,1,1,1,1,1,1,1,1,1,1,1,1,1
84031091,US,USA,840,31091.0,Hooker,Nebraska,US,41.91586243,-101.1354293,"Hooker, Nebraska, US",0,0,0,0,0,0,0,0,0,0,0,0,0,0,0,0,0,0,0,0,0,0,0,0,0,0,0,0,0,0,0,0,0,0,0,0,0,0,0,0,0,0,0,0,0,0,0,0,0,0,0,0,0,0,0,0,0,0,0,0,0,0,0,0,0,0,0,0,0,0,0,0,0,0,0,0,0,0,0,0,0,0,0,0,0,0,0,0,0,0,0,0,0,0,0,0,0,0,0,0,0,1,0,0,0,0,0,0,0,0,0,0,0,0,0,0,0,0,0,0,0,0,0,0,0,0,0,0,0,0,0,0,0,0,0,0,0,0,0,0,0,0,0,0,0,0,0,0,0,0,0,0
84031093,US,USA,840,31093.0,Howard,Nebraska,US,41.2200529,-98.5166499,"Howard, Nebraska, US",0,0,0,0,0,0,0,0,0,0,0,0,0,0,0,0,0,0,0,0,0,0,0,0,0,0,0,0,0,0,0,0,0,0,0,0,0,0,0,0,0,0,0,0,0,0,0,0,0,0,0,0,0,0,0,0,0,0,0,0,0,0,0,0,0,0,0,0,0,0,0,0,0,0,0,0,0,0,0,0,0,0,0,0,0,0,2,2,3,3,4,5,9,9,11,12,10,10,12,12,15,16,17,17,17,19,19,21,21,21,21,23,28,28,32,35,36,36,38,38,38,38,39,39,39,40,40,40,42,42,42,42,42,42,42,43,43,43,43,43,44,44,44,45,45,44,44,44,44,44,44,44
84031095,US,USA,840,31095.0,Jefferson,Nebraska,US,40.17584531,-97.142601,"Jefferson, Nebraska, US",0,0,0,0,0,0,0,0,0,0,0,0,0,0,0,0,0,0,0,0,0,0,0,0,0,0,0,0,0,0,0,0,0,0,0,0,0,0,0,0,0,0,0,0,0,0,0,0,0,0,0,0,0,0,0,0,0,0,0,0,0,0,0,0,0,0,0,0,0,0,0,0,0,0,0,0,0,0,0,0,0,0,0,0,0,0,0,0,0,0,0,0,0,0,0,1,2,3,3,4,4,4,4,4,4,4,4,4,4,4,5,5,6,5,5,6,6,6,6,6,6,6,6,6,6,6,6,6,6,6,6,6,7,7,7,7,7,8,8,9,9,9,9,9,9,9,9,9,9,9,9,9
84031097,US,USA,840,31097.0,Johnson,Nebraska,US,40.39257596,-96.26522753,"Johnson, Nebraska, US",0,0,0,0,0,0,0,0,0,0,0,0,0,0,0,0,0,0,0,0,0,0,0,0,0,0,0,0,0,0,0,0,0,0,0,0,0,0,0,0,0,0,0,0,0,0,0,0,0,0,0,0,0,0,0,0,0,0,0,0,0,0,0,0,0,0,0,0,0,0,0,0,0,0,1,0,0,1,1,1,1,1,1,1,1,1,1,2,2,2,2,2,2,2,2,4,4,4,4,4,4,4,4,4,4,4,4,5,5,5,5,5,5,5,6,6,7,7,7,7,7,7,7,7,7,7,7,7,7,6,6,6,6,6,6,6,6,6,6,6,6,6,6,6,6,6,6,6,6,6,6,6
84031099,US,USA,840,31099.0,Kearney,Nebraska,US,40.50663314,-98.94877182,"Kearney, Nebraska, US",0,0,0,0,0,0,0,0,0,0,0,0,0,0,0,0,0,0,0,0,0,0,0,0,0,0,0,0,0,0,0,0,0,0,0,0,0,0,0,0,0,0,0,0,0,0,0,0,0,0,0,0,0,0,0,0,0,0,0,0,0,0,0,0,0,1,1,1,1,1,1,1,1,1,2,2,2,3,3,3,3,3,3,3,3,3,3,3,4,4,4,4,4,4,4,4,4,4,4,4,4,4,4,4,5,6,6,6,6,6,7,9,9,10,10,11,11,11,11,11,11,11,11,11,12,12,12,12,11,11,11,11,11,11,12,12,12,12,12,12,12,12,12,12,12,12,12,12,12,12,12,12
84031101,US,USA,840,31101.0,Keith,Nebraska,US,41.19930341,-101.66201640000001,"Keith, Nebraska, US",0,0,0,0,0,0,0,0,0,0,0,0,0,0,0,0,0,0,0,0,0,0,0,0,0,0,0,0,0,0,0,0,0,0,0,0,0,0,0,0,0,0,0,0,0,0,0,0,0,0,0,0,0,0,0,0,0,0,0,0,0,0,0,0,0,0,0,0,0,0,0,0,0,0,0,0,0,0,0,0,0,0,0,0,0,0,0,0,0,0,0,0,0,0,0,0,0,0,0,0,0,1,1,1,1,1,1,2,2,2,2,2,2,2,2,2,2,2,2,2,2,2,2,2,2,2,2,2,2,2,2,2,2,2,2,2,2,2,2,2,2,2,2,2,2,2,2,2,2,2,2,2
84031103,US,USA,840,31103.0,Keya Paha,Nebraska,US,42.87990694,-99.71343729,"Keya Paha, Nebraska, US",0,0,0,0,0,0,0,0,0,0,0,0,0,0,0,0,0,0,0,0,0,0,0,0,0,0,0,0,0,0,0,0,0,0,0,0,0,0,0,0,0,0,0,0,0,0,0,0,0,0,0,0,0,0,0,0,0,0,0,0,0,0,0,0,0,0,0,0,0,0,0,0,0,0,0,0,0,0,0,0,0,0,0,0,0,0,0,0,0,0,0,0,0,0,0,0,0,0,0,0,0,0,0,0,0,0,0,0,0,0,0,0,0,0,0,0,0,0,0,3,3,0,0,0,0,0,0,0,0,0,0,0,0,0,0,0,0,0,0,0,0,0,0,0,0,0,0,0,0,0,0,0
84031105,US,USA,840,31105.0,Kimball,Nebraska,US,41.19774275,-103.7148131,"Kimball, Nebraska, US",0,0,0,0,0,0,0,0,0,0,0,0,0,0,0,0,0,0,0,0,0,0,0,0,0,0,0,0,0,0,0,0,0,0,0,0,0,0,0,0,0,0,0,0,0,0,0,0,0,0,0,0,0,0,0,0,0,0,0,0,0,0,0,0,0,0,0,0,0,0,1,3,5,5,5,9,9,9,10,9,9,9,9,9,9,9,9,9,9,9,9,9,9,9,9,9,9,9,9,9,9,9,9,9,9,9,9,9,9,9,9,9,9,9,9,9,9,9,9,8,8,8,8,8,8,8,8,8,8,8,8,8,8,8,8,8,8,8,8,8,8,8,8,8,8,8,8,8,8,8,8,8
84031107,US,USA,840,31107.0,Knox,Nebraska,US,42.63758421,-97.89178836,"Knox, Nebraska, US",0,0,0,0,0,0,0,0,0,0,0,0,0,0,0,0,0,0,0,0,0,0,0,0,0,0,0,0,0,0,0,0,0,0,0,0,0,0,0,0,0,0,0,0,0,0,0,0,0,1,1,1,1,1,1,2,2,2,2,2,2,2,2,2,2,2,2,2,2,2,2,2,2,2,2,2,2,2,2,2,2,2,2,2,2,2,2,2,2,2,2,2,2,2,2,2,2,2,2,2,2,2,2,2,4,5,5,5,5,6,6,6,6,6,8,8,8,8,8,8,8,8,8,8,9,10,10,10,10,10,10,10,10,10,10,10,11,11,11,11,11,11,11,11,12,13,13,13,16,16,16,16
84031109,US,USA,840,31109.0,Lancaster,Nebraska,US,40.78416049,-96.68777155,"Lancaster, Nebraska, US",0,0,0,0,0,0,0,0,0,0,0,0,0,0,0,0,0,0,0,0,0,0,0,0,0,0,0,0,0,0,0,0,0,0,0,0,0,0,0,0,0,0,0,0,0,0,0,0,0,0,0,0,0,0,0,0,0,0,1,2,2,2,2,3,3,3,4,4,8,8,9,12,14,18,18,32,34,39,44,49,50,52,54,57,57,59,62,63,81,85,92,97,106,114,120,140,157,158,204,240,280,298,330,390,441,452,503,547,595,595,634,650,687,701,733,791,800,892,912,934,995,1002,1033,1047,1084,1098,1119,1140,1176,1194,1205,1222,1244,1262,1278,1310,1340,1349,1363,1376,1393,1428,1445,1460,1463,1480,1516,1538,1569,1586,1597,1601
84031111,US,USA,840,31111.0,Lincoln,Nebraska,US,41.04658298,-100.74753740000001,"Lincoln, Nebraska, US",0,0,0,0,0,0,0,0,0,0,0,0,0,0,0,0,0,0,0,0,0,0,0,0,0,0,0,0,0,0,0,0,0,0,0,0,0,0,0,0,0,0,0,0,0,0,0,0,0,0,0,0,0,0,0,0,1,1,3,3,3,3,3,3,3,3,3,3,5,5,9,11,14,15,15,16,16,17,17,17,17,17,17,17,17,17,17,18,18,18,18,18,18,18,20,20,20,20,23,25,30,33,33,33,33,36,37,39,39,39,40,40,40,40,42,43,44,45,45,46,48,46,47,47,47,47,47,47,47,47,48,48,48,48,47,48,49,49,49,50,51,52,52,53,53,53,53,54,54,54,54,54
84031113,US,USA,840,31113.0,Logan,Nebraska,US,41.56650314,-100.4817851,"Logan, Nebraska, US",0,0,0,0,0,0,0,0,0,0,0,0,0,0,0,0,0,0,0,0,0,0,0,0,0,0,0,0,0,0,0,0,0,0,0,0,0,0,0,0,0,0,0,0,0,0,0,0,0,0,0,0,0,0,0,0,0,0,0,0,0,0,0,0,0,0,0,0,0,0,0,0,0,0,0,1,1,0,0,0,0,0,0,0,0,0,0,0,0,0,0,0,0,0,0,0,0,0,0,0,0,0,0,0,0,0,0,0,0,0,0,0,0,0,0,0,0,0,0,0,0,0,0,0,0,0,0,0,0,0,0,0,0,0,0,0,0,0,0,0,0,0,0,0,0,0,0,0,0,0,0,0
84031115,US,USA,840,31115.0,Loup,Nebraska,US,41.91371961,-99.45440415,"Loup, Nebraska, US",0,0,0,0,0,0,0,0,0,0,0,0,0,0,0,0,0,0,0,0,0,0,0,0,0,0,0,0,0,0,0,0,0,0,0,0,0,0,0,0,0,0,0,0,0,0,0,0,0,0,0,0,0,0,0,0,0,0,0,0,0,0,0,0,0,0,0,0,0,0,0,0,0,0,0,0,0,0,0,0,0,0,0,0,0,0,0,0,0,0,0,0,0,0,0,0,0,0,0,0,0,0,0,0,0,0,0,0,0,0,0,0,0,0,0,0,0,0,0,0,0,0,0,0,0,0,0,0,0,0,0,0,0,0,0,0,0,0,0,0,0,0,0,0,0,0,0,0,0,0,0,0
84031117,US,USA,840,31117.0,McPherson,Nebraska,US,41.56797682,-101.05993620000001,"McPherson, Nebraska, US",0,0,0,0,0,0,0,0,0,0,0,0,0,0,0,0,0,0,0,0,0,0,0,0,0,0,0,0,0,0,0,0,0,0,0,0,0,0,0,0,0,0,0,0,0,0,0,0,0,0,0,0,0,0,0,0,0,0,0,0,0,0,0,0,0,0,0,0,0,0,0,0,0,0,0,0,0,0,0,0,0,0,0,0,0,0,0,0,0,0,0,0,0,0,0,0,0,0,0,0,0,0,0,0,0,10,0,0,0,0,0,0,0,0,0,0,0,0,0,0,0,0,0,0,0,0,0,0,0,0,0,0,0,0,0,0,0,0,0,0,0,0,0,0,0,0,0,0,0,0,0,0
84031119,US,USA,840,31119.0,Madison,Nebraska,US,41.91676024,-97.6005481,"Madison, Nebraska, US",0,0,0,0,0,0,0,0,0,0,0,0,0,0,0,0,0,0,0,0,0,0,0,0,0,0,0,0,0,0,0,0,0,0,0,0,0,0,0,0,0,0,0,0,0,0,0,0,0,0,0,0,0,0,0,0,0,0,0,0,0,0,1,1,1,1,1,1,2,2,3,4,5,5,5,5,5,5,6,6,6,6,6,6,6,7,7,7,9,11,14,16,44,47,55,65,91,95,109,115,132,148,149,157,184,226,237,243,249,251,257,256,264,281,264,270,271,269,271,289,294,294,296,298,299,299,305,306,312,314,314,318,318,320,320,323,323,324,325,328,328,331,331,331,332,333,334,339,344,344,344,344
84031121,US,USA,840,31121.0,Merrick,Nebraska,US,41.16624273,-98.0374887,"Merrick, Nebraska, US",0,0,0,0,0,0,0,0,0,0,0,0,0,0,0,0,0,0,0,0,0,0,0,0,0,0,0,0,0,0,0,0,0,0,0,0,0,0,0,0,0,0,0,0,0,0,0,0,0,0,0,0,0,0,0,0,0,0,0,0,0,0,0,0,0,0,0,0,0,0,0,0,0,2,2,2,2,2,2,2,2,2,2,2,2,5,5,6,7,9,9,9,9,10,10,10,11,11,12,12,13,16,19,19,19,20,20,21,21,21,23,23,26,26,28,28,29,29,29,30,32,32,32,32,32,32,33,33,33,33,33,32,32,33,33,34,34,35,36,36,36,37,37,37,37,36,36,36,37,37,37,37
84031123,US,USA,840,31123.0,Morrill,Nebraska,US,41.71711774,-103.0061405,"Morrill, Nebraska, US",0,0,0,0,0,0,0,0,0,0,0,0,0,0,0,0,0,0,0,0,0,0,0,0,0,0,0,0,0,0,0,0,0,0,0,0,0,0,0,0,0,0,0,0,0,0,0,0,0,0,0,0,0,0,0,0,0,0,0,0,0,0,0,0,0,0,0,0,0,0,0,0,0,0,0,0,0,0,0,0,0,0,0,0,0,1,1,1,1,1,1,1,1,1,1,1,1,1,1,1,1,1,1,3,3,7,7,8,9,9,9,9,9,10,10,10,10,10,10,10,10,10,10,10,10,11,11,11,11,11,11,11,11,11,11,11,11,11,11,11,11,11,12,12,12,12,12,14,14,14,14,14
84031125,US,USA,840,31125.0,Nance,Nebraska,US,41.39750195,-97.99327291,"Nance, Nebraska, US",0,0,0,0,0,0,0,0,0,0,0,0,0,0,0,0,0,0,0,0,0,0,0,0,0,0,0,0,0,0,0,0,0,0,0,0,0,0,0,0,0,0,0,0,0,0,0,0,0,0,0,0,0,0,0,0,0,0,0,0,0,0,0,0,0,0,0,0,0,0,0,0,0,0,0,0,0,0,0,0,0,0,0,0,0,0,1,1,1,1,1,1,1,1,1,1,1,1,1,2,2,3,3,4,4,4,4,4,4,4,4,4,4,4,4,4,4,4,4,4,5,5,5,5,5,5,5,5,4,4,4,4,4,4,4,4,4,4,4,4,4,4,4,4,4,4,4,4,4,4,4,4
84031127,US,USA,840,31127.0,Nemaha,Nebraska,US,40.38514847,-95.85433992,"Nemaha, Nebraska, US",0,0,0,0,0,0,0,0,0,0,0,0,0,0,0,0,0,0,0,0,0,0,0,0,0,0,0,0,0,0,0,0,0,0,0,0,0,0,0,0,0,0,0,0,0,0,0,0,0,0,0,0,0,0,0,0,0,0,1,1,1,1,1,1,1,1,1,1,1,1,1,1,1,1,1,1,1,1,1,1,1,1,1,1,1,1,1,1,1,1,1,1,1,1,1,1,1,1,1,1,1,1,1,1,1,1,1,1,1,1,1,1,2,2,2,2,2,3,3,3,3,3,3,3,3,3,3,3,3,3,3,3,4,4,4,4,4,4,4,4,4,4,4,4,4,4,4,4,4,5,5,5
84031129,US,USA,840,31129.0,Nuckolls,Nebraska,US,40.17637905,-98.04743961,"Nuckolls, Nebraska, US",0,0,0,0,0,0,0,0,0,0,0,0,0,0,0,0,0,0,0,0,0,0,0,0,0,0,0,0,0,0,0,0,0,0,0,0,0,0,0,0,0,0,0,0,0,0,0,0,0,0,0,0,0,0,0,0,0,0,0,0,0,0,0,0,0,0,0,0,0,0,0,0,0,0,0,0,0,0,0,0,0,0,0,0,0,0,0,0,0,0,0,0,0,0,0,0,0,0,0,0,0,0,0,0,0,0,0,0,0,0,0,0,0,0,0,1,1,1,1,1,1,1,1,1,1,1,1,1,1,1,1,1,1,1,1,1,1,1,1,1,1,1,1,1,1,1,1,1,1,1,1,1
84031131,US,USA,840,31131.0,Otoe,Nebraska,US,40.64843556,-96.13374142,"Otoe, Nebraska, US",0,0,0,0,0,0,0,0,0,0,0,0,0,0,0,0,0,0,0,0,0,0,0,0,0,0,0,0,0,0,0,0,0,0,0,0,0,0,0,0,0,0,0,0,0,0,0,0,0,0,0,0,0,0,0,0,0,0,0,0,0,0,0,0,0,0,0,0,0,0,0,1,1,1,1,1,1,1,1,1,1,1,1,1,1,1,1,1,1,1,1,1,1,1,1,1,1,1,1,1,2,2,2,3,3,3,3,2,2,2,2,2,4,5,5,5,6,6,6,6,6,6,6,6,6,6,6,6,7,7,7,7,7,7,7,10,11,11,11,11,11,11,12,12,12,12,13,14,14,14,13,14
84031133,US,USA,840,31133.0,Pawnee,Nebraska,US,40.13141096,-96.23705437,"Pawnee, Nebraska, US",0,0,0,0,0,0,0,0,0,0,0,0,0,0,0,0,0,0,0,0,0,0,0,0,0,0,0,0,0,0,0,0,0,0,0,0,0,0,0,0,0,0,0,0,0,0,0,0,0,0,0,0,0,0,0,0,0,0,0,0,0,0,0,0,0,0,0,0,0,0,0,0,0,0,0,0,0,0,0,0,0,0,0,0,0,0,0,0,0,0,0,0,0,0,0,0,0,0,0,0,0,0,0,0,0,0,0,0,0,0,0,0,0,0,0,0,0,0,0,0,0,0,0,0,0,0,0,0,0,0,0,0,0,0,0,0,0,0,0,0,0,0,0,0,0,0,0,0,0,0,0,0
84031135,US,USA,840,31135.0,Perkins,Nebraska,US,40.85082525,-101.6502942,"Perkins, Nebraska, US",0,0,0,0,0,0,0,0,0,0,0,0,0,0,0,0,0,0,0,0,0,0,0,0,0,0,0,0,0,0,0,0,0,0,0,0,0,0,0,0,0,0,0,0,0,0,0,0,0,0,0,0,0,0,0,0,0,0,0,0,0,0,0,0,0,0,0,0,0,0,0,0,0,0,0,0,0,0,0,0,0,0,0,0,0,0,0,0,0,0,0,0,0,0,0,0,0,0,0,0,0,0,0,0,0,0,0,0,0,0,0,0,0,0,0,0,0,0,0,0,0,0,0,0,0,0,0,0,0,0,0,0,0,0,0,0,0,0,0,0,0,0,0,0,0,0,0,0,0,0,0,0
84031137,US,USA,840,31137.0,Phelps,Nebraska,US,40.51156033,-99.41461667,"Phelps, Nebraska, US",0,0,0,0,0,0,0,0,0,0,0,0,0,0,0,0,0,0,0,0,0,0,0,0,0,0,0,0,0,0,0,0,0,0,0,0,0,0,0,0,0,0,0,0,0,0,0,0,0,0,0,0,0,0,0,0,0,0,0,0,0,0,0,0,0,0,0,0,0,0,0,0,0,0,1,1,1,1,1,1,1,1,1,1,1,1,1,1,1,1,1,1,1,1,1,1,2,2,2,5,6,6,6,6,6,6,8,8,10,10,11,11,11,11,13,13,13,13,13,16,16,16,18,20,20,20,20,20,20,20,20,20,20,20,20,20,20,20,20,20,20,20,20,20,20,20,20,21,21,21,21,21
84031139,US,USA,840,31139.0,Pierce,Nebraska,US,42.26434853,-97.60122773,"Pierce, Nebraska, US",0,0,0,0,0,0,0,0,0,0,0,0,0,0,0,0,0,0,0,0,0,0,0,0,0,0,0,0,0,0,0,0,0,0,0,0,0,0,0,0,0,0,0,0,0,0,0,0,0,0,0,0,0,0,0,0,0,0,0,0,0,0,0,0,0,0,0,0,0,0,0,0,0,0,0,0,0,0,0,0,1,1,1,1,1,1,1,1,1,1,1,1,1,1,1,1,1,1,1,1,1,1,1,2,2,1,1,1,1,1,1,1,1,1,1,1,1,1,1,1,2,2,2,2,2,3,3,5,5,6,6,6,6,6,6,6,6,6,6,6,6,6,6,6,6,6,6,6,6,6,6,6
84031141,US,USA,840,31141.0,Platte,Nebraska,US,41.57246836,-97.52144359,"Platte, Nebraska, US",0,0,0,0,0,0,0,0,0,0,0,0,0,0,0,0,0,0,0,0,0,0,0,0,0,0,0,0,0,0,0,0,0,0,0,0,0,0,0,0,0,0,0,0,0,0,0,0,0,0,0,0,0,0,0,0,0,0,0,0,0,0,0,0,0,0,0,0,1,1,2,3,3,4,5,5,5,5,5,5,6,6,6,6,6,6,6,6,7,7,8,11,11,12,16,27,38,39,66,83,110,138,157,185,205,260,286,324,353,361,373,382,390,407,426,448,451,462,481,505,515,516,522,523,530,534,547,549,560,571,577,586,603,611,617,619,621,624,629,630,631,639,639,642,642,647,648,650,651,652,652,652
84031143,US,USA,840,31143.0,Polk,Nebraska,US,41.18813488,-97.56630712,"Polk, Nebraska, US",0,0,0,0,0,0,0,0,0,0,0,0,0,0,0,0,0,0,0,0,0,0,0,0,0,0,0,0,0,0,0,0,0,0,0,0,0,0,0,0,0,0,0,0,0,0,0,0,0,0,0,0,0,0,0,0,0,0,0,0,0,0,0,0,0,0,0,0,0,0,0,0,0,0,0,0,0,0,1,1,1,1,2,2,2,3,4,5,5,6,6,6,6,5,5,5,5,5,7,7,9,10,9,9,9,9,9,9,9,9,9,9,9,9,9,9,9,9,9,9,9,9,9,9,9,9,10,10,11,11,11,11,11,11,11,11,11,11,11,12,12,12,12,12,12,12,12,12,12,12,12,12
84031145,US,USA,840,31145.0,Red Willow,Nebraska,US,40.17556879999999,-100.476998,"Red Willow, Nebraska, US",0,0,0,0,0,0,0,0,0,0,0,0,0,0,0,0,0,0,0,0,0,0,0,0,0,0,0,0,0,0,0,0,0,0,0,0,0,0,0,0,0,0,0,0,0,0,0,0,0,0,0,0,0,0,0,0,0,0,0,0,0,0,0,0,0,0,0,0,0,0,0,0,0,0,0,0,0,0,0,0,0,0,0,0,0,0,0,1,1,1,1,1,1,1,1,1,2,2,2,3,3,3,3,4,4,5,5,5,5,5,5,5,5,5,5,5,5,5,5,5,5,5,5,5,5,5,5,5,5,5,5,5,5,5,5,5,5,5,5,5,5,5,5,5,5,5,6,6,6,6,6,6
84031147,US,USA,840,31147.0,Richardson,Nebraska,US,40.1247415,-95.71755036,"Richardson, Nebraska, US",0,0,0,0,0,0,0,0,0,0,0,0,0,0,0,0,0,0,0,0,0,0,0,0,0,0,0,0,0,0,0,0,0,0,0,0,0,0,0,0,0,0,0,0,0,0,0,0,0,0,0,0,0,0,0,0,0,0,0,0,0,0,0,0,0,0,0,0,0,0,0,0,0,0,0,0,0,0,0,0,0,0,0,0,0,0,0,0,0,0,0,0,0,0,0,0,0,0,0,0,0,0,0,0,0,0,0,0,0,0,0,0,1,1,1,1,1,1,1,1,1,1,1,1,1,1,1,1,1,1,1,1,1,1,1,1,1,1,1,1,1,1,1,1,1,1,1,1,2,5,5,5
84031149,US,USA,840,31149.0,Rock,Nebraska,US,42.42252217,-99.44832069,"Rock, Nebraska, US",0,0,0,0,0,0,0,0,0,0,0,0,0,0,0,0,0,0,0,0,0,0,0,0,0,0,0,0,0,0,0,0,0,0,0,0,0,0,0,0,0,0,0,0,0,0,0,0,0,0,0,0,0,0,0,0,0,0,0,0,0,0,0,0,0,0,0,0,0,0,0,0,0,0,0,0,0,0,0,0,0,0,0,0,0,0,0,0,0,0,0,0,0,0,0,0,0,0,0,0,0,0,0,0,0,0,0,0,0,0,0,0,0,0,0,0,0,0,0,0,0,0,0,0,0,0,0,0,0,0,0,0,0,0,0,0,0,0,0,0,0,0,0,0,0,0,0,0,0,0,0,0
84031151,US,USA,840,31151.0,Saline,Nebraska,US,40.52418865,-97.14085859,"Saline, Nebraska, US",0,0,0,0,0,0,0,0,0,0,0,0,0,0,0,0,0,0,0,0,0,0,0,0,0,0,0,0,0,0,0,0,0,0,0,0,0,0,0,0,0,0,0,0,0,0,0,0,0,0,0,0,0,0,0,0,0,0,0,0,0,0,0,0,0,0,0,0,0,0,0,0,0,0,0,0,0,0,0,0,0,0,0,0,1,1,3,4,7,8,11,16,20,26,38,60,87,87,107,129,194,196,212,264,285,285,320,320,349,349,367,367,392,395,403,413,413,432,436,448,463,465,467,469,482,484,491,495,498,497,497,504,506,508,510,513,515,517,518,518,518,518,518,518,519,520,523,525,525,525,525,525
84031153,US,USA,840,31153.0,Sarpy,Nebraska,US,41.11314181,-96.11156432,"Sarpy, Nebraska, US",0,0,0,0,0,0,0,0,0,0,0,0,0,0,0,0,0,0,0,0,0,0,0,0,0,0,0,0,0,0,0,0,0,0,0,0,0,0,0,0,0,0,0,0,0,0,0,0,0,0,0,0,0,0,0,1,1,1,2,2,5,5,8,8,8,10,11,11,13,16,17,20,24,26,28,28,29,37,38,39,41,41,41,46,46,46,47,48,53,55,55,57,61,70,77,87,91,91,113,122,133,137,142,158,168,180,198,218,234,236,248,257,272,291,309,331,342,349,366,382,404,419,434,448,463,476,503,531,578,596,620,650,680,703,736,753,765,773,787,796,809,842,868,882,898,907,920,948,967,982,998,1018
84031155,US,USA,840,31155.0,Saunders,Nebraska,US,41.227810299999994,-96.63773905,"Saunders, Nebraska, US",0,0,0,0,0,0,0,0,0,0,0,0,0,0,0,0,0,0,0,0,0,0,0,0,0,0,0,0,0,0,0,0,0,0,0,0,0,0,0,0,0,0,0,0,0,0,0,0,0,0,0,0,0,0,0,0,0,0,0,0,0,0,1,1,2,2,2,2,2,2,2,3,3,4,4,4,4,4,4,4,5,5,6,6,6,6,6,6,6,6,6,6,8,8,9,9,9,9,9,9,9,9,9,11,11,10,10,11,11,11,11,11,12,15,18,20,20,21,22,22,22,25,27,27,28,30,31,33,34,36,36,38,40,42,46,47,51,51,51,54,55,56,56,56,57,57,57,59,60,60,61,63
84031157,US,USA,840,31157.0,Scotts Bluff,Nebraska,US,41.85070896,-103.70809859999999,"Scotts Bluff, Nebraska, US",0,0,0,0,0,0,0,0,0,0,0,0,0,0,0,0,0,0,0,0,0,0,0,0,0,0,0,0,0,0,0,0,0,0,0,0,0,0,0,0,0,0,0,0,0,0,0,0,0,0,0,0,0,0,0,0,0,0,0,0,0,0,0,0,0,0,0,0,1,1,3,3,3,3,3,6,6,10,10,10,12,14,14,14,14,16,17,18,22,22,22,22,23,23,26,27,27,27,29,29,29,31,34,34,34,35,35,39,41,41,44,46,47,48,51,51,54,54,54,55,58,58,62,67,67,72,75,84,88,102,102,107,112,120,124,137,140,143,145,149,149,162,170,172,172,177,178,184,187,187,188,190
84031159,US,USA,840,31159.0,Seward,Nebraska,US,40.87241834,-97.139673,"Seward, Nebraska, US",0,0,0,0,0,0,0,0,0,0,0,0,0,0,0,0,0,0,0,0,0,0,0,0,0,0,0,0,0,0,0,0,0,0,0,0,0,0,0,0,0,0,0,0,0,0,0,0,0,0,0,0,0,0,0,0,0,0,0,0,0,0,0,0,0,0,0,0,0,0,0,0,0,0,1,1,1,1,1,1,1,1,1,1,1,1,1,1,2,2,4,4,5,6,6,6,7,7,7,8,8,8,8,11,13,13,15,16,17,17,17,17,18,19,23,24,25,26,26,26,27,27,27,27,27,27,27,27,27,28,28,28,28,29,29,29,29,29,29,29,29,30,31,31,32,32,32,32,32,32,32,32
84031161,US,USA,840,31161.0,Sheridan,Nebraska,US,42.50284406,-102.4126613,"Sheridan, Nebraska, US",0,0,0,0,0,0,0,0,0,0,0,0,0,0,0,0,0,0,0,0,0,0,0,0,0,0,0,0,0,0,0,0,0,0,0,0,0,0,0,0,0,0,0,0,0,0,0,0,0,0,0,0,0,0,0,0,0,0,0,0,0,0,0,0,0,0,0,0,0,0,0,0,0,0,0,0,0,0,0,0,0,0,0,0,0,0,0,0,0,0,0,0,0,0,0,0,0,0,0,0,0,0,0,0,0,0,0,0,0,0,0,0,0,0,0,0,0,0,0,0,0,0,0,0,0,0,0,0,0,0,0,0,0,0,0,0,0,0,0,0,0,0,0,0,0,0,0,0,0,0,0,0
84031163,US,USA,840,31163.0,Sherman,Nebraska,US,41.22045983,-98.97588642,"Sherman, Nebraska, US",0,0,0,0,0,0,0,0,0,0,0,0,0,0,0,0,0,0,0,0,0,0,0,0,0,0,0,0,0,0,0,0,0,0,0,0,0,0,0,0,0,0,0,0,0,0,0,0,0,0,0,0,0,0,0,0,0,0,0,0,0,0,0,0,0,0,0,0,0,0,0,0,0,0,0,0,0,0,0,0,0,0,0,0,0,0,0,0,0,0,0,0,0,1,1,1,1,1,1,1,2,2,2,2,2,2,2,2,2,2,2,2,3,2,2,2,2,2,2,2,2,2,2,2,3,4,4,4,4,4,4,4,4,4,4,5,5,5,5,5,5,4,4,4,4,5,5,5,5,5,5,5
84031165,US,USA,840,31165.0,Sioux,Nebraska,US,42.48932059,-103.7576544,"Sioux, Nebraska, US",0,0,0,0,0,0,0,0,0,0,0,0,0,0,0,0,0,0,0,0,0,0,0,0,0,0,0,0,0,0,0,0,0,0,0,0,0,0,0,0,0,0,0,0,0,0,0,0,0,0,0,0,0,0,0,0,0,0,0,0,0,0,0,0,0,0,0,0,0,0,0,0,0,0,0,0,0,0,0,0,0,0,0,0,0,0,0,0,0,0,0,0,0,0,0,0,0,0,0,0,0,0,0,0,0,0,0,0,0,0,0,0,0,0,0,0,0,0,0,0,0,0,0,0,0,0,0,0,0,0,0,0,0,0,0,0,0,0,0,0,0,1,2,2,2,1,1,1,1,1,1,1
84031167,US,USA,840,31167.0,Stanton,Nebraska,US,41.9169835,-97.19394708,"Stanton, Nebraska, US",0,0,0,0,0,0,0,0,0,0,0,0,0,0,0,0,0,0,0,0,0,0,0,0,0,0,0,0,0,0,0,0,0,0,0,0,0,0,0,0,0,0,0,0,0,0,0,0,0,0,0,0,0,0,0,0,0,0,0,0,0,0,0,0,0,0,0,0,0,0,0,0,0,0,0,1,1,1,1,1,1,1,1,1,1,1,1,1,2,2,2,2,2,2,2,2,2,2,4,5,5,5,5,7,8,8,8,8,8,8,8,8,8,8,15,15,15,15,15,15,15,15,16,17,17,20,21,21,20,20,20,20,20,21,21,21,21,21,21,21,21,21,21,21,21,21,21,21,21,21,21,21
84031169,US,USA,840,31169.0,Thayer,Nebraska,US,40.17626377,-97.59504381,"Thayer, Nebraska, US",0,0,0,0,0,0,0,0,0,0,0,0,0,0,0,0,0,0,0,0,0,0,0,0,0,0,0,0,0,0,0,0,0,0,0,0,0,0,0,0,0,0,0,0,0,0,0,0,0,0,0,0,0,0,0,0,0,0,0,0,0,0,0,0,0,0,0,0,0,0,0,0,0,0,0,0,0,0,0,0,0,0,0,0,0,0,0,0,0,0,0,0,0,0,0,0,0,0,0,0,0,0,0,0,0,0,0,0,0,0,0,0,0,0,1,0,0,0,0,0,0,0,0,0,0,0,0,0,1,1,1,1,1,1,1,1,1,1,1,1,1,1,1,1,1,1,1,1,1,1,1,1
84031171,US,USA,840,31171.0,Thomas,Nebraska,US,41.91358968,-100.5556632,"Thomas, Nebraska, US",0,0,0,0,0,0,0,0,0,0,0,0,0,0,0,0,0,0,0,0,0,0,0,0,0,0,0,0,0,0,0,0,0,0,0,0,0,0,0,0,0,0,0,0,0,0,0,0,0,0,0,0,0,0,0,0,0,0,0,0,0,0,0,0,0,0,0,0,0,0,0,0,0,0,0,0,0,0,0,0,0,0,0,0,0,0,0,0,0,0,0,0,0,0,0,0,0,0,0,0,0,0,0,0,0,1,1,1,1,1,1,1,1,1,1,1,1,1,1,1,1,1,1,1,1,1,1,1,1,1,1,1,1,1,1,1,1,1,1,1,1,1,1,1,1,1,1,1,1,1,1,1
84031173,US,USA,840,31173.0,Thurston,Nebraska,US,42.15725356,-96.54157099,"Thurston, Nebraska, US",0,0,0,0,0,0,0,0,0,0,0,0,0,0,0,0,0,0,0,0,0,0,0,0,0,0,0,0,0,0,0,0,0,0,0,0,0,0,0,0,0,0,0,0,0,0,0,0,0,0,0,0,0,0,0,0,0,0,0,0,0,0,0,0,0,0,0,0,0,0,0,0,0,0,0,0,0,0,0,0,0,0,0,0,0,0,0,0,1,0,0,0,1,0,1,1,1,3,4,4,5,6,6,6,7,7,9,12,12,13,13,13,19,19,18,19,19,19,19,20,23,24,24,28,30,34,37,38,41,44,46,45,49,49,50,50,50,51,55,56,61,63,63,65,66,66,68,71,71,72,72,72
84031175,US,USA,840,31175.0,Valley,Nebraska,US,41.56730777,-98.98197724,"Valley, Nebraska, US",0,0,0,0,0,0,0,0,0,0,0,0,0,0,0,0,0,0,0,0,0,0,0,0,0,0,0,0,0,0,0,0,0,0,0,0,0,0,0,0,0,0,0,0,0,0,0,0,0,0,0,0,0,0,0,0,0,0,0,0,0,0,0,0,0,0,0,0,0,0,0,0,0,0,0,0,0,0,0,0,0,0,0,0,0,0,0,0,0,0,0,0,0,0,0,0,1,1,1,1,1,1,1,1,1,1,1,1,1,1,1,1,2,3,3,3,3,3,3,3,3,3,3,3,3,3,3,3,4,4,4,4,4,4,5,5,5,5,6,6,7,7,7,7,7,7,7,7,7,7,7,7
84031177,US,USA,840,31177.0,Washington,Nebraska,US,41.52815707,-96.22019892,"Washington, Nebraska, US",0,0,0,0,0,0,0,0,0,0,0,0,0,0,0,0,0,0,0,0,0,0,0,0,0,0,0,0,0,0,0,0,0,0,0,0,0,0,0,0,0,0,0,0,0,0,0,0,0,0,0,0,0,0,0,0,0,0,0,0,0,0,3,3,4,5,5,5,9,19,19,19,19,19,20,19,20,20,20,20,20,20,20,20,22,20,20,20,20,21,21,21,21,22,22,22,22,22,22,22,22,22,22,23,22,22,22,22,22,22,22,23,23,24,24,24,24,24,24,26,26,26,26,26,26,27,28,28,29,29,30,32,32,32,33,33,34,36,36,36,36,38,39,40,41,41,41,41,41,43,45,45
84031179,US,USA,840,31179.0,Wayne,Nebraska,US,42.20934475,-97.11926964,"Wayne, Nebraska, US",0,0,0,0,0,0,0,0,0,0,0,0,0,0,0,0,0,0,0,0,0,0,0,0,0,0,0,0,0,0,0,0,0,0,0,0,0,0,0,0,0,0,0,0,0,0,0,0,0,0,0,0,0,0,0,0,0,0,0,0,0,0,0,0,0,0,0,0,0,0,0,0,0,0,0,0,0,0,0,0,1,1,1,1,1,1,1,1,1,1,1,1,1,1,1,1,1,1,1,1,1,1,1,1,1,1,1,1,2,2,2,2,3,3,4,4,4,4,4,4,7,7,12,13,13,13,13,14,14,15,15,15,18,18,18,23,24,25,25,26,26,26,26,26,26,26,26,26,26,26,26,26
84031181,US,USA,840,31181.0,Webster,Nebraska,US,40.17642643,-98.50019851,"Webster, Nebraska, US",0,0,0,0,0,0,0,0,0,0,0,0,0,0,0,0,0,0,0,0,0,0,0,0,0,0,0,0,0,0,0,0,0,0,0,0,0,0,0,0,0,0,0,0,0,0,0,0,0,0,0,0,0,0,0,0,0,0,0,0,0,0,0,0,0,0,0,0,0,0,0,0,0,0,0,0,0,0,0,1,1,1,1,1,1,1,1,1,2,2,2,2,2,3,3,3,3,3,3,4,5,5,5,5,5,5,5,5,5,5,5,5,5,5,5,5,5,5,5,5,5,5,5,5,5,5,5,5,5,5,5,5,5,5,5,5,5,5,5,5,5,6,6,6,6,6,6,6,6,6,6,6
84031183,US,USA,840,31183.0,Wheeler,Nebraska,US,41.91482725,-98.52798941,"Wheeler, Nebraska, US",0,0,0,0,0,0,0,0,0,0,0,0,0,0,0,0,0,0,0,0,0,0,0,0,0,0,0,0,0,0,0,0,0,0,0,0,0,0,0,0,0,0,0,0,0,0,0,0,0,0,0,0,0,0,0,0,0,0,0,0,0,0,0,0,0,0,0,0,0,0,0,0,0,0,0,0,0,0,0,0,0,0,0,0,0,0,0,0,0,0,0,0,0,0,0,0,0,0,0,0,0,0,0,0,0,0,0,0,0,0,0,0,0,0,0,0,0,0,0,0,0,0,0,0,0,0,0,0,0,0,0,0,0,0,0,0,0,0,0,0,0,0,0,0,0,0,0,0,0,0,0,0
84031185,US,USA,840,31185.0,York,Nebraska,US,40.87272618,-97.59710186,"York, Nebraska, US",0,0,0,0,0,0,0,0,0,0,0,0,0,0,0,0,0,0,0,0,0,0,0,0,0,0,0,0,0,0,0,0,0,0,0,0,0,0,0,0,0,0,0,0,0,0,0,0,0,0,0,0,0,0,0,0,0,0,0,0,0,0,0,0,0,0,0,0,1,1,1,1,1,1,1,1,1,2,2,3,3,3,4,4,4,5,6,6,7,7,7,7,7,9,9,10,11,11,11,12,12,12,12,12,15,15,15,15,17,17,25,25,25,27,28,29,30,30,30,30,30,35,35,35,35,35,35,35,36,36,36,36,36,36,36,37,37,37,37,37,37,37,37,37,37,37,37,37,37,39,40,40
84032001,US,USA,840,32001.0,Churchill,Nevada,US,39.58105744,-118.3394607,"Churchill, Nevada, US",0,0,0,0,0,0,0,0,0,0,0,0,0,0,0,0,0,0,0,0,0,0,0,0,0,0,0,0,0,0,0,0,0,0,0,0,0,0,0,0,0,0,0,0,0,0,0,0,0,0,0,0,0,0,0,0,0,0,0,0,0,0,0,0,0,0,0,0,0,0,0,0,0,0,0,0,0,0,0,0,0,0,0,0,0,1,1,3,3,3,3,3,3,3,3,3,3,3,3,3,3,3,3,3,3,3,3,3,3,3,3,5,5,5,5,5,5,5,6,6,6,6,6,6,6,7,7,7,7,7,7,7,8,8,8,8,8,8,10,10,10,10,10,10,10,10,10,10,10,10,10,10
84032003,US,USA,840,32003.0,Clark,Nevada,US,36.21458855,-115.0130241,"Clark, Nevada, US",0,0,0,0,0,0,0,0,0,0,0,0,0,0,0,0,0,0,0,0,0,0,0,0,0,0,0,0,0,0,0,0,0,0,0,0,0,0,0,0,0,0,0,1,1,1,2,2,2,5,8,16,16,16,35,42,42,69,126,126,126,126,212,249,350,443,443,528,753,869,961,1125,1279,1418,1519,1608,1734,1878,2009,2144,2144,2324,2444,2509,2559,2559,2738,2882,2940,2998,3099,3218,3314,3443,3570,3665,3717,3793,3891,3979,4118,4225,4274,4411,4408,4473,4573,4573,4704,4750,4762,4869,5045,5045,5235,5298,5366,5463,5463,5650,5734,5815,5815,6140,6182,6226,6287,6352,6457,6579,6657,6719,6845,6923,7056,7186,7331,7483,7592,7799,7915,8100,8314,8556,8735,8815,9157,9318,9535,9852,10259,10486
84032005,US,USA,840,32005.0,Douglas,Nevada,US,38.912862,-119.61713329999999,"Douglas, Nevada, US",0,0,0,0,0,0,0,0,0,0,0,0,0,0,0,0,0,0,0,0,0,0,0,0,0,0,0,0,0,0,0,0,0,0,0,0,0,0,0,0,0,0,0,0,0,0,0,0,0,0,0,0,0,0,0,0,0,0,0,0,0,0,2,3,3,3,5,5,5,6,6,6,7,7,7,7,7,8,9,9,10,10,10,10,13,13,14,14,15,15,15,16,17,17,18,19,19,19,19,19,20,21,21,21,22,22,22,23,24,24,24,24,24,24,24,25,25,25,25,26,26,26,26,27,28,29,30,30,30,31,32,32,32,35,37,38,38,38,38,38,39,39,39,42,42,46,47,47,48,49,49,52
84032007,US,USA,840,32007.0,Elko,Nevada,US,41.14531606,-115.3577619,"Elko, Nevada, US",0,0,0,0,0,0,0,0,0,0,0,0,0,0,0,0,0,0,0,0,0,0,0,0,0,0,0,0,0,0,0,0,0,0,0,0,0,0,0,0,0,0,0,0,0,0,0,0,0,0,0,0,0,0,0,0,0,0,1,1,1,2,2,2,2,2,2,3,3,5,5,5,7,8,8,8,8,8,9,11,11,11,11,11,11,11,12,12,12,12,12,12,12,12,12,12,15,15,15,15,15,15,15,15,15,15,15,15,15,15,18,18,18,18,18,20,20,21,21,21,21,21,22,22,22,22,24,24,24,24,24,24,25,26,26,27,27,27,27,27,33,39,37,37,37,37,47,47,56,56,58,60
84032009,US,USA,840,32009.0,Esmeralda,Nevada,US,37.78436681,-117.63199990000001,"Esmeralda, Nevada, US",0,0,0,0,0,0,0,0,0,0,0,0,0,0,0,0,0,0,0,0,0,0,0,0,0,0,0,0,0,0,0,0,0,0,0,0,0,0,0,0,0,0,0,0,0,0,0,0,0,0,0,0,0,0,0,0,0,0,0,0,0,0,0,0,0,0,0,0,0,0,0,0,0,0,0,0,0,0,0,0,0,0,0,0,0,0,0,0,0,0,0,0,0,0,0,0,0,0,0,0,0,0,0,0,0,0,0,0,0,0,0,0,0,0,0,0,0,0,0,0,0,0,0,0,0,0,0,0,0,0,0,0,0,0,0,0,0,0,0,0,0,0,0,0,0,0,0,0,0,0,0,0
84032011,US,USA,840,32011.0,Eureka,Nevada,US,39.98100864,-116.26832040000001,"Eureka, Nevada, US",0,0,0,0,0,0,0,0,0,0,0,0,0,0,0,0,0,0,0,0,0,0,0,0,0,0,0,0,0,0,0,0,0,0,0,0,0,0,0,0,0,0,0,0,0,0,0,0,0,0,0,0,0,0,0,0,0,0,0,0,0,0,0,0,0,0,0,0,0,0,0,0,0,0,0,0,0,0,0,0,0,0,0,0,0,0,0,0,0,0,0,0,0,0,0,0,0,0,0,0,0,0,0,0,0,0,0,0,0,0,0,0,0,0,0,0,0,0,0,0,0,0,0,0,0,0,0,0,0,0,0,0,0,0,0,0,0,0,0,0,0,0,0,0,0,0,0,0,0,0,0,0
84032013,US,USA,840,32013.0,Humboldt,Nevada,US,41.40692186,-118.11094270000001,"Humboldt, Nevada, US",0,0,0,0,0,0,0,0,0,0,0,0,0,0,0,0,0,0,0,0,0,0,0,0,0,0,0,0,0,0,0,0,0,0,0,0,0,0,0,0,0,0,0,0,0,0,0,0,0,0,0,0,0,0,0,0,0,0,0,0,0,0,0,0,0,1,1,1,1,3,5,5,7,9,11,11,11,14,16,16,18,18,20,20,20,20,26,26,26,27,34,34,34,34,35,36,36,37,38,41,44,44,49,50,53,58,58,58,65,67,67,71,71,71,71,71,71,74,74,76,76,78,78,78,78,78,78,78,78,78,78,78,78,78,78,78,78,78,78,78,78,78,78,78,78,78,78,78,79,79,79,79
84032015,US,USA,840,32015.0,Lander,Nevada,US,39.933223299999995,-117.03970749999999,"Lander, Nevada, US",0,0,0,0,0,0,0,0,0,0,0,0,0,0,0,0,0,0,0,0,0,0,0,0,0,0,0,0,0,0,0,0,0,0,0,0,0,0,0,0,0,0,0,0,0,0,0,0,0,0,0,0,0,0,0,0,0,0,0,0,0,0,0,0,0,0,0,0,0,0,0,0,0,0,0,0,0,0,0,0,0,0,0,0,0,0,0,0,0,0,0,1,1,1,1,1,1,7,7,7,7,7,7,13,13,14,14,14,17,17,17,19,19,19,19,19,19,19,19,19,19,19,19,19,20,20,20,20,20,20,20,20,20,21,21,21,21,21,23,23,24,24,22,22,22,22,23,23,23,26,26,24
84032017,US,USA,840,32017.0,Lincoln,Nevada,US,37.64268459,-114.8790388,"Lincoln, Nevada, US",0,0,0,0,0,0,0,0,0,0,0,0,0,0,0,0,0,0,0,0,0,0,0,0,0,0,0,0,0,0,0,0,0,0,0,0,0,0,0,0,0,0,0,0,0,0,0,0,0,0,0,0,0,0,0,0,0,0,0,0,0,0,0,0,0,0,0,0,0,0,0,0,0,0,0,0,0,0,1,1,1,1,1,1,1,1,0,0,0,0,0,0,0,0,0,0,0,0,0,0,0,0,0,0,0,1,1,1,1,1,1,2,2,2,2,2,2,2,2,2,2,2,2,2,2,2,2,2,2,2,2,2,2,2,2,2,2,2,2,2,2,2,2,2,2,2,2,2,2,2,2,2
84032019,US,USA,840,32019.0,Lyon,Nevada,US,39.01777974,-119.18704790000001,"Lyon, Nevada, US",0,0,0,0,0,0,0,0,0,0,0,0,0,0,0,0,0,0,0,0,0,0,0,0,0,0,0,0,0,0,0,0,0,0,0,0,0,0,0,0,0,0,0,0,0,0,0,0,0,0,0,0,0,0,0,0,0,0,0,0,0,0,0,1,1,1,1,1,1,1,1,1,2,3,3,3,3,4,4,6,6,7,10,10,10,11,12,15,16,18,18,19,20,20,23,26,26,27,27,28,29,33,34,35,35,36,37,37,40,42,44,45,46,46,47,47,47,48,49,49,51,51,51,55,55,56,56,57,61,62,62,65,68,67,80,81,82,84,87,89,89,89,91,91,92,92,92,94,96,98,98,99
84032021,US,USA,840,32021.0,Mineral,Nevada,US,38.53841696,-118.4344506,"Mineral, Nevada, US",0,0,0,0,0,0,0,0,0,0,0,0,0,0,0,0,0,0,0,0,0,0,0,0,0,0,0,0,0,0,0,0,0,0,0,0,0,0,0,0,0,0,0,0,0,0,0,0,0,0,0,0,0,0,0,0,0,0,0,0,0,0,0,0,0,0,0,0,0,0,0,0,0,0,0,0,0,0,0,0,0,0,0,0,0,0,0,0,0,0,0,2,2,2,2,2,2,4,4,4,4,4,4,4,4,4,4,4,4,4,4,4,4,4,4,4,4,4,4,4,4,4,4,4,4,4,4,4,4,4,4,4,4,4,4,4,4,4,4,4,4,4,4,4,4,4,4,4,4,4,4,4
84032023,US,USA,840,32023.0,Nye,Nevada,US,38.04264256,-116.47227020000001,"Nye, Nevada, US",0,0,0,0,0,0,0,0,0,0,0,0,0,0,0,0,0,0,0,0,0,0,0,0,0,0,0,0,0,0,0,0,0,0,0,0,0,0,0,0,0,0,0,0,0,0,0,0,0,0,0,0,0,0,0,0,0,0,0,0,0,0,1,1,1,1,1,1,1,1,4,4,6,7,7,7,7,7,10,10,10,10,10,15,15,19,21,21,28,28,29,29,31,31,31,31,35,35,35,36,37,37,37,39,39,39,44,44,44,44,44,48,49,49,49,58,58,58,58,58,59,59,59,59,59,59,61,61,62,62,62,62,64,64,64,66,66,66,66,66,69,72,69,73,73,74,74,75,75,76,76,78
84032027,US,USA,840,32027.0,Pershing,Nevada,US,40.44003782,-118.40056409999998,"Pershing, Nevada, US",0,0,0,0,0,0,0,0,0,0,0,0,0,0,0,0,0,0,0,0,0,0,0,0,0,0,0,0,0,0,0,0,0,0,0,0,0,0,0,0,0,0,0,0,0,0,0,0,0,0,0,0,0,0,0,0,0,0,0,0,0,0,0,0,0,0,0,0,0,0,0,0,0,0,0,0,0,0,0,0,0,0,0,0,0,0,0,0,0,0,0,0,0,0,0,0,0,0,0,0,0,0,0,0,0,0,0,0,0,0,0,0,0,0,0,0,0,0,0,0,0,0,0,0,0,0,0,0,0,0,0,0,2,2,2,2,2,2,2,3,4,4,5,5,5,5,5,5,5,5,5,5
84032029,US,USA,840,32029.0,Storey,Nevada,US,39.44875482,-119.5250207,"Storey, Nevada, US",0,0,0,0,0,0,0,0,0,0,0,0,0,0,0,0,0,0,0,0,0,0,0,0,0,0,0,0,0,0,0,0,0,0,0,0,0,0,0,0,0,0,0,0,0,0,0,0,0,0,0,0,0,0,0,0,0,0,0,0,0,0,0,0,0,0,0,0,0,0,0,0,0,0,0,0,0,0,0,0,0,0,0,0,0,0,0,0,0,0,0,0,0,0,0,0,0,0,0,0,0,0,0,0,0,0,0,0,0,0,0,0,0,1,1,1,1,1,1,1,1,1,1,1,1,1,1,1,1,1,1,1,1,1,1,1,1,1,1,1,1,1,1,1,1,1,1,1,1,1,1,1
84032031,US,USA,840,32031.0,Washoe,Nevada,US,40.66562265,-119.6631594,"Washoe, Nevada, US",0,0,0,0,0,0,0,0,0,0,0,0,0,0,0,0,0,0,0,0,0,0,0,0,0,0,0,0,0,0,0,0,0,0,0,0,0,0,0,0,0,0,0,0,1,1,2,2,2,2,2,2,4,4,9,12,12,14,14,22,25,25,44,50,57,67,75,107,111,121,143,163,184,245,264,264,309,326,326,363,389,415,461,532,549,549,572,588,637,662,662,710,736,736,791,804,804,834,848,873,921,949,977,988,1014,1022,1030,1065,1077,1095,1100,1116,1132,1154,1190,1190,1256,1266,1295,1395,1316,1356,1356,1378,1405,1459,1485,1514,1531,1548,1577,1585,1606,1618,1645,1685,1719,1743,1772,1788,1832,1893,1914,1955,1977,2003,2016,2023,2106,2137,2179,2209
84032033,US,USA,840,32033.0,White Pine,Nevada,US,39.44157041,-114.89996599999999,"White Pine, Nevada, US",0,0,0,0,0,0,0,0,0,0,0,0,0,0,0,0,0,0,0,0,0,0,0,0,0,0,0,0,0,0,0,0,0,0,0,0,0,0,0,0,0,0,0,0,0,0,0,0,0,0,0,0,0,0,0,0,0,0,0,0,0,0,0,0,0,0,0,0,0,1,1,1,1,1,1,1,1,1,1,1,1,1,1,3,3,3,3,3,3,3,3,3,3,3,3,3,3,3,3,3,3,3,3,3,3,3,3,3,3,3,3,3,3,3,3,3,4,4,4,4,4,4,4,4,4,4,4,4,4,4,4,4,4,3,3,3,3,3,3,3,3,3,3,3,3,3,3,3,3,3,3,3
84032510,US,USA,840,32510.0,Carson City,Nevada,US,39.15509045,-119.7480219,"Carson City, Nevada, US",0,0,0,0,0,0,0,0,0,0,0,0,0,0,0,0,0,0,0,0,0,0,0,0,0,0,0,0,0,0,0,0,0,0,0,0,0,0,0,0,0,0,0,0,0,0,0,0,0,0,0,0,0,0,1,1,1,1,2,2,2,3,2,2,2,2,5,5,5,5,5,5,5,10,10,11,11,13,14,15,16,16,22,23,25,25,27,28,28,28,28,28,31,31,34,37,39,44,44,45,47,48,48,48,51,51,51,51,52,55,56,58,58,63,65,70,71,71,75,77,81,83,83,86,90,90,91,94,95,95,98,99,99,99,102,107,109,109,111,114,115,115,115,118,120,123,124,124,126,126,127,128
84033001,US,USA,840,33001.0,Belknap,New Hampshire,US,43.51637314,-71.41684235,"Belknap, New Hampshire, US",0,0,0,0,0,0,0,0,0,0,0,0,0,0,0,0,0,0,0,0,0,0,0,0,0,0,0,0,0,0,0,0,0,0,0,0,0,0,0,0,0,0,0,0,0,0,0,0,0,0,0,0,0,0,0,0,0,0,0,0,0,4,7,7,8,8,9,9,9,12,12,13,13,14,17,18,18,21,21,21,21,21,22,24,24,24,25,25,26,26,28,28,28,30,31,31,35,34,34,34,37,38,39,40,40,41,42,42,44,46,46,47,47,49,50,51,53,53,53,54,54,54,55,55,55,56,57,57,58,58,60,60,63,63,64,64,67,68,70,70,70,72,73,74,74,74,74,74,76,77,78,78
84033003,US,USA,840,33003.0,Carroll,New Hampshire,US,43.87498583,-71.20430216,"Carroll, New Hampshire, US",0,0,0,0,0,0,0,0,0,0,0,0,0,0,0,0,0,0,0,0,0,0,0,0,0,0,0,0,0,0,0,0,0,0,0,0,0,0,0,0,0,0,0,0,0,0,0,0,0,0,0,0,0,0,1,1,4,4,5,5,6,6,7,7,7,7,8,8,10,12,12,14,14,17,17,19,19,19,23,23,28,28,28,29,29,29,32,30,30,30,30,30,30,30,30,30,31,31,31,31,32,32,32,33,34,34,35,36,36,37,37,37,37,39,39,41,44,44,44,44,46,46,46,46,46,46,46,46,46,46,47,48,48,48,48,48,48,48,48,48,49,49,49,49,49,49,49,49,49,51,51,52
84033005,US,USA,840,33005.0,Cheshire,New Hampshire,US,42.92015988,-72.25311043,"Cheshire, New Hampshire, US",0,0,0,0,0,0,0,0,0,0,0,0,0,0,0,0,0,0,0,0,0,0,0,0,0,0,0,0,0,0,0,0,0,0,0,0,0,0,0,0,0,0,0,0,0,0,0,0,0,0,0,0,0,0,0,0,0,0,1,1,1,1,1,1,1,2,2,2,3,4,4,8,8,9,10,13,13,13,14,14,17,18,19,21,26,26,27,28,29,30,30,33,35,35,36,36,38,40,40,40,40,40,40,40,41,41,41,43,43,43,43,44,45,45,47,47,47,48,49,49,50,51,51,52,54,54,54,55,57,57,57,57,57,57,57,57,57,57,59,59,59,60,60,60,60,60,62,63,62,63,64,64
84033007,US,USA,840,33007.0,Coos,New Hampshire,US,44.69063265,-71.30633239,"Coos, New Hampshire, US",0,0,0,0,0,0,0,0,0,0,0,0,0,0,0,0,0,0,0,0,0,0,0,0,0,0,0,0,0,0,0,0,0,0,0,0,0,0,0,0,0,0,0,0,0,0,0,0,0,0,0,0,0,0,0,0,0,0,0,1,0,0,0,0,0,0,0,0,0,0,0,0,0,1,1,1,1,1,1,1,2,2,2,2,2,2,2,2,2,2,2,2,2,2,2,2,2,2,2,2,2,2,2,2,2,2,2,2,2,2,2,2,2,2,4,4,4,4,4,4,4,4,4,4,4,5,5,5,5,5,5,5,5,5,5,5,5,5,6,6,6,6,6,6,6,6,6,6,6,6,6,6
84033009,US,USA,840,33009.0,Grafton,New Hampshire,US,43.93779815,-71.82057197,"Grafton, New Hampshire, US",0,0,0,0,0,0,0,0,0,0,0,0,0,0,0,0,0,0,0,0,0,0,0,0,0,0,0,0,0,0,0,0,0,0,0,0,0,0,0,0,1,2,2,2,2,2,3,3,3,3,3,3,3,3,5,7,7,7,10,13,15,15,20,21,22,23,26,28,29,34,34,38,38,38,41,41,41,41,43,43,43,43,45,45,44,44,44,45,45,45,45,45,46,47,47,48,48,48,48,50,51,51,53,53,54,54,55,56,55,56,58,57,58,59,61,61,61,62,63,64,66,68,69,69,69,69,72,74,74,74,76,76,76,76,76,76,77,76,76,76,76,76,76,76,76,76,75,75,76,76,76,76
84033011,US,USA,840,33011.0,Hillsborough,New Hampshire,US,42.91537785,-71.7200253,"Hillsborough, New Hampshire, US",0,0,0,0,0,0,0,0,0,0,0,0,0,0,0,0,0,0,0,0,0,0,0,0,0,0,0,0,0,0,0,0,0,0,0,0,0,0,0,0,0,0,0,0,0,0,0,0,0,0,0,0,0,0,1,4,8,8,11,11,15,16,19,20,30,31,43,53,69,99,109,163,163,194,231,272,272,288,303,303,344,367,385,271,458,458,525,552,581,604,626,681,721,753,780,824,859,896,931,964,1012,1058,1109,1157,1181,1252,1308,1375,1404,1438,1496,1551,1592,1624,1680,1723,1747,1764,1820,1932,1963,2004,2049,2095,2132,2149,2183,2254,2342,2342,2464,2486,2528,2554,2614,2614,2709,2731,2753,2753,2833,2853,2883,2925,2942,2963,2981,3048,3060,3087,3110,3126
84033013,US,USA,840,33013.0,Merrimack,New Hampshire,US,43.29662971,-71.6811573,"Merrimack, New Hampshire, US",0,0,0,0,0,0,0,0,0,0,0,0,0,0,0,0,0,0,0,0,0,0,0,0,0,0,0,0,0,0,0,0,0,0,0,0,0,0,0,0,0,0,0,0,0,0,0,0,0,0,0,0,0,0,0,0,1,1,2,4,4,4,4,4,5,7,11,14,18,27,27,33,33,36,39,52,52,56,60,60,66,71,73,75,81,81,88,92,94,96,101,105,113,115,129,126,128,144,145,177,185,185,195,200,206,213,220,227,234,237,243,252,256,261,261,278,278,282,283,290,299,307,312,320,321,324,327,331,334,334,342,346,352,353,359,359,371,372,375,375,383,386,390,391,391,392,392,392,392,393,396,396
84033015,US,USA,840,33015.0,Rockingham,New Hampshire,US,42.98499744,-71.12883377,"Rockingham, New Hampshire, US",0,0,0,0,0,0,0,0,0,0,0,0,0,0,0,0,0,0,0,0,0,0,0,0,0,0,0,0,0,0,0,0,0,0,0,0,0,0,0,0,0,0,0,0,0,0,1,1,1,2,3,3,4,4,10,14,17,17,19,25,28,28,38,42,56,67,75,86,100,137,137,170,170,190,213,246,246,255,268,268,305,314,345,378,399,399,449,466,479,489,493,519,551,568,593,619,643,664,670,692,779,828,862,878,888,903,933,949,964,978,994,1010,1021,1040,1040,1095,1104,1113,1138,1159,1179,1199,1218,1223,1230,1240,1254,1277,1284,1284,1306,1313,1320,1336,1347,1347,1378,1380,1386,1386,1392,1400,1406,1410,1412,1416,1418,1422,1424,1427,1429,1436
84033017,US,USA,840,33017.0,Strafford,New Hampshire,US,43.291833000000004,-71.02336013,"Strafford, New Hampshire, US",0,0,0,0,0,0,0,0,0,0,0,0,0,0,0,0,0,0,0,0,0,0,0,0,0,0,0,0,0,0,0,0,0,0,0,0,0,0,0,0,0,0,0,0,0,0,0,0,0,0,0,0,0,0,0,0,0,0,0,1,3,3,4,5,7,7,11,12,17,28,28,35,35,36,43,46,46,46,48,48,53,58,59,69,69,69,84,92,94,111,111,118,123,126,129,132,132,133,139,141,145,149,155,158,163,168,172,175,183,192,196,199,201,215,221,230,232,234,240,242,243,248,253,254,257,259,261,263,267,267,269,269,271,273,278,278,277,277,277,277,278,278,278,278,278,279,279,280,280,281,283,284
84033019,US,USA,840,33019.0,Sullivan,New Hampshire,US,43.36094111,-72.22203125,"Sullivan, New Hampshire, US",0,0,0,0,0,0,0,0,0,0,0,0,0,0,0,0,0,0,0,0,0,0,0,0,0,0,0,0,0,0,0,0,0,0,0,0,0,0,0,0,0,0,0,0,0,0,0,0,0,0,0,0,0,0,0,0,0,0,0,0,1,1,1,1,1,2,2,2,3,4,4,5,5,5,5,6,6,6,6,6,6,6,6,7,7,7,9,10,10,10,10,10,10,11,11,11,11,11,11,12,12,12,12,12,12,13,14,14,14,14,14,14,14,14,16,16,16,16,16,16,16,16,17,17,17,17,17,17,19,19,19,19,19,20,20,20,20,20,20,20,24,25,25,25,25,25,24,24,24,24,24,24
84034001,US,USA,840,34001.0,Atlantic,New Jersey,US,39.47538693,-74.65848483,"Atlantic, New Jersey, US",0,0,0,0,0,0,0,0,0,0,0,0,0,0,0,0,0,0,0,0,0,0,0,0,0,0,0,0,0,0,0,0,0,0,0,0,0,0,0,0,0,0,0,0,0,0,0,0,0,0,0,0,0,0,0,0,3,3,3,4,5,6,6,12,10,14,17,24,29,31,40,50,72,98,121,132,144,168,191,211,230,253,267,284,322,344,370,382,398,410,469,505,544,566,596,638,749,868,908,964,1012,1050,1075,1135,1190,1246,1302,1423,1494,1510,1533,1558,1584,1649,1678,1716,1758,1807,1838,1875,1895,1919,1936,1961,2028,2049,2087,2120,2154,2183,2214,2222,2251,2284,2286,2309,2330,2364,2383,2401,2422,2431,2453,2475,2490,2497,2539,2553,2583,2619,2638,2702
84034003,US,USA,840,34003.0,Bergen,New Jersey,US,40.96010917,-74.07164325,"Bergen, New Jersey, US",0,0,0,0,0,0,0,0,0,0,0,0,0,0,0,0,0,0,0,0,0,0,0,0,0,0,0,0,0,0,0,0,0,0,0,0,0,0,0,0,0,0,0,2,2,4,4,4,7,11,13,15,25,25,61,84,114,195,249,363,457,609,701,819,1206,1505,1838,2169,2482,2909,3494,4099,4866,5760,6187,6862,7533,7874,8343,8928,9362,9784,10092,10426,10848,11409,11863,12163,12639,13011,13356,13686,14049,14363,14738,14965,15104,15251,15446,15610,15830,15974,16185,16282,16460,16520,16609,16709,16804,16929,17028,17091,17150,17080,17195,17246,17361,17459,17522,17518,17583,17653,17668,17804,17901,17963,18023,18158,18223,18211,18272,18302,18333,18376,18408,18463,18492,18512,18538,18573,18667,18719,18743,18805,18818,18848,18901,18928,18949,18967,18996,19010
84034005,US,USA,840,34005.0,Burlington,New Jersey,US,39.87681124,-74.66927768,"Burlington, New Jersey, US",0,0,0,0,0,0,0,0,0,0,0,0,0,0,0,0,0,0,0,0,0,0,0,0,0,0,0,0,0,0,0,0,0,0,0,0,0,0,0,0,0,0,0,0,0,0,0,0,2,2,2,3,3,3,5,5,10,14,17,21,26,36,42,48,64,88,115,142,178,202,255,294,367,469,547,646,733,801,883,954,1031,1095,1155,1207,1261,1326,1366,1456,1587,1663,1765,1878,1969,2054,2153,2333,2407,2543,2606,2690,2769,2879,3043,3100,3207,3235,3367,3431,3531,3574,3665,3697,3726,3782,3849,3875,3937,3986,4000,4058,4097,4217,4252,4308,4355,4381,4432,4476,4519,4567,4627,4657,4680,4700,4725,4746,4769,4785,4798,4808,4826,4832,4848,4866,4876,4894,4929,4935,4954,4981,4994,5023
84034007,US,USA,840,34007.0,Camden,New Jersey,US,39.80343818,-74.96388753,"Camden, New Jersey, US",0,0,0,0,0,0,0,0,0,0,0,0,0,0,0,0,0,0,0,0,0,0,0,0,0,0,0,0,0,0,0,0,0,0,0,0,0,0,0,0,0,0,0,0,0,0,0,0,1,1,1,1,2,2,3,3,8,13,11,15,22,33,51,61,73,95,123,163,200,228,289,343,406,481,556,645,736,838,990,1072,1180,1270,1401,1477,1587,1734,1807,1918,2131,2255,2379,2528,2683,2750,2870,2983,3124,3285,3385,3519,3646,3773,3973,4073,4251,4307,4479,4619,4758,4870,4959,5043,5099,5172,5255,5381,5455,5573,5644,5738,5818,5923,5953,6024,6103,6171,6227,6292,6350,6425,6510,6543,6603,6645,6663,6732,6785,6799,6827,6849,6903,6938,6952,6986,7018,7025,7040,7047,7061,7088,7117,7135
84034009,US,USA,840,34009.0,Cape May,New Jersey,US,39.15008829,-74.80170244,"Cape May, New Jersey, US",0,0,0,0,0,0,0,0,0,0,0,0,0,0,0,0,0,0,0,0,0,0,0,0,0,0,0,0,0,0,0,0,0,0,0,0,0,0,0,0,0,0,0,0,0,0,0,0,0,0,0,0,0,0,0,0,0,1,1,2,2,2,3,4,6,7,7,9,9,12,22,34,44,50,77,85,94,100,109,116,129,145,164,169,178,186,189,199,206,212,217,227,236,247,261,281,281,299,305,323,334,337,344,355,369,378,401,424,442,458,462,471,479,483,487,500,503,506,518,531,534,545,558,561,570,571,592,602,611,615,617,623,628,629,630,637,643,646,647,654,662,663,664,669,671,672,681,682,680,681,705,688
84034011,US,USA,840,34011.0,Cumberland,New Jersey,US,39.37199394,-75.10712559,"Cumberland, New Jersey, US",0,0,0,0,0,0,0,0,0,0,0,0,0,0,0,0,0,0,0,0,0,0,0,0,0,0,0,0,0,0,0,0,0,0,0,0,0,0,0,0,0,0,0,0,0,0,0,0,0,0,0,0,0,0,0,0,0,0,1,1,1,1,2,3,4,9,11,11,12,18,27,31,36,40,54,64,71,80,111,138,154,165,187,201,210,223,263,272,308,338,360,382,424,466,504,520,595,659,687,723,746,809,881,940,985,1059,1090,1124,1245,1287,1363,1427,1447,1471,1488,1592,1608,1679,1759,1830,1869,1921,1924,1947,1991,2024,2098,2146,2209,2259,2298,2310,2345,2431,2469,2531,2557,2564,2575,2583,2604,2627,2645,2661,2666,2697,2728,2745,2755,2767,2792,2847
84034013,US,USA,840,34013.0,Essex,New Jersey,US,40.78681335,-74.24657979,"Essex, New Jersey, US",0,0,0,0,0,0,0,0,0,0,0,0,0,0,0,0,0,0,0,0,0,0,0,0,0,0,0,0,0,0,0,0,0,0,0,0,0,0,0,0,0,0,0,0,0,0,0,0,0,0,1,3,7,7,20,32,45,63,73,107,172,273,342,381,609,826,1086,1227,1564,1900,2262,2617,3067,3584,4082,4493,5078,5598,6069,6580,7007,7410,7634,8212,8579,9084,9672,9901,10304,10729,11128,11387,11811,12110,12520,12863,13047,13190,13445,13682,13994,14248,14521,14621,14840,14951,15215,15350,15544,15646,15727,15826,15905,15905,16103,16151,16204,16712,16747,16952,16980,17014,17160,17214,17248,17279,17338,17516,17561,17594,17649,17733,17761,17813,17912,18019,18066,18077,18117,18151,18206,18234,18295,18336,18364,18375,18388,18421,18499,18533,18531,18551
84034015,US,USA,840,34015.0,Gloucester,New Jersey,US,39.71581067,-75.13995546,"Gloucester, New Jersey, US",0,0,0,0,0,0,0,0,0,0,0,0,0,0,0,0,0,0,0,0,0,0,0,0,0,0,0,0,0,0,0,0,0,0,0,0,0,0,0,0,0,0,0,0,0,0,0,0,0,0,0,0,0,0,0,2,2,2,5,6,8,13,19,23,33,40,51,72,89,114,149,169,183,215,248,279,311,340,413,447,487,532,566,587,602,624,664,683,737,770,808,856,899,923,949,976,1111,1179,1208,1251,1282,1334,1384,1433,1467,1499,1548,1593,1631,1654,1690,1710,1728,1756,1788,1811,1832,1907,1935,1966,2002,2031,2044,2066,2089,2103,2130,2165,2198,2217,2234,2245,2262,2278,2290,2310,2319,2328,2332,2340,2357,2367,2379,2402,2414,2416,2423,2428,2438,2451,2457,2467
84034017,US,USA,840,34017.0,Hudson,New Jersey,US,40.73766234,-74.07515667,"Hudson, New Jersey, US",0,0,0,0,0,0,0,0,0,0,0,0,0,0,0,0,0,0,0,0,0,0,0,0,0,0,0,0,0,0,0,0,0,0,0,0,0,0,0,0,0,0,0,0,0,0,1,1,1,1,1,4,5,5,19,24,34,55,66,97,126,190,234,260,441,594,771,974,1314,1606,1910,2270,2835,3491,3924,4395,4949,5437,5879,6411,6851,7469,7879,8242,8511,9165,9636,9956,10486,11150,11221,12088,12681,13011,13367,13708,13925,14309,14596,14916,15148,15401,15769,15881,16099,16197,17142,17365,17365,17513,17801,17677,17451,17602,18048,18048,18498,18498,18679,18880,18880,18880,18959,18879,18879,18927,18606,18660,18919,18919,18767,18801,18822,18852,18875,18875,18916,18916,19000,19000,19066,19066,19149,19149,19177,19195,19238,19238,19249,19257,19280,19280
84034019,US,USA,840,34019.0,Hunterdon,New Jersey,US,40.56335249,-74.91284156,"Hunterdon, New Jersey, US",0,0,0,0,0,0,0,0,0,0,0,0,0,0,0,0,0,0,0,0,0,0,0,0,0,0,0,0,0,0,0,0,0,0,0,0,0,0,0,0,0,0,0,0,0,0,0,0,0,0,0,0,0,1,1,4,6,8,11,14,16,18,25,25,39,52,61,66,79,97,117,130,148,171,189,211,234,255,286,293,301,314,325,349,356,373,385,391,407,419,423,434,464,490,505,536,564,573,583,603,608,622,661,665,679,682,685,701,706,714,723,729,732,764,777,795,808,846,885,920,925,938,938,960,966,967,973,974,981,985,993,996,999,1006,1009,1015,1022,1023,1025,1027,1028,1032,1034,1038,1039,1041,1042,1049,1049,1050,1053,1054
84034021,US,USA,840,34021.0,Mercer,New Jersey,US,40.28047017,-74.70479631,"Mercer, New Jersey, US",0,0,0,0,0,0,0,0,0,0,0,0,0,0,0,0,0,0,0,0,0,0,0,0,0,0,0,0,0,0,0,0,0,0,0,0,0,0,0,0,0,0,0,0,0,0,0,0,0,0,0,1,1,1,6,9,15,20,22,30,40,50,58,82,111,131,168,202,249,268,333,386,484,586,654,740,837,992,1161,1282,1434,1567,1646,1731,1856,2037,2123,2215,2395,2591,2591,2845,2991,3086,3245,3355,3433,3605,3725,3937,4077,4271,4504,4594,4743,4860,4986,5111,5233,5317,5393,5426,5499,5612,5673,5719,5825,5950,6018,6162,6205,6295,6351,6413,6491,6544,6592,6670,6775,6850,6933,6961,7004,7033,7072,7120,7148,7166,7184,7204,7245,7275,7295,7323,7351,7371,7381,7393,7416,7463,7489,7541
84034023,US,USA,840,34023.0,Middlesex,New Jersey,US,40.43629879,-74.41426991,"Middlesex, New Jersey, US",0,0,0,0,0,0,0,0,0,0,0,0,0,0,0,0,0,0,0,0,0,0,0,0,0,0,0,0,0,0,0,0,0,0,0,0,0,0,0,0,0,0,0,0,0,0,0,0,0,2,2,6,10,10,17,22,40,64,76,116,147,210,277,316,505,640,808,938,1123,1277,1493,1766,2125,2578,2950,3263,3717,4156,4628,5060,5406,5693,5987,6313,6576,6994,7308,7624,8017,8346,8346,9047,9530,9789,10075,10642,10767,11102,11436,11715,11947,12213,12597,12768,13142,13254,13411,13617,13759,13937,14036,14121,14241,14332,14429,14514,14668,14752,14834,14954,15057,15165,15215,15351,15437,15499,15547,15633,15734,15824,15921,15977,16021,16066,16072,16137,16203,16198,16227,16251,16288,16327,16353,16385,16430,16458,16474,16513,16547,16563,16592,16605
84034025,US,USA,840,34025.0,Monmouth,New Jersey,US,40.26549699,-74.22240686,"Monmouth, New Jersey, US",0,0,0,0,0,0,0,0,0,0,0,0,0,0,0,0,0,0,0,0,0,0,0,0,0,0,0,0,0,0,0,0,0,0,0,0,0,0,0,0,0,0,0,0,0,0,0,0,2,4,5,8,8,8,14,22,32,43,53,92,158,238,288,313,501,634,781,870,1030,1140,1301,1458,1743,2065,2354,2545,2770,3038,3248,3496,3651,3785,3875,4003,4122,4299,4414,4528,4669,4787,4787,5086,5238,5368,5521,5671,5759,5826,5907,6033,6132,6198,6290,6378,6490,6552,6649,6752,6815,6894,6988,7041,7090,7164,7224,7297,7339,7408,7470,7541,7637,7695,7720,7800,7865,7911,7961,8012,8100,8159,8219,8249,8289,8332,8379,8428,8454,8478,8498,8512,8563,8627,8660,8720,8740,8761,8786,8804,8830,8876,8925,8942
84034027,US,USA,840,34027.0,Morris,New Jersey,US,40.86095313,-74.54553709999998,"Morris, New Jersey, US",0,0,0,0,0,0,0,0,0,0,0,0,0,0,0,0,0,0,0,0,0,0,0,0,0,0,0,0,0,0,0,0,0,0,0,0,0,0,0,0,0,0,0,0,0,0,0,0,0,0,1,3,3,3,6,7,19,26,35,64,119,177,204,223,315,391,442,566,720,841,942,1082,1298,1618,1800,1956,2239,2468,2645,2771,2925,3099,3225,3424,3525,3701,3822,3984,4136,4236,4236,4556,4680,4716,4821,4976,5030,5128,5213,5287,5354,5406,5517,5549,5625,5655,5702,5767,5833,5854,5876,5908,5926,5954,5990,6012,6036,6092,6100,6139,6155,6171,6192,6207,6259,6279,6289,6354,6367,6383,6463,6506,6512,6540,6548,6572,6584,6592,6602,6605,6596,6601,6556,6568,6581,6588,6599,6627,6652,6679,6689,6699
84034029,US,USA,840,34029.0,Ocean,New Jersey,US,39.8895449,-74.28089251,"Ocean, New Jersey, US",0,0,0,0,0,0,0,0,0,0,0,0,0,0,0,0,0,0,0,0,0,0,0,0,0,0,0,0,0,0,0,0,0,0,0,0,0,0,0,0,0,0,0,0,0,0,0,0,0,0,0,1,1,1,3,4,8,33,49,62,102,144,180,222,389,484,624,759,874,1022,1209,1371,1685,2003,2177,2374,2641,2856,3093,3269,3403,3554,3593,3833,4016,4272,4424,4548,4648,4868,4868,5234,5444,5612,5811,5962,6024,6151,6253,6375,6505,6692,6871,6974,7060,7125,7209,7277,7366,7462,7569,7633,7688,7742,7829,7878,7913,7994,8067,8165,8214,8285,8316,8372,8430,8462,8514,8577,8627,8700,8748,8770,8817,8853,8900,8954,8979,9022,9041,9059,9100,9166,9200,9222,9244,9258,9279,9306,9351,9382,9413,9425
84034031,US,USA,840,34031.0,Passaic,New Jersey,US,41.03238628,-74.29954144,"Passaic, New Jersey, US",0,0,0,0,0,0,0,0,0,0,0,0,0,0,0,0,0,0,0,0,0,0,0,0,0,0,0,0,0,0,0,0,0,0,0,0,0,0,0,0,0,0,0,0,0,0,0,0,1,1,1,2,2,2,8,10,18,38,49,67,95,141,216,255,399,484,608,831,1091,1294,1494,1750,2216,2856,3227,3756,4104,4372,4690,5017,5295,5590,5950,6438,6750,7317,7604,7936,8288,8479,8479,9392,9874,10291,10738,11137,11349,11755,12185,12449,12814,13082,13364,13496,13797,13971,14133,14280,14428,14543,14645,14716,14757,14887,14930,15031,15205,15278,15371,15426,15497,15604,15610,15686,15774,15826,15873,15959,16045,16099,16170,16200,16234,16277,16311,16387,16436,16449,16461,16492,16524,16555,16581,16612,16627,16649,16664,16683,16706,16725,16735,16769
84034033,US,USA,840,34033.0,Salem,New Jersey,US,39.58719656,-75.34696629999998,"Salem, New Jersey, US",0,0,0,0,0,0,0,0,0,0,0,0,0,0,0,0,0,0,0,0,0,0,0,0,0,0,0,0,0,0,0,0,0,0,0,0,0,0,0,0,0,0,0,0,0,0,0,0,0,0,0,0,0,0,0,0,0,0,0,0,1,1,1,1,2,3,3,3,3,12,19,20,25,25,26,29,31,36,43,46,56,61,66,73,84,95,102,105,116,120,120,134,164,169,177,181,212,219,227,231,237,261,270,312,347,353,358,363,400,411,411,418,428,438,446,457,459,465,470,481,484,523,535,552,566,573,579,592,602,621,634,639,645,653,659,665,670,675,682,686,687,689,699,705,706,708,711,723,736,745,748,750
84034035,US,USA,840,34035.0,Somerset,New Jersey,US,40.56465737,-74.61683016,"Somerset, New Jersey, US",0,0,0,0,0,0,0,0,0,0,0,0,0,0,0,0,0,0,0,0,0,0,0,0,0,0,0,0,0,0,0,0,0,0,0,0,0,0,0,0,0,0,0,0,0,0,0,0,0,0,1,1,1,1,5,7,16,21,28,34,51,67,102,117,179,222,258,295,349,413,472,549,641,765,833,902,1033,1160,1335,1523,1642,1732,1809,1911,2001,2103,2195,2283,2384,2488,2488,2688,2798,2921,3030,3144,3204,3278,3372,3464,3537,3605,3703,3753,3820,3860,3914,3968,3996,4054,4093,4115,4127,4159,4181,4212,4255,4278,4312,4349,4390,4416,4425,4450,4480,4489,4505,4522,4552,4567,4583,4595,4605,4619,4626,4651,4664,4662,4670,4679,4698,4721,4736,4756,4759,4764,4767,4780,4786,4796,4806,4813
84034037,US,USA,840,34037.0,Sussex,New Jersey,US,41.13891592,-74.69118243,"Sussex, New Jersey, US",0,0,0,0,0,0,0,0,0,0,0,0,0,0,0,0,0,0,0,0,0,0,0,0,0,0,0,0,0,0,0,0,0,0,0,0,0,0,0,0,0,0,0,0,0,0,0,0,0,0,0,0,0,0,0,0,0,2,3,6,12,15,18,27,49,65,81,93,113,132,158,179,210,236,267,292,331,357,392,413,456,483,508,535,551,578,591,626,659,680,688,743,784,795,812,855,864,882,900,921,936,949,969,979,987,995,1006,1015,1023,1026,1033,1046,1042,1046,1050,1053,1060,1061,1065,1069,1077,1075,1079,1079,1084,1089,1095,1104,1106,1110,1110,1114,1123,1128,1131,1155,1160,1160,1172,1172,1179,1179,1179,1190,1190,1190,1190,1203,1208,1213,1216,1220
84034039,US,USA,840,34039.0,Union,New Jersey,US,40.65835409,-74.30680092,"Union, New Jersey, US",0,0,0,0,0,0,0,0,0,0,0,0,0,0,0,0,0,0,0,0,0,0,0,0,0,0,0,0,0,0,0,0,0,0,0,0,0,0,0,0,0,0,0,0,0,0,0,0,1,1,1,1,1,3,8,15,26,29,43,81,124,189,246,262,432,519,742,896,1213,1418,1661,2010,2487,2916,3216,3685,4368,4831,5203,5575,5865,6180,6636,7265,7438,7904,8429,8959,9609,9972,9972,10484,10935,11208,11523,11853,12011,12188,12380,12578,12779,12996,13225,13357,13503,13604,13781,13917,13984,14057,14164,14203,14306,14385,14492,14569,14702,14903,15031,15122,15176,15191,15186,15169,15218,15293,15324,15475,15610,15764,15821,15858,15868,15911,15953,16038,16116,16186,16241,16302,16317,16337,16351,16337,16322,16308,16320,16315,16304,16291,16298,16322
84034041,US,USA,840,34041.0,Warren,New Jersey,US,40.85951833,-74.99556527,"Warren, New Jersey, US",0,0,0,0,0,0,0,0,0,0,0,0,0,0,0,0,0,0,0,0,0,0,0,0,0,0,0,0,0,0,0,0,0,0,0,0,0,0,0,0,0,0,0,0,0,0,0,0,0,0,0,0,0,0,0,0,1,3,3,5,9,12,15,18,31,38,51,56,68,76,96,116,149,182,195,215,255,289,319,337,362,395,416,442,468,501,521,543,592,613,613,689,719,729,750,778,810,848,880,903,920,941,957,977,982,993,1004,1034,1040,1044,1047,1061,1066,1068,1072,1077,1078,1086,1091,1100,1111,1118,1119,1125,1132,1136,1145,1146,1153,1162,1160,1165,1173,1182,1186,1189,1190,1189,1192,1193,1197,1198,1200,1202,1202,1202,1205,1206,1205,1209,1211,1216
84035001,US,USA,840,35001.0,Bernalillo,New Mexico,US,35.05163625,-106.6703554,"Bernalillo, New Mexico, US",0,0,0,0,0,0,0,0,0,0,0,0,0,0,0,0,0,0,0,0,0,0,0,0,0,0,0,0,0,0,0,0,0,0,0,0,0,0,0,0,0,0,0,0,0,0,0,0,0,1,2,5,6,6,14,14,16,20,23,32,32,38,43,48,48,55,93,101,101,129,129,148,202,202,246,262,307,307,325,407,407,440,455,455,477,477,491,527,542,566,566,600,631,651,670,688,694,738,765,811,830,883,920,944,963,981,1012,1030,1050,1073,1086,1111,1124,1149,1180,1194,1210,1218,1225,1284,1273,1313,1313,1337,1347,1362,1383,1434,1445,1464,1476,1486,1499,1524,1543,1559,1575,1592,1600,1612,1623,1652,1669,1682,1693,1705,1733,1752,1740,1777,1792,1805
84035003,US,USA,840,35003.0,Catron,New Mexico,US,33.91514144,-108.4046587,"Catron, New Mexico, US",0,0,0,0,0,0,0,0,0,0,0,0,0,0,0,0,0,0,0,0,0,0,0,0,0,0,0,0,0,0,0,0,0,0,0,0,0,0,0,0,0,0,0,0,0,0,0,0,0,0,0,0,0,0,0,0,0,0,0,0,0,0,0,0,0,0,0,0,0,0,0,0,0,1,1,1,1,1,1,1,1,1,1,1,1,1,1,1,1,1,1,1,1,1,1,1,1,1,1,1,1,1,1,1,1,2,2,2,2,2,2,2,2,2,2,2,2,2,2,2,2,2,2,2,2,2,2,2,2,2,2,2,2,2,2,2,2,2,2,2,2,2,2,2,2,2,2,2,2,2,2,2
84035005,US,USA,840,35005.0,Chaves,New Mexico,US,33.36406072,-104.4665365,"Chaves, New Mexico, US",0,0,0,0,0,0,0,0,0,0,0,0,0,0,0,0,0,0,0,0,0,0,0,0,0,0,0,0,0,0,0,0,0,0,0,0,0,0,0,0,0,0,0,0,0,0,0,0,0,0,0,0,0,0,0,0,0,0,0,0,0,4,4,4,4,4,7,8,8,10,10,10,13,13,13,14,15,15,16,18,18,19,19,19,19,19,19,21,21,21,21,21,22,22,22,22,22,22,22,22,23,23,23,24,25,25,26,27,27,27,27,28,30,30,30,30,30,31,31,33,34,35,35,39,40,42,42,42,44,45,47,50,51,50,51,50,49,49,49,48,50,52,53,56,59,59,59,61,61,64,64,64
84035006,US,USA,840,35006.0,Cibola,New Mexico,US,34.91131525,-107.998876,"Cibola, New Mexico, US",0,0,0,0,0,0,0,0,0,0,0,0,0,0,0,0,0,0,0,0,0,0,0,0,0,0,0,0,0,0,0,0,0,0,0,0,0,0,0,0,0,0,0,0,0,0,0,0,0,0,0,0,0,0,0,0,0,0,0,0,0,0,1,1,1,1,2,2,2,2,4,5,8,12,14,14,15,16,16,24,24,25,25,25,29,29,30,33,33,33,33,35,38,38,39,41,41,46,47,52,63,63,68,69,74,82,82,85,86,86,86,89,93,100,100,101,102,103,108,114,113,122,122,129,129,130,134,136,137,139,141,143,145,147,148,152,159,166,168,169,170,172,180,183,184,185,186,186,188,194,194,196
84035007,US,USA,840,35007.0,Colfax,New Mexico,US,36.60569702,-104.64726740000002,"Colfax, New Mexico, US",0,0,0,0,0,0,0,0,0,0,0,0,0,0,0,0,0,0,0,0,0,0,0,0,0,0,0,0,0,0,0,0,0,0,0,0,0,0,0,0,0,0,0,0,0,0,0,0,0,0,0,0,0,0,0,0,0,0,0,0,0,0,0,0,0,0,0,0,0,0,0,0,0,0,0,0,0,0,0,1,1,1,2,2,2,2,3,4,4,5,5,5,5,5,5,5,5,5,5,5,5,5,5,5,5,5,5,5,5,5,5,5,5,5,5,5,5,5,5,5,5,5,5,5,5,5,5,5,5,5,5,5,5,5,5,5,5,5,5,5,6,6,5,7,7,8,8,8,8,8,9,9
84035009,US,USA,840,35009.0,Curry,New Mexico,US,34.57421077,-103.34688759999999,"Curry, New Mexico, US",0,0,0,0,0,0,0,0,0,0,0,0,0,0,0,0,0,0,0,0,0,0,0,0,0,0,0,0,0,0,0,0,0,0,0,0,0,0,0,0,0,0,0,0,0,0,0,0,0,0,0,0,0,0,0,0,0,0,0,0,0,0,1,1,1,1,1,3,3,3,3,5,6,6,6,6,8,8,8,9,9,10,10,10,10,10,10,10,10,10,10,10,10,10,11,13,13,13,13,17,17,18,18,19,20,23,26,28,29,29,31,32,34,34,36,40,41,41,43,45,44,45,45,46,46,49,50,51,52,51,52,53,55,56,57,62,62,62,64,64,68,68,71,77,81,83,89,92,97,101,108,110
84035011,US,USA,840,35011.0,De Baca,New Mexico,US,34.34274529,-104.4117842,"De Baca, New Mexico, US",0,0,0,0,0,0,0,0,0,0,0,0,0,0,0,0,0,0,0,0,0,0,0,0,0,0,0,0,0,0,0,0,0,0,0,0,0,0,0,0,0,0,0,0,0,0,0,0,0,0,0,0,0,0,0,0,0,0,0,0,0,0,0,0,0,0,0,0,0,0,0,0,0,0,0,0,0,0,0,0,0,0,0,0,0,0,0,0,0,0,0,0,0,0,0,0,0,0,0,0,0,0,0,1,1,1,1,0,0,0,0,0,0,0,0,0,0,0,0,0,0,0,0,0,0,0,0,0,0,0,0,0,0,0,0,0,0,0,0,0,0,0,0,0,0,0,0,0,0,0,0,0
84035013,US,USA,840,35013.0,Dona Ana,New Mexico,US,32.35275771,-106.83293870000001,"Dona Ana, New Mexico, US",0,0,0,0,0,0,0,0,0,0,0,0,0,0,0,0,0,0,0,0,0,0,0,0,0,0,0,0,0,0,0,0,0,0,0,0,0,0,0,0,0,0,0,0,0,0,0,0,0,0,0,0,0,0,0,0,0,0,0,0,2,10,13,13,13,16,17,17,17,18,18,21,23,22,29,30,35,35,39,44,44,49,50,50,54,54,58,67,69,73,73,82,88,94,110,116,126,129,130,144,147,153,159,170,173,180,197,206,201,221,245,245,249,259,270,282,294,309,319,326,362,370,370,407,423,428,439,442,449,460,466,476,479,488,509,535,558,570,587,589,615,632,637,645,658,657,659,676,685,692,700,718
84035015,US,USA,840,35015.0,Eddy,New Mexico,US,32.47167456,-104.3053527,"Eddy, New Mexico, US",0,0,0,0,0,0,0,0,0,0,0,0,0,0,0,0,0,0,0,0,0,0,0,0,0,0,0,0,0,0,0,0,0,0,0,0,0,0,0,0,0,0,0,0,0,0,0,0,0,0,0,0,0,0,0,0,0,0,0,0,0,0,0,1,1,1,3,4,4,4,4,4,4,4,4,4,4,4,6,6,6,7,7,7,7,7,7,9,9,10,10,11,11,11,11,13,13,12,12,12,12,13,13,13,13,13,13,14,14,14,14,14,14,17,17,17,17,17,17,17,17,17,17,18,19,19,19,21,20,20,22,24,23,23,26,28,30,35,38,38,42,45,46,46,47,47,48,48,49,49,51,53
84035017,US,USA,840,35017.0,Grant,New Mexico,US,32.73911281,-108.3827845,"Grant, New Mexico, US",0,0,0,0,0,0,0,0,0,0,0,0,0,0,0,0,0,0,0,0,0,0,0,0,0,0,0,0,0,0,0,0,0,0,0,0,0,0,0,0,0,0,0,0,0,0,0,0,0,0,0,0,0,0,0,0,0,0,0,0,0,0,0,0,0,0,0,0,0,0,0,1,1,1,1,3,4,4,4,7,7,9,9,10,11,11,12,13,13,14,14,14,14,14,14,14,14,14,14,14,14,15,16,15,15,15,15,15,15,15,15,15,15,16,16,16,16,16,16,16,16,16,16,16,16,15,15,15,15,15,15,15,15,15,15,15,15,15,15,15,15,16,17,16,16,16,16,16,16,16,16,17
84035019,US,USA,840,35019.0,Guadalupe,New Mexico,US,34.86319296,-104.790669,"Guadalupe, New Mexico, US",0,0,0,0,0,0,0,0,0,0,0,0,0,0,0,0,0,0,0,0,0,0,0,0,0,0,0,0,0,0,0,0,0,0,0,0,0,0,0,0,0,0,0,0,0,0,0,0,0,0,0,0,0,0,0,0,0,0,0,0,0,0,0,0,0,0,0,0,0,0,0,0,0,0,0,0,0,0,0,0,0,0,0,0,0,0,0,1,1,1,1,2,3,7,12,13,13,13,14,14,14,14,15,15,15,15,15,15,15,15,15,17,17,17,19,19,19,19,19,19,19,19,19,19,19,20,20,20,20,20,20,20,20,20,20,20,20,20,20,20,20,20,20,20,20,20,20,20,20,20,20,20
84035021,US,USA,840,35021.0,Harding,New Mexico,US,35.85751555,-103.82209379999999,"Harding, New Mexico, US",0,0,0,0,0,0,0,0,0,0,0,0,0,0,0,0,0,0,0,0,0,0,0,0,0,0,0,0,0,0,0,0,0,0,0,0,0,0,0,0,0,0,0,0,0,0,0,0,0,0,0,0,0,0,0,0,0,0,0,0,0,0,0,0,0,0,0,0,0,0,0,0,0,0,0,0,0,0,0,0,0,0,0,0,0,0,0,0,0,0,0,0,1,1,1,1,1,1,1,1,1,1,1,1,1,1,1,1,1,1,1,1,1,1,1,1,1,1,1,1,1,1,1,1,1,1,1,1,1,1,1,1,1,1,1,1,1,1,1,1,1,1,1,1,1,1,1,1,1,1,1,1
84035023,US,USA,840,35023.0,Hidalgo,New Mexico,US,31.91383467,-108.7151824,"Hidalgo, New Mexico, US",0,0,0,0,0,0,0,0,0,0,0,0,0,0,0,0,0,0,0,0,0,0,0,0,0,0,0,0,0,0,0,0,0,0,0,0,0,0,0,0,0,0,0,0,0,0,0,0,0,0,0,0,0,0,0,0,0,0,0,0,0,0,0,0,0,0,0,0,0,0,0,0,0,0,0,0,0,0,0,0,1,0,0,0,0,0,0,0,0,0,0,0,0,0,0,0,0,0,0,0,0,0,0,0,0,0,0,0,0,0,0,0,0,0,0,0,0,1,1,1,1,1,1,1,1,1,1,1,1,1,1,1,1,1,1,1,1,1,1,1,1,1,2,3,3,20,23,23,23,26,26,28
84035025,US,USA,840,35025.0,Lea,New Mexico,US,32.79215361,-103.4123733,"Lea, New Mexico, US",0,0,0,0,0,0,0,0,0,0,0,0,0,0,0,0,0,0,0,0,0,0,0,0,0,0,0,0,0,0,0,0,0,0,0,0,0,0,0,0,0,0,0,0,0,0,0,0,0,0,0,0,0,0,0,0,0,0,0,1,1,1,1,1,1,1,2,2,2,2,2,2,2,2,2,2,2,2,2,2,2,2,2,2,2,2,2,2,2,2,2,5,8,10,10,10,10,10,10,10,10,12,12,12,12,14,14,14,14,15,15,15,15,15,15,15,16,18,18,18,21,21,21,23,24,24,24,24,26,26,26,26,26,26,26,29,29,29,32,33,34,35,38,41,42,44,49,55,54,58,66,67
84035027,US,USA,840,35027.0,Lincoln,New Mexico,US,33.74526079,-105.4586166,"Lincoln, New Mexico, US",0,0,0,0,0,0,0,0,0,0,0,0,0,0,0,0,0,0,0,0,0,0,0,0,0,0,0,0,0,0,0,0,0,0,0,0,0,0,0,0,0,0,0,0,0,0,0,0,0,0,0,0,0,0,0,0,0,0,0,0,0,0,0,0,0,0,0,0,0,0,0,0,0,0,1,1,1,1,1,1,1,1,1,1,1,1,1,1,1,1,1,2,2,2,2,2,2,2,2,2,2,2,2,2,2,2,2,2,2,2,2,2,2,2,2,3,3,3,3,3,3,3,3,3,3,2,2,2,2,2,2,2,4,5,5,5,5,5,5,5,5,5,5,5,6,6,6,6,7,7,7,7
84035028,US,USA,840,35028.0,Los Alamos,New Mexico,US,35.86631386,-106.31349850000001,"Los Alamos, New Mexico, US",0,0,0,0,0,0,0,0,0,0,0,0,0,0,0,0,0,0,0,0,0,0,0,0,0,0,0,0,0,0,0,0,0,0,0,0,0,0,0,0,0,0,0,0,0,0,0,0,0,0,0,0,0,0,0,0,0,0,0,0,0,0,0,0,0,0,0,0,0,0,0,0,0,0,2,2,2,2,2,4,4,5,5,5,6,6,6,6,6,6,6,6,6,6,6,6,6,6,6,6,6,6,6,6,6,6,6,6,6,6,6,6,6,6,6,6,6,6,6,6,6,6,6,6,6,6,6,6,6,6,6,6,6,6,6,6,6,6,6,6,6,6,6,6,7,7,7,7,7,7,7,7
84035029,US,USA,840,35029.0,Luna,New Mexico,US,32.18179341,-107.75088259999998,"Luna, New Mexico, US",0,0,0,0,0,0,0,0,0,0,0,0,0,0,0,0,0,0,0,0,0,0,0,0,0,0,0,0,0,0,0,0,0,0,0,0,0,0,0,0,0,0,0,0,0,0,0,0,0,0,0,0,0,0,0,0,0,0,0,0,0,0,0,0,0,0,0,0,0,0,0,0,0,0,0,0,0,0,0,0,2,2,2,2,2,2,3,3,3,3,3,3,3,3,3,3,3,3,4,5,5,6,7,7,7,7,7,7,7,7,8,8,8,8,8,8,8,8,8,8,8,8,8,8,7,7,7,7,8,8,8,8,9,10,9,11,11,12,12,12,12,20,20,26,27,29,32,32,44,47,49,54
84035031,US,USA,840,35031.0,McKinley,New Mexico,US,35.58007720000001,-108.262245,"McKinley, New Mexico, US",0,0,0,0,0,0,0,0,0,0,0,0,0,0,0,0,0,0,0,0,0,0,0,0,0,0,0,0,0,0,0,0,0,0,0,0,0,0,0,0,0,0,0,0,0,0,0,0,0,0,0,0,0,0,0,0,0,0,1,1,1,2,3,3,3,3,5,9,9,16,20,24,31,31,40,44,55,70,70,113,113,144,144,191,242,242,265,356,363,416,416,519,573,639,708,720,778,820,953,1027,1064,1116,1144,1233,1274,1337,1402,1460,1508,1522,1585,1628,1681,1730,1787,1864,1888,1953,1987,2034,2044,2086,2086,2192,2215,2236,2270,2291,2348,2406,2415,2451,2480,2515,2542,2617,2657,2694,2746,2757,2807,2822,2870,2896,2912,2936,2949,2968,2987,3009,3041,3073
84035033,US,USA,840,35033.0,Mora,New Mexico,US,36.01095101,-104.9497716,"Mora, New Mexico, US",0,0,0,0,0,0,0,0,0,0,0,0,0,0,0,0,0,0,0,0,0,0,0,0,0,0,0,0,0,0,0,0,0,0,0,0,0,0,0,0,0,0,0,0,0,0,0,0,0,0,0,0,0,0,0,0,0,0,0,0,0,0,0,0,0,0,0,0,0,0,0,0,0,0,0,0,0,0,0,0,0,0,0,0,0,0,0,0,0,0,0,0,0,0,0,0,0,0,0,0,0,0,0,0,0,0,0,0,0,0,0,0,0,0,0,0,0,0,0,0,0,0,0,0,0,0,0,0,0,0,0,0,0,0,0,0,0,0,0,0,0,0,0,0,0,0,0,0,0,0,0,0
84035035,US,USA,840,35035.0,Otero,New Mexico,US,32.61348406,-105.7417604,"Otero, New Mexico, US",0,0,0,0,0,0,0,0,0,0,0,0,0,0,0,0,0,0,0,0,0,0,0,0,0,0,0,0,0,0,0,0,0,0,0,0,0,0,0,0,0,0,0,0,0,0,0,0,0,0,0,0,0,0,0,0,0,0,0,0,0,0,0,0,0,0,0,0,0,0,1,1,1,2,3,3,3,3,3,3,3,4,4,3,3,3,3,3,3,3,3,3,5,4,4,4,4,4,5,5,5,6,6,8,8,9,9,15,7,8,12,9,8,8,8,9,8,8,8,8,8,12,12,14,14,17,17,18,22,22,22,22,22,22,23,25,25,26,27,28,28,28,30,30,29,30,30,31,30,32,32,31
84035037,US,USA,840,35037.0,Quay,New Mexico,US,35.10403332,-103.54817270000001,"Quay, New Mexico, US",0,0,0,0,0,0,0,0,0,0,0,0,0,0,0,0,0,0,0,0,0,0,0,0,0,0,0,0,0,0,0,0,0,0,0,0,0,0,0,0,0,0,0,0,0,0,0,0,0,0,0,0,0,0,0,0,0,0,0,0,0,0,0,0,0,0,0,0,0,0,0,0,0,0,0,0,0,0,0,0,0,1,1,1,1,1,1,2,2,3,3,3,4,4,4,4,4,4,4,4,4,4,4,4,4,4,4,4,4,4,4,5,5,5,5,5,5,5,5,5,5,5,5,5,5,5,5,5,5,5,5,5,5,5,5,5,5,5,5,4,4,4,4,4,4,4,4,4,5,5,5,5
84035039,US,USA,840,35039.0,Rio Arriba,New Mexico,US,36.51072137,-106.69316740000001,"Rio Arriba, New Mexico, US",0,0,0,0,0,0,0,0,0,0,0,0,0,0,0,0,0,0,0,0,0,0,0,0,0,0,0,0,0,0,0,0,0,0,0,0,0,0,0,0,0,0,0,0,0,0,0,0,0,0,0,0,0,0,0,0,0,0,0,0,0,0,0,2,2,2,3,2,2,4,4,4,5,5,6,6,6,6,7,7,7,7,7,7,10,10,10,10,10,11,11,11,11,12,12,14,14,14,14,14,18,22,24,24,24,24,26,27,27,27,28,28,28,30,30,31,31,33,33,33,36,36,36,37,37,37,38,41,43,44,47,48,49,52,52,54,54,54,57,57,59,60,60,60,60,59,59,61,66,73,79,79
84035041,US,USA,840,35041.0,Roosevelt,New Mexico,US,34.02097406,-103.4799493,"Roosevelt, New Mexico, US",0,0,0,0,0,0,0,0,0,0,0,0,0,0,0,0,0,0,0,0,0,0,0,0,0,0,0,0,0,0,0,0,0,0,0,0,0,0,0,0,0,0,0,0,0,0,0,0,0,0,0,0,0,0,0,0,0,0,0,0,0,0,0,0,0,0,1,1,1,1,1,1,1,1,1,1,1,1,1,1,1,1,1,1,1,1,1,1,1,1,1,4,4,4,6,7,7,8,8,9,9,9,10,10,10,11,11,11,11,11,11,12,13,14,14,26,26,27,27,27,26,31,31,34,36,36,37,37,37,38,40,42,41,41,42,42,42,42,45,45,46,51,53,53,53,53,53,53,54,54,53,53
84035043,US,USA,840,35043.0,Sandoval,New Mexico,US,35.68862401,-106.86878030000001,"Sandoval, New Mexico, US",0,0,0,0,0,0,0,0,0,0,0,0,0,0,0,0,0,0,0,0,0,0,0,0,0,0,0,0,0,0,0,0,0,0,0,0,0,0,0,0,0,0,0,0,0,0,0,0,0,0,0,0,2,2,2,2,4,4,6,7,7,7,7,8,8,10,15,18,18,29,29,32,66,66,103,114,128,128,143,177,177,235,235,244,262,262,293,311,315,317,317,341,345,357,365,374,378,383,385,389,396,410,416,421,426,432,439,451,452,458,467,474,477,479,483,488,493,495,498,542,528,529,529,543,544,546,551,556,559,566,568,568,572,575,578,579,585,597,600,604,604,607,609,616,630,634,642,651,656,662,672,675
84035045,US,USA,840,35045.0,San Juan,New Mexico,US,36.50838318,-108.32043700000001,"San Juan, New Mexico, US",0,0,0,0,0,0,0,0,0,0,0,0,0,0,0,0,0,0,0,0,0,0,0,0,0,0,0,0,0,0,0,0,0,0,0,0,0,0,0,0,0,0,0,0,0,0,0,0,0,0,0,0,0,0,0,0,0,0,0,0,0,3,7,8,8,14,18,22,22,32,37,41,50,58,58,83,107,116,116,142,142,151,151,173,200,200,229,260,275,293,293,339,390,420,435,442,463,508,576,621,637,710,736,781,806,844,921,989,1015,1034,1107,1149,1203,1237,1274,1316,1344,1376,1408,1457,1451,1490,1490,1558,1581,1605,1642,1662,1692,1715,1733,1771,1813,1821,1842,1893,1923,1966,1990,1999,2034,2043,2081,2083,2098,2123,2129,2140,2148,2165,2173,2183
84035047,US,USA,840,35047.0,San Miguel,New Mexico,US,35.48014807,-104.8163562,"San Miguel, New Mexico, US",0,0,0,0,0,0,0,0,0,0,0,0,0,0,0,0,0,0,0,0,0,0,0,0,0,0,0,0,0,0,0,0,0,0,0,0,0,0,0,0,0,0,0,0,0,0,0,0,0,0,0,0,0,0,0,0,0,1,1,1,1,1,1,1,1,1,1,1,1,1,1,1,1,1,1,1,1,1,1,1,1,1,1,1,2,2,2,2,2,2,2,2,2,2,2,2,2,2,2,2,2,2,2,2,3,4,4,5,6,6,7,7,7,7,9,10,10,10,10,10,10,10,10,11,15,15,14,14,15,15,15,15,15,15,15,15,15,15,16,16,16,16,16,16,16,16,16,16,18,18,18,18
84035049,US,USA,840,35049.0,Santa Fe,New Mexico,US,35.50708973,-105.9774716,"Santa Fe, New Mexico, US",0,0,0,0,0,0,0,0,0,0,0,0,0,0,0,0,0,0,0,0,0,0,0,0,0,0,0,0,0,0,0,0,0,0,0,0,0,0,0,0,0,0,0,0,0,0,0,0,0,0,1,3,3,3,3,4,5,7,7,8,8,12,14,17,17,22,29,34,34,42,42,48,48,52,62,64,66,66,68,70,72,75,75,76,78,78,79,82,83,86,86,93,96,94,95,95,95,98,98,100,100,107,107,108,108,110,110,110,110,111,112,112,113,113,114,122,123,124,126,128,127,129,129,132,133,133,137,138,137,140,142,144,148,150,150,150,150,155,155,155,160,161,165,170,170,173,178,182,184,188,193,196
84035051,US,USA,840,35051.0,Sierra,New Mexico,US,33.13028233,-107.1925893,"Sierra, New Mexico, US",0,0,0,0,0,0,0,0,0,0,0,0,0,0,0,0,0,0,0,0,0,0,0,0,0,0,0,0,0,0,0,0,0,0,0,0,0,0,0,0,0,0,0,0,0,0,0,0,0,0,0,0,0,0,0,0,0,0,0,0,0,0,0,0,0,0,0,0,0,0,0,0,0,0,0,0,0,0,0,0,0,0,0,0,0,0,0,0,0,0,0,0,0,0,0,0,0,0,1,1,1,1,1,1,1,1,1,1,1,1,1,1,1,1,1,1,1,1,1,1,1,1,1,1,1,1,1,1,1,1,1,1,1,1,1,1,1,1,1,1,3,3,3,4,4,4,4,4,5,5,5,5
84035053,US,USA,840,35053.0,Socorro,New Mexico,US,34.00715494,-106.9298354,"Socorro, New Mexico, US",0,0,0,0,0,0,0,0,0,0,0,0,0,0,0,0,0,0,0,0,0,0,0,0,0,0,0,0,0,0,0,0,0,0,0,0,0,0,0,0,0,0,0,0,0,0,0,0,0,2,2,2,2,2,2,2,2,2,2,2,2,2,2,2,2,2,2,2,2,3,3,4,4,4,5,5,5,7,7,9,10,12,12,14,16,16,20,20,20,31,31,34,38,39,40,40,40,41,42,42,43,43,45,46,48,48,48,48,48,48,49,49,49,49,49,49,49,49,49,49,49,49,49,49,49,49,49,50,50,50,50,51,52,52,54,54,55,55,55,55,55,55,55,55,55,55,55,55,55,55,55,56
84035055,US,USA,840,35055.0,Taos,New Mexico,US,36.58006022,-105.63101979999999,"Taos, New Mexico, US",0,0,0,0,0,0,0,0,0,0,0,0,0,0,0,0,0,0,0,0,0,0,0,0,0,0,0,0,0,0,0,0,0,0,0,0,0,0,0,0,0,0,0,0,0,0,0,0,0,0,0,0,0,0,0,1,1,1,2,3,3,3,3,3,3,3,8,9,9,11,11,12,13,13,13,13,14,14,14,15,15,15,15,15,15,15,15,15,15,16,16,16,17,17,17,17,17,17,17,18,19,19,20,20,20,20,20,20,20,20,20,21,22,22,23,22,22,23,22,22,22,22,22,24,24,24,24,24,25,25,24,29,30,30,31,31,31,31,31,31,31,31,32,32,32,33,33,33,33,33,33,33
84035057,US,USA,840,35057.0,Torrance,New Mexico,US,34.64048375,-105.8508949,"Torrance, New Mexico, US",0,0,0,0,0,0,0,0,0,0,0,0,0,0,0,0,0,0,0,0,0,0,0,0,0,0,0,0,0,0,0,0,0,0,0,0,0,0,0,0,0,0,0,0,0,0,0,0,0,0,0,0,0,0,0,0,0,0,0,0,0,0,0,0,0,0,0,0,0,3,3,3,3,3,6,6,7,7,7,8,9,10,10,10,12,12,12,12,12,13,13,13,13,13,13,14,14,15,15,15,15,16,16,16,17,17,17,17,18,18,18,18,18,18,18,18,18,18,19,20,19,19,19,20,20,32,33,33,33,32,32,32,32,32,33,34,35,35,35,35,35,35,34,34,34,34,34,34,34,34,36,36
84035059,US,USA,840,35059.0,Union,New Mexico,US,36.48126404,-103.4709624,"Union, New Mexico, US",0,0,0,0,0,0,0,0,0,0,0,0,0,0,0,0,0,0,0,0,0,0,0,0,0,0,0,0,0,0,0,0,0,0,0,0,0,0,0,0,0,0,0,0,0,0,0,0,0,0,0,0,0,0,0,0,0,0,0,0,0,0,0,0,0,0,0,0,0,0,0,0,0,0,0,0,0,0,0,0,0,0,0,0,0,0,0,0,0,0,0,0,0,0,1,3,3,3,3,3,3,3,3,3,3,3,3,3,3,3,3,3,3,3,3,3,3,3,3,3,3,3,3,3,3,3,3,3,4,4,4,4,4,4,4,5,5,5,5,5,5,5,5,5,5,5,5,5,5,5,5,5
84035061,US,USA,840,35061.0,Valencia,New Mexico,US,34.71669834,-106.8103733,"Valencia, New Mexico, US",0,0,0,0,0,0,0,0,0,0,0,0,0,0,0,0,0,0,0,0,0,0,0,0,0,0,0,0,0,0,0,0,0,0,0,0,0,0,0,0,0,0,0,0,0,0,0,0,0,0,0,0,0,0,0,0,0,0,0,0,0,0,0,0,0,0,1,2,2,5,5,5,5,5,7,7,7,7,8,11,14,18,18,20,21,21,24,26,29,33,33,35,38,41,41,42,42,42,44,45,47,49,50,50,53,55,54,55,55,55,57,57,59,60,63,64,66,68,68,70,69,70,70,72,72,73,73,73,74,73,74,74,77,79,80,81,81,81,81,81,84,86,87,87,89,89,93,94,90,95,96,96
84036001,US,USA,840,36001.0,Albany,New York,US,42.60060306,-73.97723916,"Albany, New York, US",0,0,0,0,0,0,0,0,0,0,0,0,0,0,0,0,0,0,0,0,0,0,0,0,0,0,0,0,0,0,0,0,0,0,0,0,0,0,0,0,0,0,0,0,0,0,0,0,0,0,2,2,7,7,15,25,36,43,70,88,123,127,146,152,171,187,195,205,217,226,240,253,267,293,305,319,333,342,379,426,446,478,499,535,548,581,619,648,682,687,704,737,758,805,899,948,979,1009,1067,1165,1204,1238,1258,1287,1294,1321,1348,1384,1416,1432,1456,1479,1494,1509,1538,1572,1579,1610,1655,1682,1700,1756,1770,1782,1791,1793,1796,1814,1834,1843,1860,1882,1900,1920,1930,1941,1953,1961,1978,1983,1986,1996,2007,2016,2020,2022,2026,2029,2034,2049,2053,2054
84036003,US,USA,840,36003.0,Allegany,New York,US,42.25748406,-78.02750466,"Allegany, New York, US",0,0,0,0,0,0,0,0,0,0,0,0,0,0,0,0,0,0,0,0,0,0,0,0,0,0,0,0,0,0,0,0,0,0,0,0,0,0,0,0,0,0,0,0,0,0,0,0,0,0,0,0,0,0,2,2,2,2,2,2,2,2,2,2,2,2,2,6,7,9,10,12,14,16,16,17,17,21,22,26,26,26,26,28,28,28,29,30,30,30,30,30,30,31,35,35,35,35,35,35,35,35,35,35,35,35,35,35,35,36,38,42,44,44,44,44,44,44,44,44,44,44,44,44,44,44,45,45,45,45,45,48,48,49,49,51,51,51,51,51,52,53,53,54,54,55,55,55,57,58,58,58
84036005,US,USA,840,36005.0,Bronx,New York,US,40.85209301,-73.86282755,"Bronx, New York, US",0,0,0,0,0,0,0,0,0,0,0,0,0,0,0,0,0,0,0,0,0,0,0,0,0,0,0,0,0,0,0,0,0,0,0,0,0,0,0,0,0,0,0,0,0,0,0,0,0,0,0,0,0,0,0,0,0,0,0,0,0,0,0,0,0,0,0,0,0,0,0,0,0,0,0,0,0,0,0,0,0,0,0,0,0,0,0,0,0,0,0,0,0,0,0,0,0,0,0,0,0,0,0,0,0,0,0,0,0,0,0,0,0,0,0,0,0,0,0,0,0,0,0,0,0,0,0,0,0,0,0,0,0,0,0,0,0,0,0,0,0,0,0,0,0,0,0,0,0,0,0,0
84036007,US,USA,840,36007.0,Broome,New York,US,42.15903158,-75.81326086,"Broome, New York, US",0,0,0,0,0,0,0,0,0,0,0,0,0,0,0,0,0,0,0,0,0,0,0,0,0,0,0,0,0,0,0,0,0,0,0,0,0,0,0,0,0,0,0,0,0,0,0,0,0,0,0,1,1,1,1,1,1,1,1,2,3,3,9,11,16,18,23,29,35,38,42,46,56,65,71,76,86,93,105,112,117,126,133,146,153,167,178,186,192,199,205,219,224,232,251,257,261,266,273,284,299,305,327,334,338,345,360,364,372,373,378,379,382,383,390,413,414,423,429,436,451,468,485,501,519,522,528,545,557,561,566,574,578,589,593,605,613,620,624,627,630,641,644,647,651,655,656,657,657,663,665,668
84036009,US,USA,840,36009.0,Cattaraugus,New York,US,42.24778241,-78.67923096,"Cattaraugus, New York, US",0,0,0,0,0,0,0,0,0,0,0,0,0,0,0,0,0,0,0,0,0,0,0,0,0,0,0,0,0,0,0,0,0,0,0,0,0,0,0,0,0,0,0,0,0,0,0,0,0,0,0,0,0,0,0,0,0,0,0,0,0,0,0,0,0,0,1,4,6,6,7,8,9,9,10,12,13,15,17,18,19,28,28,32,32,32,34,34,34,34,35,37,37,39,45,45,45,45,47,47,49,50,53,53,53,54,59,59,60,60,61,61,61,64,64,65,65,67,69,70,71,74,78,78,81,81,82,85,86,87,88,89,89,90,91,92,92,94,95,95,96,98,101,101,104,106,107,109,109,109,113,115
84036011,US,USA,840,36011.0,Cayuga,New York,US,42.91261714,-76.55731592,"Cayuga, New York, US",0,0,0,0,0,0,0,0,0,0,0,0,0,0,0,0,0,0,0,0,0,0,0,0,0,0,0,0,0,0,0,0,0,0,0,0,0,0,0,0,0,0,0,0,0,0,0,0,0,0,0,0,0,0,0,0,0,0,0,0,0,0,2,2,2,2,2,2,3,4,4,4,6,7,8,11,14,14,16,27,28,31,31,33,36,36,36,36,36,36,36,36,37,39,47,47,48,48,48,48,51,51,51,51,51,51,52,52,53,58,60,60,60,60,61,63,63,65,68,68,72,73,76,77,77,78,80,84,89,90,91,92,93,96,96,98,100,101,101,102,102,102,103,103,106,106,106,106,106,107,108,108
84036013,US,USA,840,36013.0,Chautauqua,New York,US,42.22769210000001,-79.36691763,"Chautauqua, New York, US",0,0,0,0,0,0,0,0,0,0,0,0,0,0,0,0,0,0,0,0,0,0,0,0,0,0,0,0,0,0,0,0,0,0,0,0,0,0,0,0,0,0,0,0,0,0,0,0,0,0,0,0,0,0,0,0,0,0,0,0,0,0,2,2,2,2,5,7,7,7,8,8,9,10,18,18,18,18,22,22,22,23,23,23,24,24,25,25,25,25,25,36,26,27,27,29,30,30,31,33,35,35,36,37,37,38,40,40,40,41,41,42,43,44,45,48,48,49,49,50,58,63,72,75,75,77,78,81,82,83,84,85,86,89,95,97,99,101,101,103,105,106,106,106,107,107,108,108,110,112,115,116
84036015,US,USA,840,36015.0,Chemung,New York,US,42.13891056,-76.7638805,"Chemung, New York, US",0,0,0,0,0,0,0,0,0,0,0,0,0,0,0,0,0,0,0,0,0,0,0,0,0,0,0,0,0,0,0,0,0,0,0,0,0,0,0,0,0,0,0,0,0,0,0,0,0,0,0,0,0,0,0,0,0,0,0,0,0,2,3,3,7,11,12,15,15,20,22,22,35,36,38,47,49,55,59,59,60,60,60,64,69,70,71,72,73,73,75,75,76,79,103,106,108,113,119,122,123,124,125,126,126,128,129,130,131,131,131,131,132,132,133,134,134,134,134,134,134,135,136,136,136,136,136,136,137,137,137,137,137,137,137,137,137,137,137,138,138,138,138,138,138,138,138,138,138,139,139,139
84036017,US,USA,840,36017.0,Chenango,New York,US,42.49430041,-75.60887553,"Chenango, New York, US",0,0,0,0,0,0,0,0,0,0,0,0,0,0,0,0,0,0,0,0,0,0,0,0,0,0,0,0,0,0,0,0,0,0,0,0,0,0,0,0,0,0,0,0,0,0,0,0,0,0,0,0,0,0,0,0,1,1,1,2,2,2,3,3,3,4,8,15,17,19,26,28,32,39,43,46,51,53,55,60,61,63,65,68,71,73,76,77,78,78,79,79,82,84,91,93,95,95,96,98,99,99,99,100,100,102,105,105,109,109,111,112,112,112,113,115,117,118,118,118,118,118,118,118,119,123,125,126,130,132,133,133,133,133,133,133,133,134,135,135,137,137,138,138,138,138,139,139,139,139,139,139
84036019,US,USA,840,36019.0,Clinton,New York,US,44.74530905,-73.67875352,"Clinton, New York, US",0,0,0,0,0,0,0,0,0,0,0,0,0,0,0,0,0,0,0,0,0,0,0,0,0,0,0,0,0,0,0,0,0,0,0,0,0,0,0,0,0,0,0,0,0,0,0,0,0,0,0,0,0,0,0,1,1,1,3,4,4,4,6,10,11,11,12,13,17,21,25,25,30,31,33,36,37,39,40,43,43,43,44,45,45,46,47,48,49,51,56,56,52,53,54,57,59,59,59,59,61,62,66,68,69,69,69,74,76,76,76,77,78,81,85,91,92,94,94,94,94,94,95,95,95,95,95,95,95,95,95,96,97,97,97,97,97,97,97,97,97,98,98,98,98,98,99,99,99,99,100,100
84036021,US,USA,840,36021.0,Columbia,New York,US,42.24819348,-73.63089095,"Columbia, New York, US",0,0,0,0,0,0,0,0,0,0,0,0,0,0,0,0,0,0,0,0,0,0,0,0,0,0,0,0,0,0,0,0,0,0,0,0,0,0,0,0,0,0,0,0,0,0,0,0,0,0,0,0,0,0,0,0,0,0,3,7,17,17,18,19,24,27,30,30,36,36,41,45,51,57,69,70,72,76,83,84,87,87,93,93,100,100,101,105,107,111,120,120,123,129,140,143,146,154,165,170,202,205,209,213,229,291,302,304,304,312,314,314,318,327,333,338,340,346,350,350,355,356,359,365,372,373,380,380,382,383,387,389,391,399,400,411,412,414,414,414,420,424,428,431,436,439,442,442,443,446,451,451
84036023,US,USA,840,36023.0,Cortland,New York,US,42.59509207,-76.07048931,"Cortland, New York, US",0,0,0,0,0,0,0,0,0,0,0,0,0,0,0,0,0,0,0,0,0,0,0,0,0,0,0,0,0,0,0,0,0,0,0,0,0,0,0,0,0,0,0,0,0,0,0,0,0,0,0,0,0,0,0,0,0,0,0,0,2,2,2,3,3,4,7,8,10,10,10,11,14,14,14,14,16,16,16,17,17,21,21,22,23,24,25,25,25,25,25,25,25,25,28,28,28,28,28,28,28,28,28,28,28,28,29,29,29,29,29,30,31,33,33,34,34,35,36,36,36,37,38,39,39,39,39,39,39,41,41,41,41,41,41,41,41,41,42,42,42,42,42,42,42,42,42,42,44,44,44,44
84036025,US,USA,840,36025.0,Delaware,New York,US,42.19837623,-74.96709306,"Delaware, New York, US",0,0,0,0,0,0,0,0,0,0,0,0,0,0,0,0,0,0,0,0,0,0,0,0,0,0,0,0,0,0,0,0,0,0,0,0,0,0,0,0,0,0,0,0,0,0,0,0,0,0,1,1,1,1,1,1,1,1,1,1,1,1,3,5,7,8,8,8,11,16,20,22,24,26,27,29,36,37,37,39,39,39,42,45,46,47,48,49,49,49,62,62,50,51,58,58,58,59,60,61,61,61,61,62,62,62,63,63,63,64,65,65,66,67,67,68,69,69,69,69,71,72,74,77,77,77,78,78,79,79,79,81,82,82,82,84,85,85,85,86,87,88,88,88,88,88,88,89,89,89,90,90
84036027,US,USA,840,36027.0,Dutchess,New York,US,41.76486060000001,-73.74356679,"Dutchess, New York, US",0,0,0,0,0,0,0,0,0,0,0,0,0,0,0,0,0,0,0,0,0,0,0,0,0,0,0,0,0,0,0,0,0,0,0,0,0,0,0,0,0,0,0,0,0,0,0,0,0,0,1,3,4,4,10,16,20,31,36,49,82,100,124,153,190,225,262,320,392,484,547,667,809,938,1077,1189,1249,1395,1493,1598,1744,1838,1881,1934,2048,2085,2142,2201,2240,2284,2331,2391,2460,2517,2660,2729,2793,2817,2881,2954,3002,3049,3086,3131,3151,3192,3233,3277,3319,3359,3378,3399,3429,3474,3498,3527,3543,3552,3710,3724,3745,3767,3793,3807,3825,3834,3847,3867,3887,3899,3909,3924,3936,3951,3962,3984,3995,4000,4006,4016,4022,4027,4035,4049,4056,4068,4075,4077,4088,4110,4127,4138
84036029,US,USA,840,36029.0,Erie,New York,US,42.76249024,-78.73063652,"Erie, New York, US",0,0,0,0,0,0,0,0,0,0,0,0,0,0,0,0,0,0,0,0,0,0,0,0,0,0,0,0,0,0,0,0,0,0,0,0,0,0,0,0,0,0,0,0,0,0,0,0,0,0,0,0,3,3,7,11,20,28,47,50,56,87,114,122,206,245,318,414,443,499,582,617,734,808,1059,1148,1234,1335,1432,1498,1506,1571,1661,1730,1812,1951,2023,2023,2192,2192,2284,2284,2450,2603,2773,2954,3021,3089,3196,3319,3481,3598,3710,3802,3891,4008,4136,4255,4337,4453,4483,4530,4606,4671,4782,4867,4954,4993,5037,5131,5270,5397,5552,5626,5700,5753,5810,5886,5935,6014,6070,6123,6173,6234,6308,6359,6429,6486,6531,6595,6616,6659,6717,6753,6785,6817,6852,6882,6920,6955,6980,7004
84036031,US,USA,840,36031.0,Essex,New York,US,44.11630765,-73.77297842,"Essex, New York, US",0,0,0,0,0,0,0,0,0,0,0,0,0,0,0,0,0,0,0,0,0,0,0,0,0,0,0,0,0,0,0,0,0,0,0,0,0,0,0,0,0,0,0,0,0,0,0,0,0,0,0,0,0,0,0,1,1,1,1,2,3,3,3,4,5,5,5,5,5,5,6,7,7,7,9,9,9,9,8,10,12,12,12,12,12,12,15,16,18,20,21,22,22,22,24,24,24,26,27,28,28,28,29,29,30,30,30,31,31,32,32,32,32,32,32,32,33,33,34,34,36,36,36,36,36,36,36,36,36,36,37,37,38,38,38,38,38,38,39,40,40,40,40,40,40,40,40,40,40,40,41,41
84036033,US,USA,840,36033.0,Franklin,New York,US,44.59040891,-74.29926032,"Franklin, New York, US",0,0,0,0,0,0,0,0,0,0,0,0,0,0,0,0,0,0,0,0,0,0,0,0,0,0,0,0,0,0,0,0,0,0,0,0,0,0,0,0,0,0,0,0,0,0,0,0,0,0,0,0,0,0,0,0,0,0,0,0,0,0,0,1,1,2,5,6,6,6,9,9,10,10,10,10,10,10,11,11,11,12,12,13,13,13,13,13,13,13,13,13,13,13,14,14,14,14,15,15,15,15,15,16,16,16,16,17,17,17,17,17,17,17,17,18,18,18,18,18,19,19,20,20,20,20,20,20,21,22,22,23,23,23,23,23,23,23,23,23,23,23,24,25,25,25,25,25,26,27,27,27
84036035,US,USA,840,36035.0,Fulton,New York,US,43.11363907,-74.41798804,"Fulton, New York, US",0,0,0,0,0,0,0,0,0,0,0,0,0,0,0,0,0,0,0,0,0,0,0,0,0,0,0,0,0,0,0,0,0,0,0,0,0,0,0,0,0,0,0,0,0,0,0,0,0,0,0,0,0,0,0,0,0,0,0,1,1,1,1,1,1,1,1,1,1,1,2,6,6,9,9,11,13,14,15,18,21,21,21,22,24,25,27,27,27,27,27,28,28,29,61,62,62,66,67,71,75,79,82,84,97,100,101,103,104,107,109,135,140,144,145,148,171,182,182,184,186,189,193,194,196,196,198,200,206,207,208,210,212,213,215,219,222,224,227,228,228,230,231,232,234,235,236,236,236,237,243,243
84036037,US,USA,840,36037.0,Genesee,New York,US,43.0022601,-78.19135193,"Genesee, New York, US",0,0,0,0,0,0,0,0,0,0,0,0,0,0,0,0,0,0,0,0,0,0,0,0,0,0,0,0,0,0,0,0,0,0,0,0,0,0,0,0,0,0,0,0,0,0,0,0,0,0,0,0,0,0,0,0,1,1,1,1,1,1,1,2,4,6,7,9,9,11,13,16,17,20,22,23,33,47,56,65,67,70,71,76,76,78,83,87,117,119,121,122,126,127,141,144,148,149,152,153,154,155,155,159,159,162,168,169,170,172,173,174,174,175,175,178,180,180,182,184,188,189,191,191,192,193,195,197,199,200,202,202,202,202,205,205,206,208,208,210,211,212,212,212,212,213,213,216,217,218,222,222
84036039,US,USA,840,36039.0,Greene,New York,US,42.275797,-74.12384884,"Greene, New York, US",0,0,0,0,0,0,0,0,0,0,0,0,0,0,0,0,0,0,0,0,0,0,0,0,0,0,0,0,0,0,0,0,0,0,0,0,0,0,0,0,0,0,0,0,0,0,0,0,0,0,0,0,0,0,2,2,2,2,2,2,2,2,4,4,5,6,7,7,10,10,18,21,23,24,24,24,24,25,31,34,37,44,45,66,73,74,77,82,85,86,87,87,89,90,107,110,111,112,114,131,139,142,151,154,166,188,198,199,204,206,206,206,206,207,209,211,212,213,214,215,215,215,217,220,225,225,231,236,237,238,238,239,241,241,241,242,246,246,247,248,249,249,249,250,251,251,252,252,252,254,255,256
84036041,US,USA,840,36041.0,Hamilton,New York,US,43.66146647,-74.49721957,"Hamilton, New York, US",0,0,0,0,0,0,0,0,0,0,0,0,0,0,0,0,0,0,0,0,0,0,0,0,0,0,0,0,0,0,0,0,0,0,0,0,0,0,0,0,0,0,0,0,0,0,0,0,0,0,0,0,0,0,0,0,1,1,1,2,2,2,2,2,2,2,2,2,2,2,2,2,2,2,2,2,2,2,3,3,3,3,3,3,3,3,3,3,3,3,3,3,3,3,3,3,3,3,3,3,3,3,3,3,3,5,5,5,5,5,5,5,5,5,5,5,5,5,5,5,5,5,5,5,5,5,5,5,5,5,5,5,5,5,5,5,5,5,5,5,5,5,5,5,6,6,6,6,6,6,6,6
84036043,US,USA,840,36043.0,Herkimer,New York,US,43.42034246,-74.96145307,"Herkimer, New York, US",0,0,0,0,0,0,0,0,0,0,0,0,0,0,0,0,0,0,0,0,0,0,0,0,0,0,0,0,0,0,0,0,0,0,0,0,0,0,0,0,0,0,0,0,0,0,0,0,0,0,1,1,1,1,1,1,1,1,1,3,3,3,4,5,7,9,9,10,12,12,12,14,14,18,22,25,27,29,32,36,37,37,38,39,40,43,46,47,49,49,50,53,54,56,56,57,58,58,58,58,60,61,62,63,67,68,74,76,77,79,81,81,84,86,87,91,91,92,92,93,93,95,100,101,103,103,105,106,107,107,108,109,111,113,113,115,122,123,124,125,125,125,127,128,128,128,128,128,128,131,134,136
84036045,US,USA,840,36045.0,Jefferson,New York,US,44.04200959,-75.94653457,"Jefferson, New York, US",0,0,0,0,0,0,0,0,0,0,0,0,0,0,0,0,0,0,0,0,0,0,0,0,0,0,0,0,0,0,0,0,0,0,0,0,0,0,0,0,0,0,0,0,0,0,0,0,0,0,0,0,0,0,0,0,0,0,0,1,1,1,2,2,4,4,6,7,11,11,12,15,18,20,26,33,39,40,42,43,44,46,46,47,47,48,50,50,54,54,54,54,56,58,59,60,60,60,60,61,61,62,62,63,63,63,64,66,67,68,68,68,68,69,71,71,71,71,71,71,71,72,72,72,72,72,72,72,74,74,74,74,74,74,74,75,75,77,78,79,79,79,80,81,81,81,81,82,82,82,83,84
84036047,US,USA,840,36047.0,Kings,New York,US,40.636182500000004,-73.94935552,"Kings, New York, US",0,0,0,0,0,0,0,0,0,0,0,0,0,0,0,0,0,0,0,0,0,0,0,0,0,0,0,0,0,0,0,0,0,0,0,0,0,0,0,0,0,0,0,0,0,0,0,0,0,0,0,0,0,0,0,0,0,0,0,0,0,0,0,0,0,0,0,0,0,0,0,0,0,0,0,0,0,0,0,0,0,0,0,0,0,0,0,0,0,0,0,0,0,0,0,0,0,0,0,0,0,0,0,0,0,0,0,0,0,0,0,0,0,0,0,0,0,0,0,0,0,0,0,0,0,0,0,0,0,0,0,0,0,0,0,0,0,0,0,0,0,0,0,0,0,0,0,0,0,0,0,0
84036049,US,USA,840,36049.0,Lewis,New York,US,43.784415700000004,-75.44903992,"Lewis, New York, US",0,0,0,0,0,0,0,0,0,0,0,0,0,0,0,0,0,0,0,0,0,0,0,0,0,0,0,0,0,0,0,0,0,0,0,0,0,0,0,0,0,0,0,0,0,0,0,0,0,0,0,0,0,0,0,0,0,0,0,0,0,0,0,0,0,0,0,0,0,2,2,2,2,2,3,6,6,6,6,6,6,6,6,7,7,8,8,8,8,9,9,9,9,9,9,9,9,9,9,9,9,9,9,9,9,9,10,10,11,11,11,11,11,12,12,13,16,17,18,18,18,19,19,19,19,20,20,20,20,20,20,20,20,20,20,20,20,20,20,20,20,20,20,20,20,20,20,21,21,21,22,23
84036051,US,USA,840,36051.0,Livingston,New York,US,42.72596275,-77.77966158,"Livingston, New York, US",0,0,0,0,0,0,0,0,0,0,0,0,0,0,0,0,0,0,0,0,0,0,0,0,0,0,0,0,0,0,0,0,0,0,0,0,0,0,0,0,0,0,0,0,0,0,0,0,0,0,0,0,0,0,0,0,0,0,0,2,2,2,3,3,3,3,10,10,13,15,18,18,18,18,24,24,24,29,29,29,30,34,34,34,34,34,34,37,39,39,39,39,41,44,58,60,62,65,67,69,73,76,83,85,86,89,95,100,101,102,102,102,103,106,106,107,110,110,111,111,114,114,114,114,115,118,118,118,118,118,119,119,119,120,120,121,121,121,121,121,121,121,121,122,123,123,123,123,123,123,123,123
84036053,US,USA,840,36053.0,Madison,New York,US,42.91653905,-75.67266639,"Madison, New York, US",0,0,0,0,0,0,0,0,0,0,0,0,0,0,0,0,0,0,0,0,0,0,0,0,0,0,0,0,0,0,0,0,0,0,0,0,0,0,0,0,0,0,0,0,0,0,0,0,0,0,0,0,0,0,0,0,0,0,0,0,0,1,4,7,9,17,28,29,42,49,62,68,77,78,89,92,92,92,102,102,102,105,110,110,110,110,117,117,117,117,117,121,106,106,121,123,124,126,126,131,139,149,151,217,223,231,246,249,250,251,251,251,253,255,256,258,258,258,260,292,294,297,301,301,303,303,310,310,310,311,316,316,317,319,319,323,325,327,327,331,331,333,333,333,334,335,336,338,341,342,343,345
84036055,US,USA,840,36055.0,Monroe,New York,US,43.14638895,-77.69322942,"Monroe, New York, US",0,0,0,0,0,0,0,0,0,0,0,0,0,0,0,0,0,0,0,0,0,0,0,0,0,0,0,0,0,0,0,0,0,0,0,0,0,0,0,0,0,0,0,0,0,0,0,0,0,0,2,1,2,2,11,14,19,30,36,46,68,81,106,118,148,166,202,219,246,257,349,420,464,512,548,574,596,651,698,742,767,798,823,850,884,932,975,1008,1032,1054,1070,1112,1152,1199,1285,1316,1331,1371,1404,1441,1478,1534,1566,1595,1623,1655,1688,1735,1775,1821,1850,1890,1959,2019,2091,2192,2258,2303,2376,2465,2530,2601,2661,2697,2733,2762,2791,2824,2860,2909,2942,2964,2989,3048,3081,3117,3167,3190,3203,3243,3255,3293,3320,3340,3370,3380,3402,3418,3439,3461,3487,3498
84036057,US,USA,840,36057.0,Montgomery,New York,US,42.90123494,-74.44011632,"Montgomery, New York, US",0,0,0,0,0,0,0,0,0,0,0,0,0,0,0,0,0,0,0,0,0,0,0,0,0,0,0,0,0,0,0,0,0,0,0,0,0,0,0,0,0,0,0,0,0,0,0,0,0,0,0,0,0,0,1,1,2,2,2,3,3,3,3,4,5,5,6,6,6,6,7,8,10,13,15,15,18,18,28,29,29,29,29,32,32,32,33,34,35,35,37,38,39,39,46,47,47,49,51,53,54,54,56,56,61,63,63,64,66,67,67,67,68,69,72,75,75,75,75,75,77,77,77,79,79,80,82,82,84,89,91,91,93,94,96,96,98,100,100,100,100,101,103,103,104,104,104,104,105,106,106,106
84036059,US,USA,840,36059.0,Nassau,New York,US,40.74066522,-73.58941873,"Nassau, New York, US",0,0,0,0,0,0,0,0,0,0,0,0,0,0,0,0,0,0,0,0,0,0,0,0,0,0,0,0,0,0,0,0,0,0,0,0,0,0,0,0,0,0,0,1,1,4,5,17,19,28,41,51,68,79,109,140,278,372,754,1234,1900,2442,2869,3285,3914,4657,5537,6445,7344,8544,9554,10587,12024,13346,14398,15616,16610,18548,20140,21512,22584,23553,24358,25250,26715,27772,28539,29180,30013,30677,31079,31555,32124,32765,33798,34522,34865,35085,35505,35854,36161,36519,36780,36965,37152,37350,37593,37812,38028,38217,38337,38434,38587,38743,38864,39033,39136,39225,39295,39368,39487,39608,39726,39837,39907,39974,40034,40140,40226,40307,40396,40479,40572,40644,40713,40797,40853,40904,40947,40980,41015,41060,41114,41172,41204,41240,41290,41320,41349,41387,41443,41479
84036061,US,USA,840,36061.0,New York,New York,US,40.76727260000001,-73.97152637,"New York City, New York, US",0,0,0,0,0,0,0,0,0,0,0,0,0,0,0,0,0,0,0,0,0,0,0,0,0,0,0,0,0,0,0,0,0,0,0,0,0,0,0,0,1,1,1,4,11,11,12,19,25,55,95,154,269,269,463,814,1871,3954,5151,7530,9654,12305,14904,17856,21873,25573,29776,33768,37453,43119,47439,51809,57159,63306,67551,72181,76876,81803,87028,92384,98308,103208,106763,110465,118302,123146,127352,131334,134267,136591,139348,142227,145855,150473,155113,158258,160489,162338,164841,167478,169690,172354,174331,175651,176874,178351,180216,181783,183289,184417,185357,186123,187250,188545,190357,191600,192593,193230,193821,194550,195675,196484,197266,198123,198731,199301,199968,201051,201999,202751,203303,203764,204377,204872,205406,205940,206511,206969,207353,207693,208118,208517,208954,209493,209878,210259,210591,210941,211260,211670,212061,212446
84036063,US,USA,840,36063.0,Niagara,New York,US,43.19898042,-78.74777412,"Niagara, New York, US",0,0,0,0,0,0,0,0,0,0,0,0,0,0,0,0,0,0,0,0,0,0,0,0,0,0,0,0,0,0,0,0,0,0,0,0,0,0,0,0,0,0,0,0,0,0,0,0,0,0,0,0,0,0,0,0,0,4,4,9,9,9,10,12,14,23,33,38,41,41,46,91,94,101,116,120,126,155,155,156,167,194,194,216,229,229,227,234,246,255,260,268,295,332,344,368,378,386,401,420,440,457,474,493,508,549,588,605,627,643,655,671,690,710,743,770,792,818,845,858,880,897,927,941,955,965,972,984,1008,1020,1037,1046,1048,1067,1085,1099,1109,1112,1116,1125,1129,1136,1143,1154,1166,1169,1171,1177,1183,1185,1188,1192
84036065,US,USA,840,36065.0,Oneida,New York,US,43.24375382,-75.43710392,"Oneida, New York, US",0,0,0,0,0,0,0,0,0,0,0,0,0,0,0,0,0,0,0,0,0,0,0,0,0,0,0,0,0,0,0,0,0,0,0,0,0,0,0,0,0,0,0,0,0,0,0,0,0,0,0,0,0,0,0,1,2,2,2,4,4,5,10,10,13,13,23,26,34,34,50,61,71,80,95,100,118,125,158,172,181,195,206,229,246,249,261,268,275,279,284,301,317,323,364,384,397,411,422,439,451,474,489,550,574,579,609,620,638,660,669,676,686,698,713,751,760,772,785,802,817,828,864,878,905,917,929,959,988,1006,1027,1036,1049,1058,1069,1077,1127,1143,1170,1185,1203,1216,1237,1253,1273,1280,1301,1307,1332,1357,1378,1393
84036067,US,USA,840,36067.0,Onondaga,New York,US,43.00491923,-76.19971155,"Onondaga, New York, US",0,0,0,0,0,0,0,0,0,0,0,0,0,0,0,0,0,0,0,0,0,0,0,0,0,0,0,0,0,0,0,0,0,0,0,0,0,0,0,0,0,0,0,0,0,0,0,0,0,0,0,0,0,0,1,2,6,7,13,34,45,53,60,81,111,123,146,194,228,249,277,301,322,349,364,377,397,422,422,456,456,494,520,537,563,579,598,598,637,646,646,667,600,639,664,692,726,742,782,832,860,903,952,971,1002,1056,1115,1169,1218,1265,1287,1308,1395,1423,1440,1469,1501,1520,1665,1718,1771,1828,1904,1953,1981,2012,2033,2054,2092,2133,2170,2197,2228,2256,2295,2329,2375,2392,2408,2427,2433,2454,2474,2498,2519,2531,2545,2558,2615,2634,2644,2666
84036069,US,USA,840,36069.0,Ontario,New York,US,42.85145728,-77.30874425,"Ontario, New York, US",0,0,0,0,0,0,0,0,0,0,0,0,0,0,0,0,0,0,0,0,0,0,0,0,0,0,0,0,0,0,0,0,0,0,0,0,0,0,0,0,0,0,0,0,0,0,0,0,0,0,0,0,0,0,1,1,1,1,1,4,4,4,6,9,11,14,16,18,20,20,24,26,28,31,32,32,33,39,43,51,56,57,57,61,62,65,67,69,70,71,72,73,73,73,82,84,86,90,90,90,91,92,95,96,97,99,101,104,104,106,107,107,109,129,133,139,146,148,152,170,176,180,182,184,185,195,198,201,205,206,207,208,209,215,218,219,220,221,221,222,222,229,230,230,233,233,234,234,235,239,239,240
84036071,US,USA,840,36071.0,Orange,New York,US,41.40337468,-74.30240757,"Orange, New York, US",0,0,0,0,0,0,0,0,0,0,0,0,0,0,0,0,0,0,0,0,0,0,0,0,0,0,0,0,0,0,0,0,0,0,0,0,0,0,0,0,0,0,0,0,0,0,0,0,0,0,2,3,6,6,11,15,32,51,84,163,247,389,498,638,751,910,1101,1247,1435,1556,1756,1993,2397,2741,3187,3533,3829,4075,4309,4532,4847,5027,5598,5830,5830,6266,6514,6514,6514,6514,7029,7152,6816,7155,7973,8106,8238,8374,8488,8650,8751,8910,8967,9015,9144,9215,9328,9402,9486,9543,9584,9632,9693,9771,9825,9879,9943,9965,9988,10043,10092,10142,10197,10225,10244,10277,10292,10325,10361,10389,10406,10422,10449,10460,10471,10484,10508,10514,10523,10533,10541,10550,10558,10563,10571,10573,10580,10599,10604,10620,10638,10648
84036073,US,USA,840,36073.0,Orleans,New York,US,43.2516977,-78.2320066,"Orleans, New York, US",0,0,0,0,0,0,0,0,0,0,0,0,0,0,0,0,0,0,0,0,0,0,0,0,0,0,0,0,0,0,0,0,0,0,0,0,0,0,0,0,0,0,0,0,0,0,0,0,0,0,0,0,0,0,0,0,0,0,0,0,0,0,0,0,2,3,3,3,4,5,6,6,6,10,11,13,15,16,22,24,24,25,26,31,33,34,34,41,46,46,53,56,59,60,75,80,80,80,85,89,92,93,97,97,99,103,108,121,122,126,130,133,142,145,147,163,167,167,168,171,174,175,196,202,205,208,210,212,216,228,229,236,241,246,247,247,254,255,256,257,259,260,260,261,267,268,268,270,271,274,275,276
84036075,US,USA,840,36075.0,Oswego,New York,US,43.42778894,-76.14635194,"Oswego, New York, US",0,0,0,0,0,0,0,0,0,0,0,0,0,0,0,0,0,0,0,0,0,0,0,0,0,0,0,0,0,0,0,0,0,0,0,0,0,0,0,0,0,0,0,0,0,0,0,0,0,0,0,0,0,0,0,0,0,0,0,0,0,2,2,2,4,4,9,10,15,15,20,23,28,28,32,34,34,34,36,36,37,42,42,42,42,44,45,45,47,52,52,52,49,51,57,61,61,63,63,63,64,66,66,67,68,70,70,72,75,75,75,76,76,78,80,83,84,84,89,90,92,96,99,100,104,104,105,107,108,108,109,110,110,112,112,112,114,115,115,115,115,119,120,122,122,126,139,139,144,167,169,173
84036077,US,USA,840,36077.0,Otsego,New York,US,42.63492579,-75.03151402,"Otsego, New York, US",0,0,0,0,0,0,0,0,0,0,0,0,0,0,0,0,0,0,0,0,0,0,0,0,0,0,0,0,0,0,0,0,0,0,0,0,0,0,0,0,0,0,0,0,0,0,0,0,0,0,0,0,0,0,0,0,0,0,0,0,0,1,1,2,3,5,7,10,17,17,19,21,21,26,29,29,34,38,39,41,43,43,43,44,44,44,44,47,48,49,49,49,50,50,60,60,62,65,66,67,67,67,67,67,67,67,67,67,67,67,67,67,67,67,67,67,67,67,67,67,67,67,68,69,69,69,69,70,71,71,72,72,73,73,73,73,74,74,75,75,77,78,78,80,80,80,81,82,82,82,82,82
84036079,US,USA,840,36079.0,Putnam,New York,US,41.42630093,-73.74965532,"Putnam, New York, US",0,0,0,0,0,0,0,0,0,0,0,0,0,0,0,0,0,0,0,0,0,0,0,0,0,0,0,0,0,0,0,0,0,0,0,0,0,0,0,0,0,0,0,0,0,0,0,0,0,0,0,0,0,0,2,2,2,5,12,31,31,31,82,84,94,111,131,144,167,167,207,216,252,283,314,345,402,427,456,487,494,507,507,634,634,634,732,732,778,778,807,831,615,619,885,904,925,932,946,970,990,1003,1013,1026,1031,1040,1066,1074,1080,1089,1098,1098,1108,1115,1121,1127,1136,1141,1159,1168,1175,1187,1200,1208,1214,1222,1227,1236,1241,1248,1252,1257,1262,1264,1268,1270,1274,1277,1279,1280,1282,1282,1282,1285,1288,1291,1292,1294,1295,1299,1301,1301
84036081,US,USA,840,36081.0,Queens,New York,US,40.71088124,-73.81684712,"Queens, New York, US",0,0,0,0,0,0,0,0,0,0,0,0,0,0,0,0,0,0,0,0,0,0,0,0,0,0,0,0,0,0,0,0,0,0,0,0,0,0,0,0,0,0,0,0,0,0,0,0,0,0,0,0,0,0,0,0,0,0,0,0,0,0,0,0,0,0,0,0,0,0,0,0,0,0,0,0,0,0,0,0,0,0,0,0,0,0,0,0,0,0,0,0,0,0,0,0,0,0,0,0,0,0,0,0,0,0,0,0,0,0,0,0,0,0,0,0,0,0,0,0,0,0,0,0,0,0,0,0,0,0,0,0,0,0,0,0,0,0,0,0,0,0,0,0,0,0,0,0,0,0,0,0
84036083,US,USA,840,36083.0,Rensselaer,New York,US,42.71348136,-73.51089874,"Rensselaer, New York, US",0,0,0,0,0,0,0,0,0,0,0,0,0,0,0,0,0,0,0,0,0,0,0,0,0,0,0,0,0,0,0,0,0,0,0,0,0,0,0,0,0,0,0,0,0,0,0,0,0,0,0,0,0,0,0,1,4,4,8,20,20,20,33,33,44,44,51,51,52,54,55,60,67,67,74,74,88,88,102,102,102,102,113,140,140,140,150,164,186,186,186,202,191,198,221,242,246,250,262,287,298,311,322,337,339,347,367,380,407,409,411,416,420,423,428,438,439,444,444,453,456,460,463,463,465,466,466,469,478,486,491,492,493,495,495,497,499,502,503,505,507,508,510,511,513,514,514,515,515,519,521,524
84036085,US,USA,840,36085.0,Richmond,New York,US,40.58582155,-74.14808598,"Richmond, New York, US",0,0,0,0,0,0,0,0,0,0,0,0,0,0,0,0,0,0,0,0,0,0,0,0,0,0,0,0,0,0,0,0,0,0,0,0,0,0,0,0,0,0,0,0,0,0,0,0,0,0,0,0,0,0,0,0,0,0,0,0,0,0,0,0,0,0,0,0,0,0,0,0,0,0,0,0,0,0,0,0,0,0,0,0,0,0,0,0,0,0,0,0,0,0,0,0,0,0,0,0,0,0,0,0,0,0,0,0,0,0,0,0,0,0,0,0,0,0,0,0,0,0,0,0,0,0,0,0,0,0,0,0,0,0,0,0,0,0,0,0,0,0,0,0,0,0,0,0,0,0,0,0
84036087,US,USA,840,36087.0,Rockland,New York,US,41.15027894,-74.02560498,"Rockland, New York, US",0,0,0,0,0,0,0,0,0,0,0,0,0,0,0,0,0,0,0,0,0,0,0,0,0,0,0,0,0,0,0,0,0,0,0,0,0,0,0,0,0,0,0,0,0,2,2,4,4,6,7,9,10,12,16,22,31,53,101,262,455,592,671,968,1197,1457,1896,2209,2511,2863,3321,3751,4289,4872,5326,5703,5990,6413,6665,7122,7477,7721,7965,8335,8474,8752,8987,9171,9364,9457,9568,9699,9828,10091,11091,11256,11366,11453,11586,11708,11812,11945,12025,12095,12144,12204,12280,12349,12400,12451,12484,12504,12543,12596,12637,12688,12758,12777,12798,12831,12877,12905,12934,12963,12996,13019,13047,13076,13100,13128,13151,13185,13223,13259,13280,13297,13315,13325,13340,13353,13372,13385,13396,13411,13423,13441,13460,13467,13474,13486,13495,13504
84036089,US,USA,840,36089.0,St. Lawrence,New York,US,44.4976179,-75.06550039,"St. Lawrence, New York, US",0,0,0,0,0,0,0,0,0,0,0,0,0,0,0,0,0,0,0,0,0,0,0,0,0,0,0,0,0,0,0,0,0,0,0,0,0,0,0,0,0,0,0,0,0,0,0,0,0,0,0,0,0,0,0,0,0,0,0,0,0,0,1,1,4,4,8,12,13,23,34,39,43,52,61,61,61,78,82,82,82,88,89,92,92,93,96,98,105,110,120,123,139,144,156,167,169,170,170,173,176,176,177,178,178,180,181,187,187,187,190,191,192,192,192,192,192,192,192,195,195,195,196,197,197,197,200,201,202,202,204,205,205,206,207,207,209,209,209,209,209,212,214,214,215,215,215,215,215,215,216,216
84036091,US,USA,840,36091.0,Saratoga,New York,US,43.10904162,-73.86653895,"Saratoga, New York, US",0,0,0,0,0,0,0,0,0,0,0,0,0,0,0,0,0,0,0,0,0,0,0,0,0,0,0,0,0,0,0,0,0,0,0,0,0,0,0,0,0,0,0,0,0,2,2,2,2,2,3,3,3,3,5,9,14,14,21,35,35,35,53,64,73,82,96,102,108,108,122,132,141,141,150,153,155,162,172,182,187,196,201,224,227,231,236,244,251,254,272,277,265,278,320,330,336,343,346,354,358,361,363,367,368,371,374,388,399,402,403,407,410,415,421,423,428,434,436,438,440,448,452,456,461,463,465,468,473,477,480,483,484,489,493,496,501,502,504,511,511,513,514,514,515,517,522,523,526,528,531,533
84036093,US,USA,840,36093.0,Schenectady,New York,US,42.81668777,-74.05278291,"Schenectady, New York, US",0,0,0,0,0,0,0,0,0,0,0,0,0,0,0,0,0,0,0,0,0,0,0,0,0,0,0,0,0,0,0,0,0,0,0,0,0,0,0,0,0,0,0,0,0,0,0,0,0,0,0,1,1,1,4,5,14,14,14,32,32,32,44,55,62,66,72,76,80,85,93,101,110,117,128,138,145,149,167,191,194,199,204,235,237,245,295,295,295,295,336,352,288,297,431,449,457,469,479,501,514,521,527,535,537,551,551,558,571,571,575,581,587,597,603,613,620,629,631,633,638,645,648,658,664,668,673,676,680,686,689,693,696,701,701,706,710,711,712,715,716,717,721,723,725,732,735,737,738,746,749,754
84036095,US,USA,840,36095.0,Schoharie,New York,US,42.58831742,-74.44339029999998,"Schoharie, New York, US",0,0,0,0,0,0,0,0,0,0,0,0,0,0,0,0,0,0,0,0,0,0,0,0,0,0,0,0,0,0,0,0,0,0,0,0,0,0,0,0,0,0,0,0,0,0,0,0,0,0,0,0,0,0,0,0,0,1,2,1,1,1,1,2,2,3,5,5,6,6,9,9,11,11,11,11,12,12,12,12,12,12,12,20,20,20,20,20,20,20,20,20,21,21,33,35,35,38,39,42,43,43,45,45,45,45,45,45,46,46,46,46,47,47,47,47,47,48,48,48,49,49,49,49,49,49,49,49,49,50,50,50,51,51,51,51,54,54,54,54,54,54,54,54,54,54,54,55,55,55,56,57
84036097,US,USA,840,36097.0,Schuyler,New York,US,42.39184015,-76.8773299,"Schuyler, New York, US",0,0,0,0,0,0,0,0,0,0,0,0,0,0,0,0,0,0,0,0,0,0,0,0,0,0,0,0,0,0,0,0,0,0,0,0,0,0,0,0,0,0,0,0,0,0,0,0,0,0,0,0,0,0,0,0,0,0,0,0,0,0,0,0,0,0,1,1,2,2,2,3,3,4,4,4,4,4,4,5,5,5,8,8,8,8,8,8,8,8,8,8,7,7,7,7,7,7,7,7,7,7,7,7,7,7,7,7,7,7,7,8,8,8,8,8,9,10,10,10,10,11,11,11,11,11,11,11,11,11,11,11,12,12,12,12,12,12,12,12,12,12,12,12,12,12,12,12,12,12,12,12
84036099,US,USA,840,36099.0,Seneca,New York,US,42.78081007,-76.82497064,"Seneca, New York, US",0,0,0,0,0,0,0,0,0,0,0,0,0,0,0,0,0,0,0,0,0,0,0,0,0,0,0,0,0,0,0,0,0,0,0,0,0,0,0,0,0,0,0,0,0,0,0,0,0,0,0,0,0,0,0,0,0,0,0,0,0,0,0,0,0,0,0,0,0,0,2,4,6,6,9,9,10,12,15,15,16,16,16,18,18,18,18,18,18,18,18,18,18,18,36,38,38,38,38,39,41,42,45,45,46,46,46,46,48,49,49,49,49,49,49,50,51,51,51,52,52,54,54,55,55,55,55,56,57,58,58,59,59,60,60,61,61,61,61,61,61,62,63,63,63,64,64,64,64,64,64,64
84036101,US,USA,840,36101.0,Steuben,New York,US,42.2689144,-77.3829924,"Steuben, New York, US",0,0,0,0,0,0,0,0,0,0,0,0,0,0,0,0,0,0,0,0,0,0,0,0,0,0,0,0,0,0,0,0,0,0,0,0,0,0,0,0,0,0,0,0,0,0,0,0,0,0,0,0,0,0,0,0,0,0,2,2,2,4,8,8,11,12,13,17,19,19,38,43,46,60,73,75,75,87,92,117,117,147,147,147,151,154,154,181,181,195,195,214,171,171,204,207,209,210,214,216,216,217,218,219,221,223,224,225,226,227,228,229,230,230,231,233,234,235,236,237,238,240,240,240,240,240,241,241,241,241,241,241,242,243,245,246,251,251,251,252,253,254,254,255,255,256,257,257,257,257,261,261
84036103,US,USA,840,36103.0,Suffolk,New York,US,40.88320119,-72.8012172,"Suffolk, New York, US",0,0,0,0,0,0,0,0,0,0,0,0,0,0,0,0,0,0,0,0,0,0,0,0,0,0,0,0,0,0,0,0,0,0,0,0,0,0,0,0,0,0,0,0,0,0,1,1,1,6,20,28,33,41,74,97,116,239,459,662,1034,1458,1880,2260,2735,3385,4138,5023,5791,6713,7605,8746,10154,11370,13129,14185,15561,17008,18803,20320,20321,20934,21643,22691,23523,24812,25035,26143,26888,28127,28701,28854,29567,30606,31368,32059,32470,32724,33265,33664,34037,34478,34855,35077,35275,35543,35892,36223,36461,36702,36911,37062,37305,37544,37719,37942,38117,38224,38327,38411,38553,38672,38802,38964,39090,39199,39258,39359,39445,39532,39643,39705,39980,40062,40153,40239,40278,40329,40377,40426,40464,40512,40559,40615,40659,40692,40738,40770,40810,40864,40908,40972
84036105,US,USA,840,36105.0,Sullivan,New York,US,41.71579493,-74.76394559,"Sullivan, New York, US",0,0,0,0,0,0,0,0,0,0,0,0,0,0,0,0,0,0,0,0,0,0,0,0,0,0,0,0,0,0,0,0,0,0,0,0,0,0,0,0,0,0,0,0,0,0,0,0,0,0,0,0,0,0,0,1,1,1,1,12,12,12,23,39,53,64,72,88,101,106,121,143,168,193,193,253,270,296,296,318,340,358,380,415,424,437,505,524,537,560,592,592,580,628,689,724,748,769,811,838,880,931,951,976,984,996,1021,1039,1071,1093,1109,1119,1135,1168,1189,1217,1231,1246,1258,1267,1281,1287,1297,1310,1324,1338,1340,1351,1364,1375,1387,1389,1392,1393,1405,1409,1411,1415,1417,1418,1425,1426,1428,1430,1430,1432,1433,1433,1434,1434,1435,1437
84036107,US,USA,840,36107.0,Tioga,New York,US,42.16852837,-76.30835812,"Tioga, New York, US",0,0,0,0,0,0,0,0,0,0,0,0,0,0,0,0,0,0,0,0,0,0,0,0,0,0,0,0,0,0,0,0,0,0,0,0,0,0,0,0,0,0,0,0,0,0,0,0,0,0,0,0,1,1,1,1,1,1,1,1,1,1,1,1,2,2,6,6,7,8,8,8,8,8,8,8,8,15,17,18,19,23,23,24,25,27,30,32,35,37,37,39,40,40,71,71,71,82,84,88,90,90,90,90,92,96,97,99,104,105,107,107,108,108,110,112,113,113,113,114,117,118,121,122,122,122,124,126,126,128,130,130,131,133,133,134,134,134,134,134,135,135,137,137,139,139,140,140,140,140,140,140
84036109,US,USA,840,36109.0,Tompkins,New York,US,42.44945765,-76.47229843,"Tompkins, New York, US",0,0,0,0,0,0,0,0,0,0,0,0,0,0,0,0,0,0,0,0,0,0,0,0,0,0,0,0,0,0,0,0,0,0,0,0,0,0,0,0,0,0,0,0,0,0,0,0,0,0,0,0,1,1,2,2,6,6,11,11,15,15,16,18,23,32,48,56,70,73,76,80,87,93,95,102,103,105,107,107,108,113,113,113,118,118,119,119,119,119,123,123,119,121,126,126,126,126,127,128,128,128,129,129,129,129,130,131,132,132,132,132,136,136,136,138,139,141,142,145,145,147,149,151,154,154,155,156,157,161,164,164,164,165,165,167,171,171,171,171,171,171,172,173,173,173,173,173,173,173,174,175
84036111,US,USA,840,36111.0,Ulster,New York,US,41.89027881,-74.26252104,"Ulster, New York, US",0,0,0,0,0,0,0,0,0,0,0,0,0,0,0,0,0,0,0,0,0,0,0,0,0,0,0,0,0,0,0,0,0,0,0,0,0,0,0,0,0,0,0,0,0,0,1,1,1,2,4,5,5,5,7,8,9,9,9,18,18,18,35,65,78,98,133,146,190,207,222,240,263,290,358,382,398,462,462,530,589,655,716,716,745,845,880,880,960,997,1018,1018,942,976,1166,1190,1219,1230,1252,1279,1298,1327,1341,1354,1357,1383,1416,1429,1440,1450,1454,1465,1481,1495,1511,1537,1552,1557,1565,1571,1584,1595,1606,1617,1632,1638,1645,1658,1663,1678,1685,1691,1696,1701,1704,1711,1714,1718,1721,1724,1726,1729,1734,1739,1741,1741,1742,1744,1746,1749,1750,1754
84036113,US,USA,840,36113.0,Warren,New York,US,43.56173026,-73.8433699,"Warren, New York, US",0,0,0,0,0,0,0,0,0,0,0,0,0,0,0,0,0,0,0,0,0,0,0,0,0,0,0,0,0,0,0,0,0,0,0,0,0,0,0,0,0,0,0,0,0,0,0,0,0,0,0,0,0,0,0,0,1,1,1,1,1,1,2,2,2,8,13,18,18,18,18,18,19,20,25,26,31,33,40,43,44,46,48,77,77,81,91,94,96,101,102,108,119,122,132,135,147,150,152,176,182,185,188,192,192,193,193,199,202,207,217,221,223,227,228,228,232,234,235,235,241,246,249,250,251,251,252,253,254,255,255,255,255,256,256,256,257,257,257,257,257,257,257,257,257,257,257,257,258,261,261,261
84036115,US,USA,840,36115.0,Washington,New York,US,43.31153794,-73.43043448,"Washington, New York, US",0,0,0,0,0,0,0,0,0,0,0,0,0,0,0,0,0,0,0,0,0,0,0,0,0,0,0,0,0,0,0,0,0,0,0,0,0,0,0,0,0,0,0,0,0,0,0,0,0,0,0,0,0,0,0,0,1,1,1,1,1,1,3,4,4,6,9,9,9,9,11,12,15,16,18,19,19,20,25,26,31,34,37,40,42,46,48,52,63,65,68,73,80,83,113,127,130,131,134,148,170,184,186,188,188,189,190,201,204,206,210,210,214,215,217,218,219,219,220,221,222,224,225,226,228,228,228,231,232,235,235,235,237,238,238,240,240,240,240,240,240,241,242,242,243,243,243,243,243,243,244,244
84036117,US,USA,840,36117.0,Wayne,New York,US,43.15494365,-77.02976528,"Wayne, New York, US",0,0,0,0,0,0,0,0,0,0,0,0,0,0,0,0,0,0,0,0,0,0,0,0,0,0,0,0,0,0,0,0,0,0,0,0,0,0,0,0,0,0,0,0,0,0,0,0,0,0,0,0,0,0,0,0,0,0,1,3,3,3,6,7,8,11,12,12,15,15,24,27,30,30,32,34,35,39,39,41,42,42,42,48,48,49,49,49,50,50,51,52,53,53,65,65,69,70,70,71,71,73,75,76,78,78,78,79,79,80,81,83,84,89,91,92,96,97,98,103,103,104,107,108,109,110,110,112,113,113,115,116,116,120,121,122,123,124,125,126,126,127,129,131,133,133,134,137,139,141,143,143
84036119,US,USA,840,36119.0,Westchester,New York,US,41.16278376,-73.75741653,"Westchester, New York, US",0,0,0,0,0,0,0,0,0,0,0,0,0,0,0,0,0,0,0,0,0,0,0,0,0,0,0,0,0,0,0,0,0,0,0,0,0,0,0,0,0,1,10,18,19,57,83,98,98,121,148,158,172,178,220,380,538,798,1091,1387,1873,2894,3891,4691,5944,7187,7875,8519,9326,9967,10683,11567,12351,13081,13723,14294,14294,15887,17004,18077,18729,19313,19786,20191,20947,21828,22476,23179,23803,24306,24656,25276,25959,26633,27231,27664,28007,28245,28626,28970,29232,29626,29884,30097,30240,30426,30708,30905,31087,31294,31384,31472,31611,31792,31943,32097,32224,32323,32402,32517,32673,32767,32881,32968,33049,33107,33186,33293,33349,33429,33481,33552,33633,33691,33767,33854,33924,33954,34000,34035,34076,34106,34175,34253,34290,34327,34358,34385,34409,34455,34486,34521
84036121,US,USA,840,36121.0,Wyoming,New York,US,42.70145109,-78.22199579,"Wyoming, New York, US",0,0,0,0,0,0,0,0,0,0,0,0,0,0,0,0,0,0,0,0,0,0,0,0,0,0,0,0,0,0,0,0,0,0,0,0,0,0,0,0,0,0,0,0,0,0,0,0,0,0,0,0,0,0,0,1,1,2,2,2,2,2,4,4,7,7,7,8,8,8,10,14,15,18,22,23,23,27,29,30,31,31,31,32,42,42,44,44,44,44,44,44,41,43,57,59,63,63,65,67,68,69,69,69,70,70,71,73,75,77,77,77,77,77,77,78,78,79,79,79,79,79,80,81,82,82,82,82,82,84,86,86,86,87,87,88,89,89,90,91,91,91,91,91,92,92,93,93,93,93,93,93
84036123,US,USA,840,36123.0,Yates,New York,US,42.63505484,-77.10369919,"Yates, New York, US",0,0,0,0,0,0,0,0,0,0,0,0,0,0,0,0,0,0,0,0,0,0,0,0,0,0,0,0,0,0,0,0,0,0,0,0,0,0,0,0,0,0,0,0,0,0,0,0,0,0,0,0,0,0,0,0,0,0,0,0,0,0,0,0,0,0,0,0,0,0,0,1,1,1,1,1,1,1,1,2,2,2,4,6,6,7,8,9,9,10,10,11,11,11,16,17,17,17,17,18,18,18,19,19,19,19,19,20,20,21,21,21,22,22,22,22,23,25,26,34,34,34,37,37,37,37,39,39,39,39,39,39,39,39,39,39,39,39,39,39,39,39,39,39,40,40,40,40,40,40,41,41
84037001,US,USA,840,37001.0,Alamance,North Carolina,US,36.0434701,-79.39976137,"Alamance, North Carolina, US",0,0,0,0,0,0,0,0,0,0,0,0,0,0,0,0,0,0,0,0,0,0,0,0,0,0,0,0,0,0,0,0,0,0,0,0,0,0,0,0,0,0,0,0,0,0,0,0,0,0,0,0,0,0,0,0,0,0,1,2,2,2,3,3,4,5,5,6,7,7,7,13,14,16,19,20,24,30,30,33,34,36,68,73,43,45,47,48,50,50,58,60,63,73,77,90,91,94,96,109,109,121,124,128,128,128,143,149,152,173,183,183,190,196,196,203,217,224,224,234,234,268,268,278,278,300,305,325,342,342,364,391,391,413,413,458,458,465,528,553,574,581,641,700,742,778,796,827,838,883,919,939
84037003,US,USA,840,37003.0,Alexander,North Carolina,US,35.922379600000006,-81.17751948,"Alexander,North Carolina,US",0,0,0,0,0,0,0,0,0,0,0,0,0,0,0,0,0,0,0,0,0,0,0,0,0,0,0,0,0,0,0,0,0,0,0,0,0,0,0,0,0,0,0,0,0,0,0,0,0,0,0,0,0,0,0,0,0,0,0,0,0,0,0,0,0,0,1,1,1,2,2,2,2,2,2,2,2,2,2,2,2,2,2,3,3,3,3,3,3,3,4,4,4,4,4,4,4,4,4,4,4,4,4,4,5,6,8,8,10,12,12,13,14,15,15,18,21,21,21,23,23,23,27,27,27,27,28,30,30,33,33,35,38,38,38,38,43,43,43,43,43,43,46,48,49,50,50,51,56,59,60,65
84037005,US,USA,840,37005.0,Alleghany,North Carolina,US,36.49360862,-81.12857041,"Alleghany, North Carolina, US",0,0,0,0,0,0,0,0,0,0,0,0,0,0,0,0,0,0,0,0,0,0,0,0,0,0,0,0,0,0,0,0,0,0,0,0,0,0,0,0,0,0,0,0,0,0,0,0,0,0,0,0,0,0,0,0,0,0,0,0,0,0,0,0,0,0,1,2,2,2,2,2,2,2,2,2,2,2,2,2,2,2,2,2,2,2,2,2,2,2,2,2,2,2,2,2,2,2,2,3,4,6,6,6,6,7,7,7,7,8,8,8,10,10,10,11,11,12,12,12,12,13,13,13,13,13,14,14,14,15,16,17,18,24,24,27,28,28,29,29,30,30,30,30,30,30,30,30,30,30,30,30
84037007,US,USA,840,37007.0,Anson,North Carolina,US,34.97403241,-80.09953279,"Anson, North Carolina, US",0,0,0,0,0,0,0,0,0,0,0,0,0,0,0,0,0,0,0,0,0,0,0,0,0,0,0,0,0,0,0,0,0,0,0,0,0,0,0,0,0,0,0,0,0,0,0,0,0,0,0,0,0,0,0,0,0,0,0,0,0,0,0,0,0,0,0,0,0,1,1,1,3,3,5,5,5,6,9,9,10,10,10,11,14,14,15,16,16,18,19,19,19,20,20,20,22,23,24,25,27,29,30,30,30,31,33,37,38,38,38,39,40,41,43,46,49,50,50,50,50,55,58,58,59,62,62,64,64,64,65,65,66,68,68,70,71,72,74,78,78,81,83,85,86,87,89,91,91,95,96,102
84037009,US,USA,840,37009.0,Ashe,North Carolina,US,36.43296207,-81.49862729,"Ashe, North Carolina, US",0,0,0,0,0,0,0,0,0,0,0,0,0,0,0,0,0,0,0,0,0,0,0,0,0,0,0,0,0,0,0,0,0,0,0,0,0,0,0,0,0,0,0,0,0,0,0,0,0,0,0,0,0,0,0,0,0,0,0,0,0,0,0,0,0,0,0,0,0,0,0,0,1,1,1,1,2,2,3,3,4,4,4,4,4,4,4,4,4,4,4,4,4,4,4,4,4,4,5,5,5,5,5,5,5,5,6,7,8,13,13,14,16,17,17,26,27,28,28,28,28,32,33,35,35,35,35,35,36,36,37,37,37,37,39,39,40,40,40,40,42,42,43,43,43,43,43,43,44,45,47,47
84037011,US,USA,840,37011.0,Avery,North Carolina,US,36.07569796,-81.92308483,"Avery, North Carolina, US",0,0,0,0,0,0,0,0,0,0,0,0,0,0,0,0,0,0,0,0,0,0,0,0,0,0,0,0,0,0,0,0,0,0,0,0,0,0,0,0,0,0,0,0,0,0,0,0,0,0,0,0,0,0,0,0,0,0,0,0,0,0,0,0,0,0,0,0,0,0,0,0,0,0,0,0,0,0,0,0,0,0,0,0,0,0,0,0,0,0,0,0,0,0,0,0,0,0,0,0,0,0,0,0,0,0,0,0,0,0,0,0,0,0,0,0,0,0,1,1,1,2,2,2,2,2,2,2,2,2,2,2,2,2,2,3,3,3,4,4,6,6,6,6,6,6,6,6,6,8,7,8
84037013,US,USA,840,37013.0,Beaufort,North Carolina,US,35.48531943,-76.84325809,"Beaufort, North Carolina, US",0,0,0,0,0,0,0,0,0,0,0,0,0,0,0,0,0,0,0,0,0,0,0,0,0,0,0,0,0,0,0,0,0,0,0,0,0,0,0,0,0,0,0,0,0,0,0,0,0,0,0,0,0,0,0,0,0,0,0,0,0,0,2,3,3,3,3,3,4,5,7,7,8,9,9,9,10,10,11,12,13,13,14,14,14,14,14,14,14,15,15,16,16,16,31,20,20,20,22,22,22,22,22,22,22,22,22,24,24,25,25,25,27,27,27,27,30,30,30,33,33,35,35,35,35,35,36,36,36,36,36,36,36,36,39,43,43,43,43,44,44,45,49,51,51,51,52,53,55,55,55,57
84037015,US,USA,840,37015.0,Bertie,North Carolina,US,36.0688473,-76.96545943,"Bertie, North Carolina, US",0,0,0,0,0,0,0,0,0,0,0,0,0,0,0,0,0,0,0,0,0,0,0,0,0,0,0,0,0,0,0,0,0,0,0,0,0,0,0,0,0,0,0,0,0,0,0,0,0,0,0,0,0,0,0,0,0,0,0,0,0,0,1,3,3,3,3,3,5,6,6,6,6,7,7,7,9,10,11,12,12,12,12,15,16,17,18,20,21,24,25,27,31,34,40,37,38,38,38,44,44,47,47,48,51,53,57,58,60,61,61,67,72,74,76,84,87,89,89,98,98,108,109,113,115,115,115,118,119,122,122,122,125,126,127,129,133,134,134,134,134,135,135,135,135,135,135,135,135,136,136,136
84037017,US,USA,840,37017.0,Bladen,North Carolina,US,34.61296243,-78.56180059,"Bladen, North Carolina, US",0,0,0,0,0,0,0,0,0,0,0,0,0,0,0,0,0,0,0,0,0,0,0,0,0,0,0,0,0,0,0,0,0,0,0,0,0,0,0,0,0,0,0,0,0,0,0,0,0,0,0,0,0,0,0,0,0,0,0,0,0,0,0,0,0,0,0,0,0,0,0,1,1,1,1,1,1,1,1,1,1,1,2,2,2,2,2,2,2,2,4,4,5,6,7,10,10,13,20,21,25,27,27,29,34,40,45,50,51,52,54,60,64,66,68,70,71,73,73,81,81,91,92,94,94,94,94,94,95,100,101,105,105,106,132,143,153,162,165,165,165,173,186,188,194,196,199,214,220,232,262,307
84037019,US,USA,840,37019.0,Brunswick,North Carolina,US,34.070565,-78.22814204,"Brunswick, North Carolina, US",0,0,0,0,0,0,0,0,0,0,0,0,0,0,0,0,0,0,0,0,0,0,0,0,0,0,0,0,0,0,0,0,0,0,0,0,0,0,0,0,0,0,0,0,0,0,0,0,0,0,0,0,1,1,1,1,1,1,4,4,6,8,10,10,11,11,12,12,14,16,16,23,23,24,24,26,26,26,29,30,34,34,35,35,35,36,36,36,36,36,38,38,39,39,39,40,40,43,43,43,43,44,44,47,50,50,50,50,50,50,50,51,51,51,51,55,55,58,58,62,62,68,74,74,74,76,81,83,83,83,85,95,95,110,115,131,133,142,149,160,163,183,190,206,230,241,263,268,293,316,328,345
84037021,US,USA,840,37021.0,Buncombe,North Carolina,US,35.61113393,-82.53305,"Buncombe, North Carolina, US",0,0,0,0,0,0,0,0,0,0,0,0,0,0,0,0,0,0,0,0,0,0,0,0,0,0,0,0,0,0,0,0,0,0,0,0,0,0,0,0,0,0,0,0,0,0,0,0,0,0,0,0,0,0,0,0,1,1,1,2,4,8,12,12,15,15,17,19,20,22,22,22,31,31,31,33,33,37,37,36,37,37,37,38,39,43,47,47,47,47,48,49,49,52,52,52,54,55,60,68,69,72,73,77,78,79,88,88,92,100,102,105,108,116,138,152,168,176,176,183,183,246,251,262,276,277,279,303,310,323,335,346,354,361,374,382,389,396,399,401,408,417,426,439,449,456,461,464,478,484,494,501
84037023,US,USA,840,37023.0,Burke,North Carolina,US,35.74989637,-81.70755735,"Burke, North Carolina, US",0,0,0,0,0,0,0,0,0,0,0,0,0,0,0,0,0,0,0,0,0,0,0,0,0,0,0,0,0,0,0,0,0,0,0,0,0,0,0,0,0,0,0,0,0,0,0,0,0,0,0,0,0,0,0,0,0,0,0,0,0,0,0,2,2,3,4,4,5,6,6,9,10,13,18,28,39,34,42,44,61,61,61,61,60,63,66,66,68,70,75,83,83,83,86,88,88,89,97,102,106,110,110,112,117,117,126,128,131,136,137,146,162,175,175,191,195,198,198,210,210,253,266,278,296,324,337,350,380,390,425,439,439,477,497,514,540,547,567,567,710,710,775,775,775,775,775,838,872,882,895,911
84037025,US,USA,840,37025.0,Cabarrus,North Carolina,US,35.3877799,-80.55267168,"Cabarrus, North Carolina, US",0,0,0,0,0,0,0,0,0,0,0,0,0,0,0,0,0,0,0,0,0,0,0,0,0,0,0,0,0,0,0,0,0,0,0,0,0,0,0,0,0,0,0,0,0,0,0,0,0,0,0,1,1,1,1,1,1,1,2,5,6,6,10,12,18,22,31,32,38,47,47,50,58,65,69,76,81,88,88,94,107,117,165,190,204,204,207,207,208,212,223,232,236,249,249,261,264,275,275,303,308,310,313,317,320,326,333,338,341,352,352,356,361,371,371,372,380,385,385,400,400,423,428,438,449,456,457,457,473,478,500,508,508,511,530,546,571,588,599,617,617,662,685,686,711,716,729,769,773,805,835,869
84037027,US,USA,840,37027.0,Caldwell,North Carolina,US,35.95204977,-81.54799522,"Caldwell, North Carolina, US",0,0,0,0,0,0,0,0,0,0,0,0,0,0,0,0,0,0,0,0,0,0,0,0,0,0,0,0,0,0,0,0,0,0,0,0,0,0,0,0,0,0,0,0,0,0,0,0,0,0,0,0,0,0,0,0,0,0,0,0,0,0,1,3,3,3,3,3,3,3,3,3,3,5,11,11,11,11,12,14,17,17,19,19,19,19,22,22,23,23,23,23,26,27,30,30,31,33,33,34,34,34,36,38,45,45,50,52,59,60,60,64,69,75,75,78,83,86,86,92,92,104,105,106,107,107,114,120,127,132,138,155,157,161,173,183,196,201,204,209,219,228,238,240,248,249,252,258,273,296,304,314
84037029,US,USA,840,37029.0,Camden,North Carolina,US,36.33804939,-76.15568396,"Camden, North Carolina, US",0,0,0,0,0,0,0,0,0,0,0,0,0,0,0,0,0,0,0,0,0,0,0,0,0,0,0,0,0,0,0,0,0,0,0,0,0,0,0,0,0,0,0,0,0,0,0,0,0,0,0,0,0,0,0,0,0,0,0,0,0,0,0,0,0,0,0,0,0,0,0,0,0,0,0,0,0,0,0,0,0,0,0,0,0,0,0,0,0,0,0,0,0,0,0,0,1,1,1,1,1,2,2,2,2,2,2,2,2,2,2,2,2,2,2,2,2,2,2,3,3,3,3,3,3,3,3,3,3,3,3,3,3,3,3,3,3,3,3,3,3,3,3,6,6,6,7,7,9,12,16,19
84037031,US,USA,840,37031.0,Carteret,North Carolina,US,34.8932941,-76.54120135,"Carteret, North Carolina, US",0,0,0,0,0,0,0,0,0,0,0,0,0,0,0,0,0,0,0,0,0,0,0,0,0,0,0,0,0,0,0,0,0,0,0,0,0,0,0,0,0,0,0,0,0,0,0,0,0,0,0,0,0,0,0,0,0,0,1,5,5,5,5,5,5,5,7,7,11,12,14,14,16,16,16,25,25,19,20,20,21,21,22,22,22,22,22,24,24,24,24,27,27,27,27,27,28,28,28,28,29,29,29,29,29,29,29,29,32,32,32,35,35,36,36,36,36,36,36,36,36,36,36,36,36,36,37,37,37,37,37,37,37,37,39,39,39,39,40,40,42,43,45,46,46,47,48,48,48,51,52,53
84037033,US,USA,840,37033.0,Caswell,North Carolina,US,36.39312665,-79.33353281,"Caswell, North Carolina, US",0,0,0,0,0,0,0,0,0,0,0,0,0,0,0,0,0,0,0,0,0,0,0,0,0,0,0,0,0,0,0,0,0,0,0,0,0,0,0,0,0,0,0,0,0,0,0,0,0,0,0,0,0,0,0,0,0,0,0,0,0,0,0,0,0,0,1,1,1,1,1,1,1,1,2,2,2,2,2,3,3,3,3,3,3,4,7,7,7,8,8,12,13,14,15,16,18,18,19,22,24,30,32,32,34,36,38,38,38,39,41,42,42,42,43,43,43,44,44,45,45,51,52,54,55,55,55,57,58,60,61,87,93,94,94,94,96,96,97,97,98,101,101,101,102,103,104,106,110,112,113,116
84037035,US,USA,840,37035.0,Catawba,North Carolina,US,35.66211129,-81.2132617,"Catawba, North Carolina, US",0,0,0,0,0,0,0,0,0,0,0,0,0,0,0,0,0,0,0,0,0,0,0,0,0,0,0,0,0,0,0,0,0,0,0,0,0,0,0,0,0,0,0,0,0,0,0,0,0,0,0,0,0,0,0,0,0,0,1,1,1,4,4,4,9,10,10,14,14,14,16,16,20,22,24,25,27,28,29,29,33,33,35,36,38,38,43,43,43,43,46,47,47,49,50,52,53,53,56,56,56,56,56,60,65,65,65,67,78,82,83,83,92,96,96,96,100,111,111,121,121,143,143,148,152,171,181,194,208,208,217,234,234,255,258,278,284,293,310,327,338,341,379,399,417,435,452,465,485,519,538,552
84037037,US,USA,840,37037.0,Chatham,North Carolina,US,35.70394416,-79.25541492,"Chatham, North Carolina, US",0,0,0,0,0,0,0,0,0,0,0,0,0,0,0,0,0,0,0,0,0,0,0,0,0,0,0,0,0,0,0,0,0,0,0,0,0,0,0,0,0,0,0,0,1,1,1,1,1,1,1,1,1,1,1,3,3,3,3,3,3,3,3,6,9,11,12,13,14,16,16,19,19,21,21,21,21,24,26,26,37,63,69,75,81,81,85,101,119,127,131,135,156,179,211,240,262,274,287,316,343,375,378,383,403,412,421,435,447,455,458,461,468,490,495,504,507,512,512,543,543,564,573,578,588,588,588,595,610,630,634,637,638,660,677,690,720,723,733,733,749,759,780,784,808,808,813,821,841,848,860,882
84037039,US,USA,840,37039.0,Cherokee,North Carolina,US,35.1349263,-84.05970864,"Cherokee, North Carolina, US",0,0,0,0,0,0,0,0,0,0,0,0,0,0,0,0,0,0,0,0,0,0,0,0,0,0,0,0,0,0,0,0,0,0,0,0,0,0,0,0,0,0,0,0,0,0,0,0,0,0,0,0,0,0,0,0,0,0,0,4,4,4,4,4,4,4,4,6,7,7,11,11,11,11,11,12,12,12,11,10,11,11,11,13,14,14,16,16,16,16,18,18,16,16,16,16,16,16,16,16,16,16,19,19,19,19,19,19,27,27,27,27,27,27,27,27,27,27,27,30,30,30,30,30,30,30,30,30,30,30,30,30,30,30,30,30,30,30,30,30,30,30,30,30,30,30,30,30,31,32,32,32
84037041,US,USA,840,37041.0,Chowan,North Carolina,US,36.12908077,-76.60118385,"Chowan, North Carolina, US",0,0,0,0,0,0,0,0,0,0,0,0,0,0,0,0,0,0,0,0,0,0,0,0,0,0,0,0,0,0,0,0,0,0,0,0,0,0,0,0,0,0,0,0,0,0,0,0,0,0,0,0,0,0,0,0,0,0,1,1,1,1,1,0,0,0,0,0,0,0,0,1,1,1,1,1,1,1,2,2,3,3,3,4,5,5,6,6,6,6,6,6,6,6,9,7,7,7,7,7,7,7,7,7,7,7,7,8,10,11,11,11,12,12,12,14,14,15,15,15,15,15,15,15,15,15,16,17,17,17,17,17,17,17,17,17,17,17,17,17,18,19,19,19,19,19,19,19,19,19,19,19
84037043,US,USA,840,37043.0,Clay,North Carolina,US,35.05704275,-83.74353633,"Clay, North Carolina, US",0,0,0,0,0,0,0,0,0,0,0,0,0,0,0,0,0,0,0,0,0,0,0,0,0,0,0,0,0,0,0,0,0,0,0,0,0,0,0,0,0,0,0,0,0,0,0,0,0,0,0,0,0,0,0,0,0,0,0,0,0,0,0,0,0,0,0,0,0,1,3,3,3,3,3,3,3,3,4,3,4,4,4,4,4,4,5,5,5,5,6,6,6,6,6,6,6,6,6,6,6,6,6,6,6,6,6,6,8,8,8,8,8,8,8,8,8,8,8,8,8,8,8,8,8,8,8,8,8,8,8,8,8,8,8,8,8,8,8,8,8,8,8,9,9,9,9,9,9,9,9,9
84037045,US,USA,840,37045.0,Cleveland,North Carolina,US,35.33553364,-81.55204486,"Cleveland, North Carolina, US",0,0,0,0,0,0,0,0,0,0,0,0,0,0,0,0,0,0,0,0,0,0,0,0,0,0,0,0,0,0,0,0,0,0,0,0,0,0,0,0,0,0,0,0,0,0,0,0,0,0,0,0,0,0,0,0,0,0,1,0,0,0,0,2,2,2,3,5,7,6,6,7,10,15,16,18,23,26,27,32,35,38,39,39,40,41,42,42,44,44,44,45,45,46,46,46,47,47,47,47,47,47,47,47,48,48,50,50,50,50,50,50,51,53,54,54,54,55,55,60,60,63,67,67,69,69,73,78,79,89,90,94,99,109,109,111,113,121,121,121,127,134,143,152,159,159,164,180,189,202,213,225
84037047,US,USA,840,37047.0,Columbus,North Carolina,US,34.26744084,-78.65801424,"Columbus, North Carolina, US",0,0,0,0,0,0,0,0,0,0,0,0,0,0,0,0,0,0,0,0,0,0,0,0,0,0,0,0,0,0,0,0,0,0,0,0,0,0,0,0,0,0,0,0,0,0,0,0,0,0,0,0,0,0,0,0,0,0,0,0,0,0,0,0,0,0,2,3,3,4,4,4,5,6,8,12,13,14,20,20,31,31,37,37,40,50,55,55,58,59,61,76,76,87,87,90,94,103,103,153,153,164,166,167,167,177,184,186,196,203,213,213,226,229,238,238,241,250,250,259,259,289,289,294,296,306,306,323,330,330,336,338,338,349,349,355,361,368,373,373,379,388,404,415,419,427,429,432,446,452,460,461
84037049,US,USA,840,37049.0,Craven,North Carolina,US,35.11833364,-77.08398081,"Craven, North Carolina, US",0,0,0,0,0,0,0,0,0,0,0,0,0,0,0,0,0,0,0,0,0,0,0,0,0,0,0,0,0,0,0,0,0,0,0,0,0,0,0,0,0,0,0,0,0,0,0,0,0,0,0,0,1,1,1,1,1,2,2,2,2,2,3,3,3,4,4,5,5,6,7,10,13,14,15,18,18,19,22,23,24,25,27,29,31,32,33,33,34,36,36,36,37,39,39,39,39,39,39,40,42,42,42,44,44,44,46,49,51,54,55,57,70,79,81,84,125,129,129,135,135,168,177,189,192,192,192,192,192,204,207,209,210,210,216,218,223,232,239,240,241,243,256,256,264,276,276,280,283,292,300,310
84037051,US,USA,840,37051.0,Cumberland,North Carolina,US,35.04762133,-78.82623165,"Cumberland, North Carolina, US",0,0,0,0,0,0,0,0,0,0,0,0,0,0,0,0,0,0,0,0,0,0,0,0,0,0,0,0,0,0,0,0,0,0,0,0,0,0,0,0,0,0,0,0,0,0,0,0,0,0,0,0,0,0,0,0,0,2,2,3,3,3,5,8,8,8,8,13,15,18,24,27,35,42,45,48,62,66,72,75,82,84,84,86,90,94,105,113,113,113,127,133,154,189,199,200,200,224,224,238,286,289,289,289,320,330,356,356,356,368,368,399,425,426,439,463,468,471,471,511,529,569,569,584,588,590,600,622,662,682,697,712,712,721,733,754,768,775,781,802,811,828,855,874,888,895,904,935,948,965,988,1008
84037053,US,USA,840,37053.0,Currituck,North Carolina,US,36.36123664,-75.95876401,"Currituck, North Carolina, US",0,0,0,0,0,0,0,0,0,0,0,0,0,0,0,0,0,0,0,0,0,0,0,0,0,0,0,0,0,0,0,0,0,0,0,0,0,0,0,0,0,0,0,0,0,0,0,0,0,0,0,0,0,0,0,0,0,0,0,0,0,0,0,0,0,0,0,1,1,1,1,2,2,2,2,2,3,3,3,3,3,3,3,3,3,3,3,3,3,3,3,3,2,2,2,2,2,2,5,5,5,5,5,5,5,5,7,9,9,9,9,9,9,11,11,11,11,11,11,11,11,11,11,11,11,11,13,15,15,13,13,14,14,14,15,15,15,15,15,15,15,15,15,16,16,16,16,16,17,17,16,16
84037055,US,USA,840,37055.0,Dare,North Carolina,US,35.66520691,-75.71767334,"Dare, North Carolina, US",0,0,0,0,0,0,0,0,0,0,0,0,0,0,0,0,0,0,0,0,0,0,0,0,0,0,0,0,0,0,0,0,0,0,0,0,0,0,0,0,0,0,0,0,0,0,0,0,0,0,0,0,0,0,0,0,0,0,0,0,0,0,0,1,1,2,2,2,1,2,2,3,3,5,6,6,6,10,13,13,13,13,13,15,15,15,15,15,15,15,15,15,15,15,15,15,15,15,15,15,15,15,15,15,18,18,18,18,18,19,21,21,21,21,21,21,21,22,22,22,22,22,22,22,22,22,22,22,22,22,22,22,22,22,22,22,22,22,25,25,25,25,25,25,25,25,25,27,27,27,27,27
84037057,US,USA,840,37057.0,Davidson,North Carolina,US,35.79115496,-80.21256572,"Davidson, North Carolina, US",0,0,0,0,0,0,0,0,0,0,0,0,0,0,0,0,0,0,0,0,0,0,0,0,0,0,0,0,0,0,0,0,0,0,0,0,0,0,0,0,0,0,0,0,0,0,0,0,0,0,0,0,0,0,0,0,0,1,1,1,1,2,3,3,4,12,14,16,17,22,41,41,51,53,57,63,70,73,78,81,85,85,85,86,90,91,94,94,94,94,96,103,107,113,120,156,156,166,166,166,166,180,180,180,183,191,191,199,201,202,205,227,242,256,270,274,288,293,293,314,323,343,345,352,361,361,361,368,385,398,413,430,434,446,477,500,505,511,520,527,544,556,589,620,643,655,664,678,691,725,729,735
84037059,US,USA,840,37059.0,Davie,North Carolina,US,35.93099927,-80.54496571,"Davie, North Carolina, US",0,0,0,0,0,0,0,0,0,0,0,0,0,0,0,0,0,0,0,0,0,0,0,0,0,0,0,0,0,0,0,0,0,0,0,0,0,0,0,0,0,0,0,0,0,0,0,0,0,0,0,0,0,0,0,0,0,0,0,1,1,1,1,1,1,2,6,6,6,11,12,12,12,14,16,20,20,20,20,21,22,22,22,22,23,23,23,23,23,23,24,24,24,29,29,29,29,29,29,30,31,31,31,31,31,31,31,31,32,35,37,37,40,41,43,46,46,46,46,55,55,62,67,69,74,76,79,82,87,90,98,103,105,105,107,113,115,117,119,119,126,131,132,134,139,142,144,145,152,154,155,156
84037061,US,USA,840,37061.0,Duplin,North Carolina,US,34.93449805,-77.93140529,"Duplin, North Carolina, US",0,0,0,0,0,0,0,0,0,0,0,0,0,0,0,0,0,0,0,0,0,0,0,0,0,0,0,0,0,0,0,0,0,0,0,0,0,0,0,0,0,0,0,0,0,0,0,0,0,0,0,0,0,0,0,0,0,0,0,0,0,0,1,1,1,1,1,1,1,1,2,2,4,5,5,5,7,8,11,12,15,15,15,19,23,23,23,23,24,26,32,35,41,51,61,66,72,74,78,92,103,113,115,120,132,146,161,180,225,242,258,266,285,305,354,368,388,438,438,470,470,545,597,628,659,670,707,744,750,794,831,846,870,890,915,943,976,1006,1047,1047,1072,1096,1130,1150,1182,1213,1228,1231,1257,1279,1317,1332
84037063,US,USA,840,37063.0,Durham,North Carolina,US,36.03638492,-78.87608331,"Durham, North Carolina, US",0,0,0,0,0,0,0,0,0,0,0,0,0,0,0,0,0,0,0,0,0,0,0,0,0,0,0,0,0,0,0,0,0,0,0,0,0,0,0,0,0,0,0,0,0,0,0,0,0,0,1,1,1,1,1,16,27,35,39,40,41,41,71,74,93,93,113,113,107,122,126,147,159,182,186,191,219,236,243,259,275,278,290,324,349,376,388,399,409,435,439,439,500,541,546,555,555,712,724,733,741,755,767,767,800,818,841,872,876,886,886,914,932,949,968,980,1000,1009,1040,1105,1131,1216,1230,1262,1312,1353,1379,1411,1441,1552,1615,1677,1706,1828,1830,1921,2025,2114,2180,2247,2284,2370,2473,2569,2662,2712,2800,2841,2912,2983,3094,3196
84037065,US,USA,840,37065.0,Edgecombe,North Carolina,US,35.91230639,-77.59436892,"Edgecombe, North Carolina, US",0,0,0,0,0,0,0,0,0,0,0,0,0,0,0,0,0,0,0,0,0,0,0,0,0,0,0,0,0,0,0,0,0,0,0,0,0,0,0,0,0,0,0,0,0,0,0,0,0,0,0,0,0,0,0,0,0,0,0,0,0,0,0,0,0,0,1,1,1,3,3,4,4,5,5,5,11,12,15,18,22,23,26,31,36,42,46,49,58,58,58,60,62,67,77,78,78,78,81,94,96,98,105,113,123,128,137,139,151,153,155,156,157,161,164,167,170,171,171,174,174,176,184,190,190,190,190,190,190,197,200,201,208,210,214,216,221,228,229,229,231,234,235,244,253,253,254,256,257,262,268,273
84037067,US,USA,840,37067.0,Forsyth,North Carolina,US,36.12859861,-80.25459052,"Forsyth, North Carolina, US",0,0,0,0,0,0,0,0,0,0,0,0,0,0,0,0,0,0,0,0,0,0,0,0,0,0,0,0,0,0,0,0,0,0,0,0,0,0,0,0,0,0,0,0,0,0,0,0,0,0,3,2,2,2,2,2,2,5,7,12,12,12,14,15,17,24,33,35,40,42,57,63,80,88,89,99,106,108,113,111,115,115,117,121,125,125,126,126,126,126,131,141,143,146,152,153,156,183,210,242,245,266,267,271,287,329,332,353,369,386,395,445,495,555,616,627,651,698,698,749,773,869,889,920,969,1012,1022,1081,1207,1253,1347,1441,1441,1517,1560,1660,1721,1774,1816,1898,1925,1967,2051,2128,2204,2250,2283,2333,2372,2463,2497,2524
84037069,US,USA,840,37069.0,Franklin,North Carolina,US,36.081519,-78.28708884,"Franklin, North Carolina, US",0,0,0,0,0,0,0,0,0,0,0,0,0,0,0,0,0,0,0,0,0,0,0,0,0,0,0,0,0,0,0,0,0,0,0,0,0,0,0,0,0,0,0,0,0,0,0,0,0,0,0,0,0,0,0,0,0,0,4,4,4,4,4,5,5,5,5,5,5,11,11,12,13,14,14,15,17,23,23,33,27,64,67,67,67,67,67,69,69,71,74,75,77,87,92,95,100,102,102,104,104,104,105,105,106,106,111,111,111,111,111,114,119,121,121,121,122,124,124,131,131,138,141,141,145,146,151,156,157,159,159,159,162,167,169,179,185,185,190,190,197,202,209,221,230,231,232,237,244,259,264,280
84037071,US,USA,840,37071.0,Gaston,North Carolina,US,35.29373559,-81.17477045,"Gaston, North Carolina, US",0,0,0,0,0,0,0,0,0,0,0,0,0,0,0,0,0,0,0,0,0,0,0,0,0,0,0,0,0,0,0,0,0,0,0,0,0,0,0,0,0,0,0,0,0,0,0,0,0,0,0,0,0,0,0,0,1,1,1,1,3,4,4,6,12,17,17,21,25,27,31,33,39,43,47,58,58,62,68,73,80,81,86,86,91,95,110,110,111,112,120,124,126,127,132,136,139,139,140,140,150,150,150,152,152,155,157,161,168,178,178,178,195,201,201,201,203,208,208,210,220,247,247,247,247,255,255,255,261,276,286,286,288,297,301,320,347,364,366,383,392,406,452,484,515,525,549,576,621,671,705,737
84037073,US,USA,840,37073.0,Gates,North Carolina,US,36.44667547,-76.69749701,"Gates, North Carolina, US",0,0,0,0,0,0,0,0,0,0,0,0,0,0,0,0,0,0,0,0,0,0,0,0,0,0,0,0,0,0,0,0,0,0,0,0,0,0,0,0,0,0,0,0,0,0,0,0,0,0,0,0,0,0,0,0,0,0,0,0,0,0,0,0,0,0,0,0,0,0,0,1,1,1,1,1,2,3,4,4,4,4,4,4,4,4,4,4,4,4,4,4,6,6,7,7,7,7,7,7,7,9,9,9,9,10,10,10,11,11,11,11,11,12,13,14,14,14,14,14,14,14,21,21,23,23,24,25,25,24,24,24,24,24,24,24,24,24,24,24,24,24,24,24,24,24,25,25,25,25,25,25
84037075,US,USA,840,37075.0,Graham,North Carolina,US,35.3506925,-83.83369267,"Graham, North Carolina, US",0,0,0,0,0,0,0,0,0,0,0,0,0,0,0,0,0,0,0,0,0,0,0,0,0,0,0,0,0,0,0,0,0,0,0,0,0,0,0,0,0,0,0,0,0,0,0,0,0,0,0,0,0,0,0,0,0,0,0,0,0,0,0,0,0,0,0,0,0,0,0,0,0,0,0,0,0,0,0,0,0,0,0,0,0,0,0,0,0,0,0,0,0,0,0,0,0,1,1,2,2,2,2,2,2,2,2,2,2,2,2,2,2,2,2,2,2,2,2,2,2,2,2,2,2,2,2,2,2,2,2,2,2,2,2,4,4,4,4,4,6,6,6,6,6,6,6,6,6,6,6,6
84037077,US,USA,840,37077.0,Granville,North Carolina,US,36.30337451,-78.65184241,"Granville, North Carolina, US",0,0,0,0,0,0,0,0,0,0,0,0,0,0,0,0,0,0,0,0,0,0,0,0,0,0,0,0,0,0,0,0,0,0,0,0,0,0,0,0,0,0,0,0,0,0,0,0,0,0,0,0,0,0,0,0,0,0,0,1,1,1,1,1,1,3,3,6,6,9,16,20,22,24,37,76,76,83,83,87,89,89,93,97,99,104,106,109,110,112,114,118,123,123,126,133,240,133,136,136,139,157,159,160,160,161,164,164,164,165,167,170,171,181,186,190,196,201,201,208,215,226,239,240,247,254,258,278,287,294,312,312,312,324,324,354,462,501,513,530,610,631,653,657,668,680,688,703,703,713,723,735
84037079,US,USA,840,37079.0,Greene,North Carolina,US,35.48544173,-77.67578087,"Greene, North Carolina, US",0,0,0,0,0,0,0,0,0,0,0,0,0,0,0,0,0,0,0,0,0,0,0,0,0,0,0,0,0,0,0,0,0,0,0,0,0,0,0,0,0,0,0,0,0,0,0,0,0,0,0,0,0,0,0,0,0,0,0,0,0,0,0,0,0,0,3,3,3,3,4,5,5,5,6,10,10,10,10,10,10,10,12,13,16,16,14,14,14,14,14,14,14,15,16,15,15,15,15,16,17,19,19,22,22,22,33,34,34,34,36,37,38,40,40,44,45,51,51,51,51,58,64,65,65,66,66,68,70,77,78,79,81,81,84,88,92,95,104,104,106,107,117,117,118,122,124,128,132,134,140,144
84037081,US,USA,840,37081.0,Guilford,North Carolina,US,36.07959451,-79.78824948,"Guilford, North Carolina, US",0,0,0,0,0,0,0,0,0,0,0,0,0,0,0,0,0,0,0,0,0,0,0,0,0,0,0,0,0,0,0,0,0,0,0,0,0,0,0,0,0,0,0,0,0,0,0,0,0,0,0,0,0,0,0,1,1,3,4,7,11,11,16,22,24,31,34,39,44,50,55,74,88,94,96,104,119,122,125,127,134,135,138,138,151,160,171,176,176,176,201,233,240,275,304,314,314,345,358,381,415,437,439,443,464,527,536,553,574,592,641,649,683,720,767,776,846,872,872,916,931,977,1033,1049,1073,1092,1143,1173,1195,1227,1264,1288,1318,1415,1445,1508,1573,1614,1665,1779,1853,1853,1899,1983,2032,2061,2103,2194,2230,2281,2352,2402
84037083,US,USA,840,37083.0,Halifax,North Carolina,US,36.25669272,-77.6556109,"Halifax, North Carolina, US",0,0,0,0,0,0,0,0,0,0,0,0,0,0,0,0,0,0,0,0,0,0,0,0,0,0,0,0,0,0,0,0,0,0,0,0,0,0,0,0,0,0,0,0,0,0,0,0,0,0,0,0,0,0,0,0,0,0,0,0,0,0,0,0,0,1,1,2,4,6,6,7,7,10,10,10,13,14,19,20,21,21,22,25,30,30,32,32,32,33,36,39,40,40,53,53,56,52,58,58,58,62,62,64,69,73,77,82,85,91,94,96,100,107,107,107,107,113,113,125,125,147,147,148,150,152,157,167,167,176,180,182,183,197,197,197,200,201,203,219,219,231,231,238,239,239,241,241,244,253,259,265
84037085,US,USA,840,37085.0,Harnett,North Carolina,US,35.36731853,-78.87243571,"Harnett, North Carolina, US",0,0,0,0,0,0,0,0,0,0,0,0,0,0,0,0,0,0,0,0,0,0,0,0,0,0,0,0,0,0,0,0,0,0,0,0,0,0,0,0,0,0,0,0,0,0,0,0,0,0,0,0,1,2,3,3,3,6,6,7,7,8,9,10,11,11,11,14,14,18,18,19,19,24,25,31,32,34,34,35,38,41,45,49,53,53,54,55,58,61,62,66,74,77,119,128,137,145,151,156,164,173,174,182,188,192,199,207,212,217,228,228,233,235,237,240,246,247,247,255,255,259,269,272,275,276,278,281,285,287,288,292,297,306,309,318,330,333,337,340,352,363,381,391,408,411,417,422,435,457,486,499
84037087,US,USA,840,37087.0,Haywood,North Carolina,US,35.55269063,-82.98196486,"Haywood, North Carolina, US",0,0,0,0,0,0,0,0,0,0,0,0,0,0,0,0,0,0,0,0,0,0,0,0,0,0,0,0,0,0,0,0,0,0,0,0,0,0,0,0,0,0,0,0,0,0,0,0,0,0,0,0,0,0,0,0,0,0,0,0,0,0,0,0,0,0,0,0,0,0,0,2,2,2,3,3,3,3,3,3,3,3,3,3,4,4,5,5,5,5,5,5,5,5,5,5,6,6,7,10,10,12,12,17,18,18,18,18,18,18,18,18,19,19,21,22,25,26,26,28,28,39,39,39,40,40,44,47,47,47,47,48,49,53,55,55,59,59,60,60,63,63,63,65,65,65,65,67,69,71,70,70
84037089,US,USA,840,37089.0,Henderson,North Carolina,US,35.33788927,-82.4766782,"Henderson, North Carolina, US",0,0,0,0,0,0,0,0,0,0,0,0,0,0,0,0,0,0,0,0,0,0,0,0,0,0,0,0,0,0,0,0,0,0,0,0,0,0,0,0,0,0,0,0,0,0,0,0,0,0,0,0,0,0,0,0,0,0,0,0,1,2,2,2,6,7,9,13,13,18,18,22,22,25,50,51,51,51,55,58,68,76,97,99,99,106,106,108,120,128,129,147,145,156,156,158,159,159,162,192,195,201,201,203,210,213,216,218,224,226,230,237,260,262,274,280,283,288,288,299,299,306,313,316,319,319,325,327,334,339,345,347,352,352,354,360,369,373,376,389,389,399,415,427,442,448,459,464,472,480,492,497
84037091,US,USA,840,37091.0,Hertford,North Carolina,US,36.3607755,-76.98104134,"Hertford, North Carolina, US",0,0,0,0,0,0,0,0,0,0,0,0,0,0,0,0,0,0,0,0,0,0,0,0,0,0,0,0,0,0,0,0,0,0,0,0,0,0,0,0,0,0,0,0,0,0,0,0,0,0,0,0,0,0,0,0,0,0,0,0,0,1,1,2,3,3,3,2,3,4,4,4,4,4,4,4,5,5,5,5,4,5,4,4,4,4,7,7,9,9,10,11,14,17,32,27,28,32,34,37,39,40,42,44,45,46,46,46,48,49,51,51,51,51,51,51,52,53,53,60,60,61,65,66,69,72,72,72,89,117,120,128,128,132,132,133,134,135,135,135,140,140,143,149,150,151,152,152,153,153,154,156
84037093,US,USA,840,37093.0,Hoke,North Carolina,US,35.01888303,-79.23651674,"Hoke, North Carolina, US",0,0,0,0,0,0,0,0,0,0,0,0,0,0,0,0,0,0,0,0,0,0,0,0,0,0,0,0,0,0,0,0,0,0,0,0,0,0,0,0,0,0,0,0,0,0,0,0,0,0,0,0,0,0,0,0,1,1,1,1,1,1,1,2,2,2,2,3,3,4,4,7,9,10,10,11,12,13,15,16,18,18,18,20,22,22,22,23,23,23,25,30,34,40,46,49,61,67,72,80,82,97,97,97,101,103,113,117,120,120,123,123,128,134,140,148,149,152,152,166,166,175,187,192,197,201,214,227,232,239,240,243,248,255,259,262,271,278,278,278,288,291,296,298,299,300,303,308,312,319,323,326
84037095,US,USA,840,37095.0,Hyde,North Carolina,US,35.42017674,-76.15180542,"Hyde, North Carolina, US",0,0,0,0,0,0,0,0,0,0,0,0,0,0,0,0,0,0,0,0,0,0,0,0,0,0,0,0,0,0,0,0,0,0,0,0,0,0,0,0,0,0,0,0,0,0,0,0,0,0,0,0,0,0,0,0,0,0,0,1,1,1,1,1,1,1,1,1,0,0,0,0,0,0,0,0,0,0,0,0,0,0,0,0,0,0,0,0,0,0,0,0,0,0,1,1,1,1,1,1,1,1,1,1,1,1,1,1,1,1,1,1,1,1,1,1,1,1,1,1,1,1,1,1,1,1,1,1,1,1,1,1,1,1,1,2,2,2,2,2,2,2,2,2,3,3,3,3,3,3,6,6
84037097,US,USA,840,37097.0,Iredell,North Carolina,US,35.80950511,-80.8743128,"Iredell, North Carolina, US",0,0,0,0,0,0,0,0,0,0,0,0,0,0,0,0,0,0,0,0,0,0,0,0,0,0,0,0,0,0,0,0,0,0,0,0,0,0,0,0,0,0,0,0,0,0,0,0,0,0,0,0,0,0,1,1,1,2,2,2,6,8,9,11,13,15,18,21,25,25,25,36,36,42,44,52,54,57,60,63,71,71,71,71,72,77,81,81,81,82,88,94,94,98,98,99,104,104,108,112,112,119,119,120,131,138,138,141,147,151,153,158,164,168,170,181,188,192,192,202,203,213,219,228,230,233,236,239,251,254,259,268,273,280,289,301,325,332,348,348,363,378,404,419,441,446,454,475,479,523,529,540
84037099,US,USA,840,37099.0,Jackson,North Carolina,US,35.28814273,-83.14093385,"Jackson, North Carolina, US",0,0,0,0,0,0,0,0,0,0,0,0,0,0,0,0,0,0,0,0,0,0,0,0,0,0,0,0,0,0,0,0,0,0,0,0,0,0,0,0,0,0,0,0,0,0,0,0,0,0,0,0,0,0,0,0,0,0,0,0,0,1,1,1,1,1,1,1,1,1,1,1,2,2,2,2,2,2,2,3,2,2,2,2,4,5,5,5,5,5,5,5,5,5,5,9,9,10,15,15,15,16,16,16,20,20,20,21,21,22,22,22,23,23,23,24,24,24,24,27,27,27,27,27,27,27,27,33,33,33,33,34,34,38,38,38,44,47,50,50,55,55,59,59,59,59,59,61,64,65,66,71
84037101,US,USA,840,37101.0,Johnston,North Carolina,US,35.51745004,-78.36622717,"Johnston, North Carolina, US",0,0,0,0,0,0,0,0,0,0,0,0,0,0,0,0,0,0,0,0,0,0,0,0,0,0,0,0,0,0,0,0,0,0,0,0,0,0,0,0,0,0,0,0,0,0,0,0,0,0,1,1,2,2,2,2,2,2,3,3,3,3,4,8,9,9,9,10,10,14,17,20,25,32,33,37,47,51,57,80,92,97,101,104,107,113,114,121,123,123,123,123,125,128,130,135,139,145,149,158,159,164,174,174,187,189,189,191,201,205,212,214,220,228,233,234,247,259,259,276,276,314,320,331,351,361,365,408,428,440,456,466,471,513,519,554,601,620,648,669,677,699,756,802,849,875,903,935,968,991,1058,1111
84037103,US,USA,840,37103.0,Jones,North Carolina,US,35.02254606,-77.35870791,"Jones, North Carolina, US",0,0,0,0,0,0,0,0,0,0,0,0,0,0,0,0,0,0,0,0,0,0,0,0,0,0,0,0,0,0,0,0,0,0,0,0,0,0,0,0,0,0,0,0,0,0,0,0,0,0,0,0,0,0,0,0,0,0,0,0,0,0,0,0,0,0,0,0,0,0,0,0,0,0,0,0,2,3,3,3,6,7,7,7,9,9,9,9,9,9,9,12,12,12,12,14,12,12,12,14,15,17,18,18,18,19,19,19,19,18,20,20,21,21,21,21,21,23,23,23,23,26,28,28,28,28,28,28,28,28,28,28,28,28,28,28,28,28,28,28,28,28,28,28,28,28,28,28,28,27,26,28
84037105,US,USA,840,37105.0,Lee,North Carolina,US,35.47623147,-79.17569362,"Lee, North Carolina, US",0,0,0,0,0,0,0,0,0,0,0,0,0,0,0,0,0,0,0,0,0,0,0,0,0,0,0,0,0,0,0,0,0,0,0,0,0,0,0,0,0,0,0,0,0,0,0,0,0,0,0,0,0,0,0,0,0,0,1,1,1,1,1,1,2,2,2,2,2,3,3,3,3,3,3,3,4,5,4,4,8,15,15,15,16,18,30,30,34,38,45,66,65,92,101,104,125,127,142,169,169,197,198,202,207,228,229,238,246,268,277,278,290,299,305,308,317,322,322,341,343,359,362,364,372,372,376,396,428,432,455,460,466,486,490,505,515,530,534,534,554,561,574,581,590,596,604,606,625,634,698,717
84037107,US,USA,840,37107.0,Lenoir,North Carolina,US,35.24032589999999,-77.64245615,"Lenoir, North Carolina, US",0,0,0,0,0,0,0,0,0,0,0,0,0,0,0,0,0,0,0,0,0,0,0,0,0,0,0,0,0,0,0,0,0,0,0,0,0,0,0,0,0,0,0,0,0,0,0,0,0,0,0,0,0,0,0,0,0,0,0,0,0,0,1,2,3,3,3,3,3,3,3,5,7,7,7,8,10,11,14,14,14,14,15,15,15,16,17,18,21,21,27,34,34,37,47,43,45,56,60,67,68,82,82,84,92,95,97,105,113,118,122,124,132,141,141,147,153,158,158,164,168,179,182,187,193,193,197,200,209,215,216,217,217,222,222,229,233,235,241,257,261,266,277,286,291,298,303,305,316,324,329,342
84037109,US,USA,840,37109.0,Lincoln,North Carolina,US,35.48508185,-81.21740317,"Lincoln, North Carolina, US",0,0,0,0,0,0,0,0,0,0,0,0,0,0,0,0,0,0,0,0,0,0,0,0,0,0,0,0,0,0,0,0,0,0,0,0,0,0,0,0,0,0,0,0,0,0,0,0,0,0,0,0,0,0,0,1,1,1,1,1,1,1,1,1,1,1,1,3,3,4,4,8,9,9,9,9,11,11,12,13,15,15,15,15,15,18,20,20,19,19,22,24,25,25,25,25,25,25,27,27,27,28,28,32,35,37,37,39,39,40,40,40,44,44,44,45,48,48,48,52,52,56,58,58,60,60,61,63,67,67,69,70,72,78,87,93,101,101,105,105,108,113,118,125,138,140,148,157,164,172,178,186
84037111,US,USA,840,37111.0,McDowell,North Carolina,US,35.67736232,-82.0482425,"McDowell, North Carolina, US",0,0,0,0,0,0,0,0,0,0,0,0,0,0,0,0,0,0,0,0,0,0,0,0,0,0,0,0,0,0,0,0,0,0,0,0,0,0,0,0,0,0,0,0,0,0,0,0,0,0,0,0,0,0,0,0,0,0,0,0,0,0,2,2,2,2,5,5,5,7,8,8,8,9,9,10,10,13,13,16,16,16,16,18,20,20,20,20,20,20,21,21,21,21,21,21,24,24,25,25,25,25,27,27,28,28,28,29,29,30,30,30,30,30,30,30,30,32,32,33,33,38,38,39,51,51,52,53,53,64,73,76,82,82,82,86,95,100,101,101,106,121,129,142,151,159,163,168,172,174,185,197
84037113,US,USA,840,37113.0,Macon,North Carolina,US,35.14867843,-83.41696617,"Macon, North Carolina, US",0,0,0,0,0,0,0,0,0,0,0,0,0,0,0,0,0,0,0,0,0,0,0,0,0,0,0,0,0,0,0,0,0,0,0,0,0,0,0,0,0,0,0,0,0,0,0,0,0,0,0,0,0,0,0,0,0,0,0,0,0,0,0,0,0,0,0,0,0,0,0,1,1,1,1,1,1,1,2,2,2,2,2,2,2,2,2,2,2,2,2,2,2,2,2,2,2,2,2,3,3,3,3,3,3,3,3,3,3,3,3,3,3,3,3,4,4,5,5,5,5,7,8,9,18,18,18,19,47,62,70,84,89,89,98,119,120,121,146,146,158,159,178,185,217,231,237,237,237,243,247,252
84037115,US,USA,840,37115.0,Madison,North Carolina,US,35.85402722,-82.71346418,"Madison, North Carolina, US",0,0,0,0,0,0,0,0,0,0,0,0,0,0,0,0,0,0,0,0,0,0,0,0,0,0,0,0,0,0,0,0,0,0,0,0,0,0,0,0,0,0,0,0,0,0,0,0,0,0,0,0,0,0,0,0,0,0,0,0,0,0,0,0,0,0,0,0,0,0,0,0,0,0,0,0,0,0,0,0,0,0,0,0,0,0,0,0,0,0,0,0,0,0,1,1,1,1,1,1,1,1,1,1,1,1,1,1,1,1,1,1,1,1,1,1,2,2,2,2,2,4,4,4,4,4,4,4,4,4,4,4,4,4,4,4,4,4,4,4,4,4,4,5,5,5,5,5,5,5,6,6
84037117,US,USA,840,37117.0,Martin,North Carolina,US,35.84326734,-77.10860251,"Martin, North Carolina, US",0,0,0,0,0,0,0,0,0,0,0,0,0,0,0,0,0,0,0,0,0,0,0,0,0,0,0,0,0,0,0,0,0,0,0,0,0,0,0,0,0,0,0,0,0,0,0,0,0,0,0,0,0,0,0,0,0,0,0,0,0,0,0,0,0,0,0,0,0,3,3,3,3,3,3,3,4,4,4,5,5,6,6,7,7,7,8,8,9,9,11,11,12,13,16,15,15,16,16,16,16,18,20,21,21,25,27,28,29,29,31,33,33,34,34,35,35,36,36,39,39,48,52,52,54,56,61,62,65,70,72,73,73,74,74,74,77,77,77,77,78,82,88,94,96,100,101,101,103,106,111,112
84037119,US,USA,840,37119.0,Mecklenburg,North Carolina,US,35.24469268,-80.8317671,"Mecklenburg, North Carolina, US",0,0,0,0,0,0,0,0,0,0,0,0,0,0,0,0,0,0,0,0,0,0,0,0,0,0,0,0,0,0,0,0,0,0,0,0,0,0,0,0,0,0,0,0,0,0,0,0,0,0,2,1,2,4,7,11,14,30,43,77,77,97,142,170,204,259,299,336,382,420,444,533,601,650,664,741,810,848,861,906,935,954,970,993,1015,1098,1136,1153,1183,1231,1255,1331,1377,1407,1450,1482,1492,1519,1567,1627,1651,1699,1724,1734,1787,1870,1922,1989,2043,2074,2134,2158,2283,2342,2385,2504,2591,2652,2652,2780,2780,3001,3142,3231,3380,3403,3478,3605,3837,4028,4250,4412,4519,4670,4842,5057,5358,5509,5682,5682,5861,6155,6538,6862,7131,7321,7468,7563,7804,8166,8511,8752
84037121,US,USA,840,37121.0,Mitchell,North Carolina,US,36.01059309,-82.1582442,"Mitchell, North Carolina, US",0,0,0,0,0,0,0,0,0,0,0,0,0,0,0,0,0,0,0,0,0,0,0,0,0,0,0,0,0,0,0,0,0,0,0,0,0,0,0,0,0,0,0,0,0,0,0,0,0,0,0,0,0,0,0,0,0,0,0,0,0,0,0,0,1,1,1,1,1,1,1,1,1,2,2,2,3,3,3,3,4,4,4,4,4,4,5,5,5,5,7,7,5,5,5,5,5,5,5,5,5,5,5,5,5,5,5,5,5,5,5,5,5,5,5,8,8,8,8,8,8,9,9,9,9,9,9,9,12,12,14,14,15,15,16,17,17,17,17,17,17,17,17,17,17,17,18,19,23,24,25,25
84037123,US,USA,840,37123.0,Montgomery,North Carolina,US,35.33155144,-79.90416657,"Montgomery, North Carolina, US",0,0,0,0,0,0,0,0,0,0,0,0,0,0,0,0,0,0,0,0,0,0,0,0,0,0,0,0,0,0,0,0,0,0,0,0,0,0,0,0,0,0,0,0,0,0,0,0,0,0,0,0,0,0,0,0,0,0,0,1,1,1,1,1,3,3,3,3,3,5,5,6,8,10,10,10,11,13,13,13,13,13,13,15,16,17,17,17,18,18,18,18,19,21,21,21,32,32,37,38,38,38,38,38,38,41,43,43,43,45,46,46,46,47,48,56,56,57,57,68,68,78,84,84,86,98,98,104,113,123,128,128,132,162,162,162,162,162,165,165,170,205,205,205,205,210,211,218,229,234,245,246
84037125,US,USA,840,37125.0,Moore,North Carolina,US,35.30885257,-79.48474178,"Moore, North Carolina, US",0,0,0,0,0,0,0,0,0,0,0,0,0,0,0,0,0,0,0,0,0,0,0,0,0,0,0,0,0,0,0,0,0,0,0,0,0,0,0,0,0,0,0,0,0,0,0,0,0,0,0,0,0,0,0,0,1,2,2,2,2,2,2,2,3,3,5,7,8,8,8,11,11,12,14,14,20,37,57,74,84,84,84,84,88,89,89,93,93,93,95,99,104,104,108,108,116,116,125,125,125,125,125,140,147,148,148,148,148,151,156,156,162,164,164,164,164,167,167,173,183,198,198,198,198,198,213,220,220,220,224,224,224,235,241,248,253,259,259,266,266,288,288,298,317,318,319,320,335,337,355,370
84037127,US,USA,840,37127.0,Nash,North Carolina,US,35.96575634,-77.98422508,"Nash, North Carolina, US",0,0,0,0,0,0,0,0,0,0,0,0,0,0,0,0,0,0,0,0,0,0,0,0,0,0,0,0,0,0,0,0,0,0,0,0,0,0,0,0,0,0,0,0,0,0,0,0,0,0,0,0,0,0,0,0,0,0,0,0,1,1,4,4,4,4,4,4,4,9,11,11,16,18,21,21,24,25,27,29,32,33,36,39,42,45,52,53,61,61,67,74,74,74,80,88,85,84,88,92,97,99,99,100,103,106,107,116,118,123,123,129,137,146,149,149,149,153,153,158,163,166,174,178,182,184,184,186,193,201,204,206,210,213,218,223,228,236,242,242,248,255,262,277,282,292,294,301,311,323,341,348
84037129,US,USA,840,37129.0,New Hanover,North Carolina,US,34.25758282,-77.87075626,"New Hanover, North Carolina, US",0,0,0,0,0,0,0,0,0,0,0,0,0,0,0,0,0,0,0,0,0,0,0,0,0,0,0,0,0,0,0,0,0,0,0,0,0,0,0,0,0,0,0,0,0,0,0,0,0,0,0,0,0,0,0,0,1,1,1,4,4,4,10,10,14,15,25,25,27,34,34,42,42,42,47,47,51,53,53,55,55,59,61,62,63,66,68,68,68,68,69,69,74,76,76,78,79,79,79,79,79,79,79,89,91,97,97,97,97,107,117,117,117,124,127,127,127,140,140,142,146,152,152,153,156,163,168,171,193,193,195,208,208,225,225,230,252,259,270,278,304,304,315,334,356,385,413,421,449,489,535,557
84037131,US,USA,840,37131.0,Northampton,North Carolina,US,36.41736238,-77.39769443,"Northampton, North Carolina, US",0,0,0,0,0,0,0,0,0,0,0,0,0,0,0,0,0,0,0,0,0,0,0,0,0,0,0,0,0,0,0,0,0,0,0,0,0,0,0,0,0,0,0,0,0,0,0,0,0,0,0,0,0,0,0,0,0,0,0,0,0,1,1,1,3,3,3,25,26,30,30,30,36,38,42,46,53,54,55,57,61,61,62,65,69,70,70,70,72,72,74,75,75,79,83,82,82,82,82,86,87,89,89,92,93,93,102,102,102,118,123,123,125,128,129,129,129,130,130,131,131,137,137,138,140,147,149,149,156,156,156,156,156,165,165,165,165,165,165,170,170,170,170,170,170,170,171,171,174,176,173,175
84037133,US,USA,840,37133.0,Onslow,North Carolina,US,34.72607366,-77.42908179,"Onslow, North Carolina, US",0,0,0,0,0,0,0,0,0,0,0,0,0,0,0,0,0,0,0,0,0,0,0,0,0,0,0,0,0,0,0,0,0,0,0,0,0,0,0,0,0,0,0,0,0,0,0,0,0,0,0,1,1,1,1,1,1,1,1,3,3,3,3,4,4,4,4,4,4,7,7,8,10,16,17,21,23,24,26,28,34,34,34,35,36,37,37,37,37,37,38,38,39,40,44,42,43,43,43,45,46,51,51,51,51,52,53,53,54,53,56,58,63,63,67,70,71,75,75,80,80,87,94,97,98,98,98,98,100,108,110,110,112,114,117,120,121,134,134,134,136,145,149,156,159,160,166,178,180,188,206,211
84037135,US,USA,840,37135.0,Orange,North Carolina,US,36.06092947,-79.12167935,"Orange, North Carolina, US",0,0,0,0,0,0,0,0,0,0,0,0,0,0,0,0,0,0,0,0,0,0,0,0,0,0,0,0,0,0,0,0,0,0,0,0,0,0,0,0,0,0,0,0,0,0,0,0,0,0,0,0,0,0,0,1,0,0,4,4,6,6,6,13,16,24,24,29,30,34,34,37,44,52,52,67,73,81,98,104,141,150,151,155,159,172,175,183,187,187,189,195,199,200,209,208,208,209,217,217,219,223,226,229,230,230,239,244,248,252,253,259,259,263,266,269,275,277,277,289,289,291,294,302,309,311,314,320,326,340,348,357,360,364,370,377,388,398,405,405,415,427,440,453,474,478,479,487,497,506,522,538
84037137,US,USA,840,37137.0,Pamlico,North Carolina,US,35.15253315,-76.66559823,"Pamlico, North Carolina, US",0,0,0,0,0,0,0,0,0,0,0,0,0,0,0,0,0,0,0,0,0,0,0,0,0,0,0,0,0,0,0,0,0,0,0,0,0,0,0,0,0,0,0,0,0,0,0,0,0,0,0,0,0,0,0,0,0,0,0,0,0,0,0,0,0,0,0,0,1,1,1,2,3,3,3,3,3,3,3,4,5,6,6,6,6,6,6,6,6,6,6,6,6,7,7,7,7,7,7,7,7,8,8,8,8,8,8,8,8,8,8,8,8,8,8,8,8,9,9,9,9,10,10,10,10,10,10,10,10,10,10,10,10,10,10,10,10,12,13,13,13,14,15,15,15,15,15,15,15,16,15,15
84037139,US,USA,840,37139.0,Pasquotank,North Carolina,US,36.26723798,-76.25134778,"Pasquotank, North Carolina, US",0,0,0,0,0,0,0,0,0,0,0,0,0,0,0,0,0,0,0,0,0,0,0,0,0,0,0,0,0,0,0,0,0,0,0,0,0,0,0,0,0,0,0,0,0,0,0,0,0,0,0,0,0,0,0,0,0,1,1,1,1,1,1,1,1,1,1,2,2,4,4,7,7,8,8,8,9,10,10,11,15,15,15,15,15,16,20,20,20,32,32,32,33,34,34,34,34,35,36,36,36,36,37,37,38,38,39,75,81,82,82,82,82,81,83,87,88,88,88,90,90,95,95,96,96,96,100,104,104,105,105,105,110,112,115,117,119,119,119,119,120,125,128,131,131,131,131,147,152,153,155,163
84037141,US,USA,840,37141.0,Pender,North Carolina,US,34.52265624,-77.90352133,"Pender, North Carolina, US",0,0,0,0,0,0,0,0,0,0,0,0,0,0,0,0,0,0,0,0,0,0,0,0,0,0,0,0,0,0,0,0,0,0,0,0,0,0,0,0,0,0,0,0,0,0,0,0,0,0,0,0,0,0,0,0,0,0,0,0,0,0,0,0,0,0,0,0,0,0,0,0,1,1,1,2,2,2,3,4,5,5,5,5,5,5,5,6,7,8,9,11,11,11,11,12,12,11,11,13,13,16,16,17,17,19,20,23,36,39,39,39,42,43,43,44,45,49,49,50,50,64,65,70,72,72,74,76,76,75,80,83,83,93,93,98,103,108,113,113,117,122,123,129,140,143,143,145,149,162,162,166
84037143,US,USA,840,37143.0,Perquimans,North Carolina,US,36.17847453,-76.40603143,"Perquimans, North Carolina, US",0,0,0,0,0,0,0,0,0,0,0,0,0,0,0,0,0,0,0,0,0,0,0,0,0,0,0,0,0,0,0,0,0,0,0,0,0,0,0,0,0,0,0,0,0,0,0,0,0,0,0,0,0,0,0,0,0,0,0,0,0,0,0,0,0,0,1,1,1,1,1,1,1,1,2,2,2,2,2,3,4,4,4,8,12,12,8,8,8,8,8,8,8,10,10,10,11,12,13,13,14,14,14,14,14,14,14,14,17,17,17,19,19,20,21,23,23,23,23,23,23,23,23,23,23,23,23,23,24,24,24,24,25,25,25,26,26,26,26,26,26,28,29,29,29,29,30,30,30,30,30,30
84037145,US,USA,840,37145.0,Person,North Carolina,US,36.38989032,-78.97217358,"Person, North Carolina, US",0,0,0,0,0,0,0,0,0,0,0,0,0,0,0,0,0,0,0,0,0,0,0,0,0,0,0,0,0,0,0,0,0,0,0,0,0,0,0,0,0,0,0,0,0,0,0,0,0,0,0,0,0,0,0,0,0,0,0,0,0,0,0,1,1,1,1,1,1,2,2,2,2,4,4,6,7,7,8,8,8,8,8,11,13,13,15,16,16,16,18,18,19,19,19,19,19,19,20,20,21,22,23,23,23,23,27,29,30,30,31,31,32,32,32,32,32,33,33,34,34,34,37,37,37,38,39,44,45,48,48,50,50,54,55,57,57,58,61,61,65,70,72,73,79,79,82,83,86,88,91,92
84037147,US,USA,840,37147.0,Pitt,North Carolina,US,35.59535426,-77.37353178,"Pitt, North Carolina, US",0,0,0,0,0,0,0,0,0,0,0,0,0,0,0,0,0,0,0,0,0,0,0,0,0,0,0,0,0,0,0,0,0,0,0,0,0,0,0,0,0,0,0,0,0,0,0,0,0,0,0,0,0,0,0,0,0,1,2,2,3,6,6,6,8,8,10,15,20,27,27,29,33,35,36,36,44,51,57,60,62,63,65,69,72,80,85,89,93,93,96,99,101,104,143,111,111,116,120,123,124,128,129,135,144,147,152,160,162,165,169,178,182,185,196,202,207,213,213,228,228,246,254,257,264,267,267,273,286,295,304,313,316,321,326,332,382,394,397,397,416,432,451,464,481,493,500,502,507,528,553,561
84037149,US,USA,840,37149.0,Polk,North Carolina,US,35.27820615,-82.16812354,"Polk, North Carolina, US",0,0,0,0,0,0,0,0,0,0,0,0,0,0,0,0,0,0,0,0,0,0,0,0,0,0,0,0,0,0,0,0,0,0,0,0,0,0,0,0,0,0,0,0,0,0,0,0,0,0,0,0,0,0,0,0,0,0,0,0,0,0,0,0,0,1,2,2,2,3,4,4,6,6,6,8,8,8,8,8,9,9,9,9,9,9,9,10,10,10,10,11,11,13,13,12,17,17,19,20,23,23,25,25,26,27,30,31,31,31,31,31,31,32,32,32,32,32,32,35,35,35,35,35,35,35,35,35,35,36,37,37,37,39,43,45,47,47,48,48,51,51,53,55,55,55,55,56,61,63,63,65
84037151,US,USA,840,37151.0,Randolph,North Carolina,US,35.71015088,-79.80570339,"Randolph, North Carolina, US",0,0,0,0,0,0,0,0,0,0,0,0,0,0,0,0,0,0,0,0,0,0,0,0,0,0,0,0,0,0,0,0,0,0,0,0,0,0,0,0,0,0,0,0,0,0,0,0,0,0,0,0,0,0,0,0,0,0,0,0,0,1,3,3,3,8,9,15,15,17,17,19,19,26,29,33,35,37,42,46,51,51,53,55,60,63,67,69,74,77,78,97,97,107,118,128,154,154,168,205,209,228,238,242,255,285,290,307,317,338,354,355,389,407,422,438,455,461,461,486,495,543,549,567,601,613,624,639,651,659,665,678,678,728,730,751,779,792,801,829,862,866,882,908,921,927,947,969,997,1013,1032,1054
84037153,US,USA,840,37153.0,Richmond,North Carolina,US,35.00417719,-79.74491009,"Richmond, North Carolina, US",0,0,0,0,0,0,0,0,0,0,0,0,0,0,0,0,0,0,0,0,0,0,0,0,0,0,0,0,0,0,0,0,0,0,0,0,0,0,0,0,0,0,0,0,0,0,0,0,0,0,0,0,0,0,0,0,0,0,0,0,0,0,0,0,0,0,0,0,0,0,0,0,0,0,0,1,1,2,2,5,7,10,10,12,14,15,17,18,19,20,20,22,28,30,36,36,36,42,42,47,48,55,57,58,61,65,80,81,89,90,91,91,98,103,104,112,112,115,115,121,121,132,145,145,146,152,153,162,162,163,163,165,165,170,171,180,182,184,184,184,188,190,196,201,209,211,215,215,221,223,228,233
84037155,US,USA,840,37155.0,Robeson,North Carolina,US,34.64244496,-79.10250529999998,"Robeson, North Carolina, US",0,0,0,0,0,0,0,0,0,0,0,0,0,0,0,0,0,0,0,0,0,0,0,0,0,0,0,0,0,0,0,0,0,0,0,0,0,0,0,0,0,0,0,0,0,0,0,0,0,0,0,0,0,0,0,0,0,0,0,1,1,1,2,2,2,2,2,2,2,3,3,3,3,5,5,5,6,7,7,7,7,8,11,11,11,15,20,22,25,27,34,44,53,85,92,97,104,106,162,162,175,201,201,204,281,323,323,327,365,388,391,417,459,519,519,531,531,531,531,591,628,646,646,663,670,674,680,737,786,786,824,824,824,885,905,905,905,905,905,983,1001,1001,1040,1040,1040,1040,1040,1127,1127,1127,1056,1085
84037157,US,USA,840,37157.0,Rockingham,North Carolina,US,36.39593137,-79.77504841,"Rockingham, North Carolina, US",0,0,0,0,0,0,0,0,0,0,0,0,0,0,0,0,0,0,0,0,0,0,0,0,0,0,0,0,0,0,0,0,0,0,0,0,0,0,0,0,0,0,0,0,0,0,0,0,0,0,0,0,0,0,0,0,0,0,0,0,0,0,0,0,0,0,0,0,0,2,2,2,3,5,6,6,8,8,9,10,14,14,14,16,18,18,16,16,18,19,20,20,22,22,23,24,24,24,25,26,26,26,26,27,30,34,36,38,39,40,43,43,43,44,44,45,46,46,46,49,49,59,65,69,72,72,73,76,86,92,94,97,100,102,103,106,113,115,116,116,118,123,124,130,135,137,141,147,150,157,163,166
84037159,US,USA,840,37159.0,Rowan,North Carolina,US,35.64003916,-80.52446628,"Rowan, North Carolina, US",0,0,0,0,0,0,0,0,0,0,0,0,0,0,0,0,0,0,0,0,0,0,0,0,0,0,0,0,0,0,0,0,0,0,0,0,0,0,0,0,0,0,0,0,0,0,0,0,0,0,0,0,0,0,0,0,0,1,2,2,2,4,5,6,12,12,12,17,18,23,24,31,37,44,46,51,62,64,71,75,105,111,204,204,216,216,231,244,248,250,256,269,290,323,342,346,352,353,366,381,382,388,388,392,417,439,452,467,480,483,488,488,497,510,517,525,526,540,540,562,570,597,603,605,609,612,613,619,629,640,654,673,675,688,707,720,735,761,771,772,788,808,835,862,888,901,921,937,957,978,995,1019
84037161,US,USA,840,37161.0,Rutherford,North Carolina,US,35.40114178,-81.92112099,"Rutherford, North Carolina, US",0,0,0,0,0,0,0,0,0,0,0,0,0,0,0,0,0,0,0,0,0,0,0,0,0,0,0,0,0,0,0,0,0,0,0,0,0,0,0,0,0,0,0,0,0,0,0,0,0,0,0,0,0,0,0,0,0,0,0,0,0,0,0,0,0,0,0,0,2,5,5,9,12,12,15,21,21,25,31,31,37,37,40,45,47,58,59,65,75,84,84,84,92,105,108,118,121,121,125,139,140,142,145,147,147,147,148,149,152,152,154,154,154,154,153,153,153,153,153,155,156,161,161,164,168,171,174,174,174,182,182,182,186,186,188,191,194,198,200,200,200,200,205,217,226,226,226,226,233,241,242,255
84037163,US,USA,840,37163.0,Sampson,North Carolina,US,34.98820368,-78.36914061,"Sampson, North Carolina, US",0,0,0,0,0,0,0,0,0,0,0,0,0,0,0,0,0,0,0,0,0,0,0,0,0,0,0,0,0,0,0,0,0,0,0,0,0,0,0,0,0,0,0,0,0,0,0,0,0,0,0,0,0,0,0,1,1,1,1,1,1,1,1,1,1,1,1,1,1,1,1,1,2,2,2,5,5,5,10,10,11,11,13,13,17,17,18,19,22,22,22,23,25,31,36,39,39,44,51,63,65,83,88,88,100,108,126,136,145,156,167,170,193,211,219,232,244,259,259,273,302,345,367,385,408,409,409,413,429,462,479,499,499,510,531,553,571,597,621,621,627,642,702,728,760,779,783,791,802,835,865,877
84037165,US,USA,840,37165.0,Scotland,North Carolina,US,34.8386299,-79.4757978,"Scotland, North Carolina, US",0,0,0,0,0,0,0,0,0,0,0,0,0,0,0,0,0,0,0,0,0,0,0,0,0,0,0,0,0,0,0,0,0,0,0,0,0,0,0,0,0,0,0,0,0,0,0,0,0,0,0,0,0,0,0,0,0,0,0,0,1,1,1,1,1,1,1,2,2,2,2,2,2,2,2,2,3,3,4,4,9,9,9,9,9,9,11,11,12,12,13,15,16,17,21,22,23,24,24,24,26,29,29,30,30,32,34,36,36,40,41,43,44,46,48,50,52,53,53,56,56,60,62,64,67,68,69,78,84,84,85,86,86,87,89,90,95,97,98,98,99,102,104,107,107,111,114,114,114,120,123,123
84037167,US,USA,840,37167.0,Stanly,North Carolina,US,35.31647813,-80.25093221,"Stanly, North Carolina, US",0,0,0,0,0,0,0,0,0,0,0,0,0,0,0,0,0,0,0,0,0,0,0,0,0,0,0,0,0,0,0,0,0,0,0,0,0,0,0,0,0,0,0,0,0,0,0,0,0,0,0,0,0,0,0,0,0,0,0,0,0,0,0,0,0,0,3,5,5,5,5,5,7,7,7,8,8,8,10,11,14,16,17,17,17,19,20,20,20,21,21,22,24,24,28,28,29,29,29,29,29,29,29,30,30,30,30,30,30,30,30,30,30,32,32,32,32,32,32,33,33,37,42,45,50,53,54,55,57,72,78,82,86,92,96,103,115,118,118,118,124,130,144,150,163,164,167,174,180,195,208,234
84037169,US,USA,840,37169.0,Stokes,North Carolina,US,36.4017975,-80.23893369,"Stokes, North Carolina, US",0,0,0,0,0,0,0,0,0,0,0,0,0,0,0,0,0,0,0,0,0,0,0,0,0,0,0,0,0,0,0,0,0,0,0,0,0,0,0,0,0,0,0,0,0,0,0,0,0,0,0,0,0,0,0,0,0,0,0,0,0,0,0,0,0,0,0,0,0,0,2,3,5,5,6,8,8,8,8,8,10,10,10,10,10,10,10,10,10,10,10,10,11,11,11,11,11,11,11,11,11,11,11,11,11,11,11,11,11,11,11,14,22,22,23,26,30,36,36,39,39,42,50,55,56,57,58,60,65,66,67,69,69,75,79,81,83,85,86,86,89,90,91,92,94,95,95,96,98,101,102,105
84037171,US,USA,840,37171.0,Surry,North Carolina,US,36.41689489,-80.69102283,"Surry, North Carolina, US",0,0,0,0,0,0,0,0,0,0,0,0,0,0,0,0,0,0,0,0,0,0,0,0,0,0,0,0,0,0,0,0,0,0,0,0,0,0,0,0,0,0,0,0,0,0,0,0,0,0,0,0,0,0,0,0,0,0,0,0,0,0,0,0,1,1,1,2,2,2,2,2,2,3,3,3,10,10,10,10,10,10,10,10,10,11,16,17,17,17,17,17,12,12,12,12,12,12,13,13,13,17,17,17,20,20,26,30,33,41,43,45,47,62,67,75,89,95,95,102,102,122,151,158,167,168,173,187,197,201,214,218,224,231,251,269,273,274,279,279,294,300,315,327,333,339,342,346,353,370,378,382
84037173,US,USA,840,37173.0,Swain,North Carolina,US,35.48665845,-83.48748932,"Swain, North Carolina, US",0,0,0,0,0,0,0,0,0,0,0,0,0,0,0,0,0,0,0,0,0,0,0,0,0,0,0,0,0,0,0,0,0,0,0,0,0,0,0,0,0,0,0,0,0,0,0,0,0,0,0,0,0,0,0,0,0,0,0,0,0,0,0,0,0,1,1,1,0,0,0,0,0,1,1,1,1,1,1,1,0,0,0,0,0,0,0,0,0,0,0,0,0,0,0,0,0,0,3,3,3,4,4,4,4,4,5,5,5,5,5,5,5,5,6,6,6,6,6,6,6,10,10,10,10,10,10,10,11,13,13,13,13,21,21,22,25,25,25,25,32,33,37,39,39,39,39,39,39,39,40,40
84037175,US,USA,840,37175.0,Transylvania,North Carolina,US,35.20383864,-82.79638423,"Transylvania, North Carolina, US",0,0,0,0,0,0,0,0,0,0,0,0,0,0,0,0,0,0,0,0,0,0,0,0,0,0,0,0,0,0,0,0,0,0,0,0,0,0,0,0,0,0,0,0,0,0,0,0,0,0,0,0,0,0,0,0,0,0,0,0,0,1,1,2,2,3,3,3,3,5,5,5,5,5,5,5,6,6,6,6,6,6,6,6,6,6,6,7,7,8,8,8,7,7,7,7,7,7,7,7,7,8,8,8,8,8,8,8,8,7,7,7,7,7,7,7,7,7,7,8,8,9,11,11,11,11,11,12,12,13,13,14,14,15,15,16,16,16,16,16,16,16,16,16,17,17,17,17,17,18,19,19
84037177,US,USA,840,37177.0,Tyrrell,North Carolina,US,35.87147226,-76.17055253,"Tyrrell, North Carolina, US",0,0,0,0,0,0,0,0,0,0,0,0,0,0,0,0,0,0,0,0,0,0,0,0,0,0,0,0,0,0,0,0,0,0,0,0,0,0,0,0,0,0,0,0,0,0,0,0,0,0,0,0,0,0,0,0,0,0,0,0,0,0,0,0,0,0,0,0,0,0,0,0,0,0,0,0,0,0,0,0,0,0,0,2,3,4,4,4,4,4,4,4,4,4,5,4,4,4,4,4,4,4,4,4,4,4,4,4,4,4,4,4,4,4,4,4,4,4,4,4,4,4,4,4,4,4,4,4,4,4,4,4,4,4,4,4,4,4,4,4,4,4,5,5,5,5,5,5,5,5,5,5
84037179,US,USA,840,37179.0,Union,North Carolina,US,34.98960527,-80.52955873,"Union, North Carolina, US",0,0,0,0,0,0,0,0,0,0,0,0,0,0,0,0,0,0,0,0,0,0,0,0,0,0,0,0,0,0,0,0,0,0,0,0,0,0,0,0,0,0,0,0,0,0,0,0,0,0,0,0,0,0,0,0,1,2,6,6,12,13,18,23,27,34,34,38,38,41,47,55,60,67,67,75,83,87,93,100,101,101,104,110,115,129,141,141,149,163,171,179,186,190,195,201,205,211,228,243,254,257,263,263,271,278,283,284,294,297,301,301,313,320,337,351,352,358,358,365,371,373,393,394,400,408,408,417,439,439,442,454,466,506,533,540,567,575,592,604,616,647,672,690,717,733,758,764,802,852,876,920
84037181,US,USA,840,37181.0,Vance,North Carolina,US,36.36880673,-78.40670845,"Vance, North Carolina, US",0,0,0,0,0,0,0,0,0,0,0,0,0,0,0,0,0,0,0,0,0,0,0,0,0,0,0,0,0,0,0,0,0,0,0,0,0,0,0,0,0,0,0,0,0,0,0,0,0,0,0,0,0,0,0,0,0,0,0,0,0,1,1,2,2,2,2,3,3,4,5,6,7,10,12,12,12,14,17,19,19,19,19,21,22,25,28,30,32,33,34,36,38,40,41,51,80,80,84,88,103,113,113,113,119,120,147,153,161,161,162,168,173,175,195,195,195,195,195,202,202,215,239,239,245,250,266,297,300,310,317,323,323,337,344,351,364,366,370,375,377,390,403,408,417,417,417,421,434,437,441,452
84037183,US,USA,840,37183.0,Wake,North Carolina,US,35.78879266,-78.65249174,"Wake, North Carolina, US",0,0,0,0,0,0,0,0,0,0,0,0,0,0,0,0,0,0,0,0,0,0,0,0,0,0,0,0,0,0,0,0,0,0,0,0,0,0,0,0,0,1,1,1,1,1,1,1,6,6,7,8,11,14,15,15,22,25,32,32,52,52,66,73,100,123,123,146,166,193,213,251,275,283,304,314,351,365,385,391,424,470,476,501,537,556,574,579,592,605,613,613,633,640,651,663,752,782,814,833,855,870,887,891,928,958,981,1008,1022,1038,1051,1076,1102,1132,1165,1199,1212,1253,1253,1307,1326,1393,1434,1448,1471,1509,1523,1604,1661,1683,1747,1773,1841,1901,1977,2067,2155,2235,2300,2378,2541,2601,2769,2892,3011,3099,3163,3249,3385,3529,3721,3884
84037185,US,USA,840,37185.0,Warren,North Carolina,US,36.39728256,-78.10652228,"Warren, North Carolina, US",0,0,0,0,0,0,0,0,0,0,0,0,0,0,0,0,0,0,0,0,0,0,0,0,0,0,0,0,0,0,0,0,0,0,0,0,0,0,0,0,0,0,0,0,0,0,0,0,0,0,0,0,0,0,0,0,0,0,0,0,0,0,0,0,0,0,0,0,0,0,0,0,1,1,2,3,3,3,3,3,3,3,3,3,3,3,3,3,3,3,3,3,3,3,4,4,4,6,9,10,15,15,16,17,17,18,19,22,23,23,23,23,23,25,26,28,29,29,29,36,36,48,54,54,54,54,54,57,58,62,63,63,64,70,72,82,89,89,93,93,113,118,125,129,133,133,136,136,142,144,146,148
84037187,US,USA,840,37187.0,Washington,North Carolina,US,35.83810081,-76.57299037,"Washington, North Carolina, US",0,0,0,0,0,0,0,0,0,0,0,0,0,0,0,0,0,0,0,0,0,0,0,0,0,0,0,0,0,0,0,0,0,0,0,0,0,0,0,0,0,0,0,0,0,0,0,0,0,0,0,0,0,0,0,0,0,0,0,0,0,0,0,0,0,0,0,1,1,2,2,2,3,3,3,6,7,8,10,13,15,15,17,18,18,18,18,19,20,21,22,22,22,23,25,24,24,24,24,24,24,24,24,25,25,25,25,25,25,25,25,25,25,26,26,26,26,26,26,26,26,26,26,26,26,26,27,27,27,27,29,30,30,32,32,32,32,32,32,32,32,32,33,34,35,35,35,35,35,35,37,37
84037189,US,USA,840,37189.0,Watauga,North Carolina,US,36.23103603,-81.70033724,"Watauga, North Carolina, US",0,0,0,0,0,0,0,0,0,0,0,0,0,0,0,0,0,0,0,0,0,0,0,0,0,0,0,0,0,0,0,0,0,0,0,0,0,0,0,0,0,0,0,0,0,0,0,0,0,0,0,0,0,1,1,1,3,2,2,2,2,2,3,3,3,5,5,5,5,5,6,8,8,8,8,8,8,8,8,8,8,8,8,8,8,8,8,8,8,8,8,8,8,8,8,8,8,8,8,9,9,9,9,9,9,9,9,9,9,9,9,9,9,9,9,9,9,11,11,12,12,13,13,13,13,13,14,15,15,19,23,23,27,31,35,37,38,40,41,41,41,41,41,43,43,44,44,44,44,44,45,47
84037191,US,USA,840,37191.0,Wayne,North Carolina,US,35.36438125,-78.00027268,"Wayne, North Carolina, US",0,0,0,0,0,0,0,0,0,0,0,0,0,0,0,0,0,0,0,0,0,0,0,0,0,0,0,0,0,0,0,0,0,0,0,0,0,0,0,0,0,0,0,0,0,0,0,0,0,0,0,1,1,1,1,1,1,1,1,1,1,1,2,3,3,3,3,3,4,5,5,7,11,12,15,23,32,34,47,52,69,69,72,78,87,103,246,378,463,572,581,585,597,603,618,630,635,641,651,655,658,674,677,685,688,688,699,715,726,743,752,755,760,775,801,819,832,867,867,888,888,949,980,1000,1031,1031,1047,1061,1088,1112,1138,1169,1179,1188,1212,1240,1268,1306,1335,1339,1367,1403,1448,1467,1512,1533,1535,1540,1565,1587,1622,1643
84037193,US,USA,840,37193.0,Wilkes,North Carolina,US,36.2084135,-81.16232895,"Wilkes, North Carolina, US",0,0,0,0,0,0,0,0,0,0,0,0,0,0,0,0,0,0,0,0,0,0,0,0,0,0,0,0,0,0,0,0,0,0,0,0,0,0,0,0,0,0,0,0,0,0,0,0,0,0,0,0,0,0,0,0,0,0,0,0,0,0,0,0,0,0,0,0,1,2,2,4,4,4,4,4,4,4,4,4,4,4,4,4,4,4,4,4,4,4,5,5,8,11,18,21,21,22,26,33,42,59,92,115,128,147,186,198,202,239,242,243,262,277,287,405,423,425,425,451,451,462,472,473,478,478,483,488,492,494,497,500,500,500,502,504,507,509,511,511,513,516,530,542,542,544,547,550,551,554,554,555
84037195,US,USA,840,37195.0,Wilson,North Carolina,US,35.70625477,-77.917978,"Wilson, North Carolina, US",0,0,0,0,0,0,0,0,0,0,0,0,0,0,0,0,0,0,0,0,0,0,0,0,0,0,0,0,0,0,0,0,0,0,0,0,0,0,0,0,0,0,0,0,0,0,0,0,0,0,0,0,0,0,1,1,1,1,2,2,3,4,4,6,7,7,7,10,13,13,15,17,21,28,28,29,36,38,42,47,58,64,70,74,79,83,96,109,112,116,118,127,130,146,148,151,151,155,159,165,165,173,175,180,182,192,192,199,203,212,216,216,217,221,222,229,238,249,249,256,261,275,309,314,319,321,330,331,338,347,356,360,363,384,403,413,426,443,445,447,456,464,482,496,507,518,524,540,545,556,594,603
84037197,US,USA,840,37197.0,Yadkin,North Carolina,US,36.16222629,-80.66239436,"Yadkin, North Carolina, US",0,0,0,0,0,0,0,0,0,0,0,0,0,0,0,0,0,0,0,0,0,0,0,0,0,0,0,0,0,0,0,0,0,0,0,0,0,0,0,0,0,0,0,0,0,0,0,0,0,0,0,0,0,0,0,0,0,0,0,0,0,0,0,0,0,0,1,1,1,3,3,4,6,6,9,9,9,9,9,10,10,14,14,14,11,11,11,11,11,11,11,11,12,12,12,12,12,15,17,17,17,23,23,24,25,27,33,39,49,54,54,60,79,80,92,98,103,109,109,123,124,128,131,132,145,146,153,154,169,169,171,177,181,203,203,208,215,216,217,221,225,225,228,233,239,248,251,255,259,269,272,280
84037199,US,USA,840,37199.0,Yancey,North Carolina,US,35.90079156,-82.31237181,"Yancey, North Carolina, US",0,0,0,0,0,0,0,0,0,0,0,0,0,0,0,0,0,0,0,0,0,0,0,0,0,0,0,0,0,0,0,0,0,0,0,0,0,0,0,0,0,0,0,0,0,0,0,0,0,0,0,0,0,0,0,0,0,0,0,0,0,0,0,0,0,0,0,0,0,0,0,0,0,0,0,0,0,0,0,0,0,0,0,0,0,0,0,0,0,0,0,0,0,0,0,0,0,0,0,0,0,0,1,1,1,1,7,7,8,9,9,9,9,8,8,8,8,10,10,10,10,10,10,10,10,10,11,12,14,14,14,15,15,18,18,18,21,21,21,21,23,23,23,24,26,27,29,31,33,35,35,35
84038001,US,USA,840,38001.0,Adams,North Dakota,US,46.09686891,-102.5285397,"Adams, North Dakota, US",0,0,0,0,0,0,0,0,0,0,0,0,0,0,0,0,0,0,0,0,0,0,0,0,0,0,0,0,0,0,0,0,0,0,0,0,0,0,0,0,0,0,0,0,0,0,0,0,0,0,0,0,0,0,0,0,0,0,0,0,0,0,0,0,0,0,0,0,0,0,0,0,0,0,0,0,0,0,0,0,0,0,0,0,0,0,0,0,0,0,0,0,0,0,0,0,0,0,0,0,0,0,0,0,0,0,0,0,0,0,0,0,0,0,0,0,0,0,0,0,0,0,0,0,0,0,0,0,0,0,0,0,0,0,0,0,0,0,0,0,0,0,0,0,0,0,0,0,0,0,0,0
84038003,US,USA,840,38003.0,Barnes,North Dakota,US,46.93579637,-98.06605978,"Barnes, North Dakota, US",0,0,0,0,0,0,0,0,0,0,0,0,0,0,0,0,0,0,0,0,0,0,0,0,0,0,0,0,0,0,0,0,0,0,0,0,0,0,0,0,0,0,0,0,0,0,0,0,0,0,0,0,0,0,0,0,0,0,0,0,0,0,0,0,0,0,2,2,2,2,2,2,2,2,2,2,2,2,2,2,2,2,2,2,2,2,2,3,3,3,3,3,3,3,4,4,4,4,4,4,4,4,4,4,4,4,4,4,4,4,4,4,4,4,4,4,4,4,4,4,4,4,4,4,4,4,4,4,4,4,4,5,5,5,6,6,9,9,9,9,9,9,9,9,9,9,9,11,16,16,16,18
84038005,US,USA,840,38005.0,Benson,North Dakota,US,48.0683985,-99.35916363,"Benson, North Dakota, US",0,0,0,0,0,0,0,0,0,0,0,0,0,0,0,0,0,0,0,0,0,0,0,0,0,0,0,0,0,0,0,0,0,0,0,0,0,0,0,0,0,0,0,0,0,0,0,0,0,0,0,0,0,0,0,0,0,0,0,0,0,0,0,0,0,0,0,0,0,0,0,0,0,0,0,0,0,0,0,0,0,0,0,0,0,0,0,0,0,0,0,0,0,0,0,0,0,0,0,0,0,0,0,0,0,0,2,2,2,2,2,2,2,1,1,1,1,1,1,1,1,1,1,1,1,1,1,1,1,1,1,1,1,1,1,1,2,2,2,3,3,3,3,3,3,3,3,3,3,3,3,3
84038007,US,USA,840,38007.0,Billings,North Dakota,US,47.02366884,-103.3762965,"Billings, North Dakota, US",0,0,0,0,0,0,0,0,0,0,0,0,0,0,0,0,0,0,0,0,0,0,0,0,0,0,0,0,0,0,0,0,0,0,0,0,0,0,0,0,0,0,0,0,0,0,0,0,0,0,0,0,0,0,0,0,0,0,0,0,0,0,0,0,0,0,0,0,0,0,0,0,0,0,0,0,0,0,0,0,0,0,0,0,0,0,0,0,0,0,0,0,0,0,0,0,0,0,0,0,0,0,0,0,0,0,0,0,0,0,0,0,0,0,0,0,0,0,0,0,0,0,0,0,0,0,0,0,0,0,0,0,0,0,0,0,0,0,0,0,0,0,0,0,0,0,0,0,0,0,1,1
84038009,US,USA,840,38009.0,Bottineau,North Dakota,US,48.79106111,-100.8378166,"Bottineau, North Dakota, US",0,0,0,0,0,0,0,0,0,0,0,0,0,0,0,0,0,0,0,0,0,0,0,0,0,0,0,0,0,0,0,0,0,0,0,0,0,0,0,0,0,0,0,0,0,0,0,0,0,0,0,0,0,0,0,0,0,0,0,0,0,0,0,0,0,0,0,0,0,0,0,0,0,0,0,0,0,0,0,0,0,0,0,0,0,0,0,0,0,0,0,0,0,0,0,0,0,0,0,0,0,0,0,0,0,0,0,0,0,0,0,0,0,0,0,0,0,0,1,1,2,2,2,2,2,2,2,2,2,2,2,2,2,2,3,3,3,3,3,4,4,4,4,4,4,4,4,4,4,4,5,5
84038011,US,USA,840,38011.0,Bowman,North Dakota,US,46.11285362,-103.5203343,"Bowman, North Dakota, US",0,0,0,0,0,0,0,0,0,0,0,0,0,0,0,0,0,0,0,0,0,0,0,0,0,0,0,0,0,0,0,0,0,0,0,0,0,0,0,0,0,0,0,0,0,0,0,0,0,0,0,0,0,0,0,0,0,0,0,0,0,0,0,0,0,0,0,0,0,0,0,0,0,0,0,0,1,1,1,1,1,1,1,1,1,1,1,1,1,1,1,1,1,1,1,1,1,1,1,1,1,1,1,1,1,1,1,1,1,1,1,1,1,1,1,1,1,1,1,1,1,1,1,1,1,1,1,1,1,1,1,1,1,1,1,1,1,1,1,1,1,1,1,1,1,1,1,1,1,1,1,1
84038013,US,USA,840,38013.0,Burke,North Dakota,US,48.79094471,-102.51821170000001,"Burke, North Dakota, US",0,0,0,0,0,0,0,0,0,0,0,0,0,0,0,0,0,0,0,0,0,0,0,0,0,0,0,0,0,0,0,0,0,0,0,0,0,0,0,0,0,0,0,0,0,0,0,0,0,0,0,0,0,0,0,0,0,0,0,0,0,0,0,0,0,0,0,0,0,0,2,2,2,2,2,2,2,2,2,2,2,2,2,2,2,2,2,2,2,2,2,2,3,3,3,3,3,3,3,3,3,3,3,3,5,5,5,5,5,5,5,5,5,5,5,5,5,5,5,5,5,5,5,5,5,5,5,5,5,5,5,5,5,5,5,5,5,5,5,5,5,5,5,5,5,5,5,5,5,5,5,5
84038015,US,USA,840,38015.0,Burleigh,North Dakota,US,46.97847375,-100.46452140000001,"Burleigh, North Dakota, US",0,0,0,0,0,0,0,0,0,0,0,0,0,0,0,0,0,0,0,0,0,0,0,0,0,0,0,0,0,0,0,0,0,0,0,0,0,0,0,0,0,0,0,0,0,0,0,0,0,0,0,0,0,0,0,0,2,11,13,15,15,16,18,18,22,25,28,28,29,29,32,32,32,34,37,38,39,42,46,48,49,50,51,52,52,54,54,61,63,63,63,65,67,68,74,74,74,74,76,77,79,80,80,83,92,102,102,103,103,103,104,105,106,107,109,112,113,116,117,120,126,128,129,131,131,123,123,125,126,127,128,129,130,132,134,135,141,142,143,144,147,150,156,159,165,167,176,180,180,188,192,198
84038017,US,USA,840,38017.0,Cass,North Dakota,US,46.93201724,-97.24447190000001,"Cass, North Dakota, US",0,0,0,0,0,0,0,0,0,0,0,0,0,0,0,0,0,0,0,0,0,0,0,0,0,0,0,0,0,0,0,0,0,0,0,0,0,0,0,0,0,0,0,0,0,0,0,0,0,0,0,0,0,0,0,1,1,1,1,1,1,1,3,6,6,11,18,20,24,32,34,43,46,48,54,65,70,77,83,88,95,107,116,123,135,152,152,197,212,246,255,274,290,318,357,397,431,472,492,513,542,572,605,630,643,686,709,752,781,805,821,866,935,991,1032,1106,1147,1173,1229,1277,1370,1442,1487,1528,1564,1580,1596,1632,1661,1685,1705,1744,1762,1783,1803,1834,1880,1911,1917,1930,1958,1984,2006,2037,2044,2058,2067,2084,2091,2104,2118,2138
84038019,US,USA,840,38019.0,Cavalier,North Dakota,US,48.77286211,-98.46685243,"Cavalier, North Dakota, US",0,0,0,0,0,0,0,0,0,0,0,0,0,0,0,0,0,0,0,0,0,0,0,0,0,0,0,0,0,0,0,0,0,0,0,0,0,0,0,0,0,0,0,0,0,0,0,0,0,0,0,0,0,0,0,0,0,0,0,0,0,0,0,0,0,0,0,0,0,0,0,0,0,0,0,0,0,0,0,0,0,0,0,0,0,0,0,0,0,0,0,0,0,0,0,0,0,0,0,0,0,0,0,0,0,0,0,0,0,0,0,0,0,0,0,0,0,0,0,0,0,0,0,0,0,0,0,0,0,0,0,0,0,0,0,0,0,0,0,0,0,0,0,0,0,0,0,0,0,0,1,1
84038021,US,USA,840,38021.0,Dickey,North Dakota,US,46.11017712,-98.50490079999999,"Dickey, North Dakota, US",0,0,0,0,0,0,0,0,0,0,0,0,0,0,0,0,0,0,0,0,0,0,0,0,0,0,0,0,0,0,0,0,0,0,0,0,0,0,0,0,0,0,0,0,0,0,0,0,0,0,0,0,0,0,0,0,0,0,0,0,0,0,0,0,0,0,0,0,0,0,0,0,0,0,0,0,0,0,0,0,0,0,0,0,0,0,0,0,0,0,0,0,0,0,0,0,0,0,0,0,0,0,0,0,0,0,0,0,0,0,0,0,0,0,0,0,0,0,0,0,0,0,0,0,0,0,0,0,0,0,0,0,1,1,1,1,1,1,1,1,1,2,2,3,3,3,3,3,3,4,4,4
84038023,US,USA,840,38023.0,Divide,North Dakota,US,48.814938700000006,-103.48736109999999,"Divide, North Dakota, US",0,0,0,0,0,0,0,0,0,0,0,0,0,0,0,0,0,0,0,0,0,0,0,0,0,0,0,0,0,0,0,0,0,0,0,0,0,0,0,0,0,0,0,0,0,0,0,0,0,0,0,0,0,0,0,0,0,0,0,0,0,0,0,0,0,0,1,1,1,1,1,1,1,1,1,1,1,1,1,1,1,1,1,1,1,1,1,1,1,1,1,1,1,1,1,1,1,1,1,1,1,1,1,1,1,1,1,1,1,1,1,1,1,1,1,1,1,1,1,1,1,1,1,1,1,1,1,1,1,1,1,1,1,1,1,1,1,1,1,1,1,1,1,1,1,1,1,1,1,1,1,1
84038025,US,USA,840,38025.0,Dunn,North Dakota,US,47.35423935,-102.61604679999999,"Dunn, North Dakota, US",0,0,0,0,0,0,0,0,0,0,0,0,0,0,0,0,0,0,0,0,0,0,0,0,0,0,0,0,0,0,0,0,0,0,0,0,0,0,0,0,0,0,0,0,0,0,0,0,0,0,0,0,0,0,0,0,0,0,0,0,0,0,1,1,1,1,1,1,1,1,1,1,1,1,1,1,1,1,1,2,2,2,3,3,3,4,4,6,9,10,10,10,10,10,10,10,10,10,10,10,10,11,11,11,11,11,11,11,11,11,12,11,11,11,11,11,11,11,12,12,12,12,12,12,12,12,12,12,12,12,12,11,11,11,11,11,11,11,11,11,11,11,11,11,11,11,11,11,11,12,12,12
84038027,US,USA,840,38027.0,Eddy,North Dakota,US,47.71701474,-98.90432337,"Eddy, North Dakota, US",0,0,0,0,0,0,0,0,0,0,0,0,0,0,0,0,0,0,0,0,0,0,0,0,0,0,0,0,0,0,0,0,0,0,0,0,0,0,0,0,0,0,0,0,0,0,0,0,0,0,0,0,0,0,0,0,0,0,0,0,0,0,0,0,0,0,0,0,0,0,0,0,1,1,1,1,1,1,1,1,1,1,1,1,1,1,1,1,1,1,1,1,1,1,1,1,1,1,1,1,1,1,1,1,1,1,1,1,1,1,2,2,2,2,2,2,2,2,2,2,2,8,7,7,7,4,4,4,4,4,4,4,4,4,4,4,4,5,5,5,5,5,5,5,5,5,5,5,5,5,5,5
84038029,US,USA,840,38029.0,Emmons,North Dakota,US,46.28398398,-100.2389766,"Emmons, North Dakota, US",0,0,0,0,0,0,0,0,0,0,0,0,0,0,0,0,0,0,0,0,0,0,0,0,0,0,0,0,0,0,0,0,0,0,0,0,0,0,0,0,0,0,0,0,0,0,0,0,0,0,0,0,0,0,0,0,0,0,0,0,0,0,0,0,0,0,0,0,0,0,0,0,0,0,1,1,1,1,1,1,1,1,1,1,1,1,1,1,1,1,1,1,1,1,1,1,1,1,1,1,1,1,1,1,1,1,1,1,1,1,1,1,1,1,1,1,1,1,1,1,5,6,6,6,6,4,4,4,4,4,4,4,4,4,4,4,4,4,4,4,4,4,4,4,4,4,4,4,4,4,4,4
84038031,US,USA,840,38031.0,Foster,North Dakota,US,47.457108399999996,-98.88279923,"Foster, North Dakota, US",0,0,0,0,0,0,0,0,0,0,0,0,0,0,0,0,0,0,0,0,0,0,0,0,0,0,0,0,0,0,0,0,0,0,0,0,0,0,0,0,0,0,0,0,0,0,0,0,0,0,0,0,0,0,0,0,0,0,0,0,0,0,0,1,1,1,1,1,1,1,1,1,1,1,1,1,1,1,1,1,1,1,1,1,1,1,1,1,1,1,1,1,1,1,1,1,1,1,1,1,1,1,1,1,1,1,1,1,1,1,1,1,1,1,1,1,1,1,1,1,1,1,1,1,1,1,1,1,1,1,1,1,1,1,1,1,1,1,1,1,1,1,1,1,1,1,1,1,1,1,1,1
84038033,US,USA,840,38033.0,Golden Valley,North Dakota,US,46.94022281,-103.8465421,"Golden Valley, North Dakota, US",0,0,0,0,0,0,0,0,0,0,0,0,0,0,0,0,0,0,0,0,0,0,0,0,0,0,0,0,0,0,0,0,0,0,0,0,0,0,0,0,0,0,0,0,0,0,0,0,0,0,0,0,0,0,0,0,0,0,0,0,0,0,0,0,0,0,0,0,0,0,0,0,0,0,0,0,0,0,0,0,0,0,0,0,0,0,0,0,0,0,0,0,0,0,0,0,0,0,0,0,0,0,0,0,0,0,0,0,0,0,0,0,0,0,0,0,0,0,0,0,0,0,0,0,0,0,0,0,0,0,0,0,0,0,0,0,0,0,0,0,0,0,0,0,0,0,0,0,0,0,0,0
84038035,US,USA,840,38035.0,Grand Forks,North Dakota,US,47.92093639,-97.45450447,"Grand Forks, North Dakota, US",0,0,0,0,0,0,0,0,0,0,0,0,0,0,0,0,0,0,0,0,0,0,0,0,0,0,0,0,0,0,0,0,0,0,0,0,0,0,0,0,0,0,0,0,0,0,0,0,0,0,0,0,0,0,0,0,0,0,0,0,0,0,0,0,0,0,0,0,2,2,5,5,6,10,11,11,11,11,11,11,11,11,11,12,20,23,23,99,133,138,143,154,162,170,173,195,231,234,251,258,262,265,267,269,270,271,275,282,284,285,287,293,297,304,307,315,317,317,317,319,320,320,321,323,325,326,327,328,331,333,333,336,335,336,336,336,336,337,339,339,339,339,341,342,343,345,346,350,356,358,361,361
84038037,US,USA,840,38037.0,Grant,North Dakota,US,46.35821257,-101.63900129999999,"Grant, North Dakota, US",0,0,0,0,0,0,0,0,0,0,0,0,0,0,0,0,0,0,0,0,0,0,0,0,0,0,0,0,0,0,0,0,0,0,0,0,0,0,0,0,0,0,0,0,0,0,0,0,0,0,0,0,0,0,0,0,0,0,0,0,0,0,0,0,0,0,0,0,0,1,1,1,1,1,1,1,1,1,1,1,1,1,1,1,1,1,1,1,1,1,1,1,1,1,1,1,1,1,1,1,1,1,1,1,1,1,1,1,1,1,2,2,2,2,2,2,2,2,2,2,2,2,2,2,2,2,2,2,2,2,2,2,2,2,2,2,2,2,2,2,2,2,2,2,2,2,2,2,2,2,2,2
84038039,US,USA,840,38039.0,Griggs,North Dakota,US,47.45785838,-98.23850925,"Griggs, North Dakota, US",0,0,0,0,0,0,0,0,0,0,0,0,0,0,0,0,0,0,0,0,0,0,0,0,0,0,0,0,0,0,0,0,0,0,0,0,0,0,0,0,0,0,0,0,0,0,0,0,0,0,0,0,0,0,0,0,0,0,0,0,0,0,0,0,0,0,0,0,0,0,0,0,0,0,0,0,0,0,0,0,0,0,0,0,0,0,0,0,0,0,0,0,0,0,0,0,0,0,0,0,0,0,0,0,0,0,0,0,0,0,0,0,0,0,0,0,0,0,0,0,0,1,1,1,1,1,1,1,1,1,1,1,1,1,1,1,1,1,1,1,1,1,1,1,1,1,1,1,1,1,1,2
84038041,US,USA,840,38041.0,Hettinger,North Dakota,US,46.43375068,-102.4632417,"Hettinger, North Dakota, US",0,0,0,0,0,0,0,0,0,0,0,0,0,0,0,0,0,0,0,0,0,0,0,0,0,0,0,0,0,0,0,0,0,0,0,0,0,0,0,0,0,0,0,0,0,0,0,0,0,0,0,0,0,0,0,0,0,0,0,0,0,0,0,0,0,0,0,0,0,0,0,0,0,0,0,0,0,0,0,0,0,0,0,0,0,0,0,0,0,0,0,0,0,0,0,0,0,0,0,0,0,0,0,0,0,0,0,0,0,0,0,0,0,0,0,0,0,0,0,0,0,0,0,0,0,0,0,0,0,0,0,0,0,0,0,0,0,0,0,0,0,0,0,0,0,0,0,0,0,0,0,0
84038043,US,USA,840,38043.0,Kidder,North Dakota,US,46.97830064,-99.77507857,"Kidder, North Dakota, US",0,0,0,0,0,0,0,0,0,0,0,0,0,0,0,0,0,0,0,0,0,0,0,0,0,0,0,0,0,0,0,0,0,0,0,0,0,0,0,0,0,0,0,0,0,0,0,0,0,0,0,0,0,0,0,0,0,0,0,0,0,0,0,0,0,0,0,0,0,0,0,0,0,0,0,0,0,0,0,0,0,0,0,0,0,0,0,0,0,0,0,0,0,0,0,0,0,0,0,0,0,0,0,0,0,0,0,0,0,0,0,0,0,0,0,0,0,0,0,0,0,0,0,0,0,0,0,0,0,0,0,0,0,0,0,0,0,0,0,1,2,2,2,2,2,2,2,2,2,2,2,2
84038045,US,USA,840,38045.0,LaMoure,North Dakota,US,46.45681054,-98.53542355,"LaMoure, North Dakota, US",0,0,0,0,0,0,0,0,0,0,0,0,0,0,0,0,0,0,0,0,0,0,0,0,0,0,0,0,0,0,0,0,0,0,0,0,0,0,0,0,0,0,0,0,0,0,0,0,0,0,0,0,0,0,0,0,0,0,0,0,0,0,0,0,0,0,0,0,0,0,0,0,0,0,0,0,0,0,0,0,0,0,0,0,0,0,0,0,0,0,0,0,0,0,0,0,0,0,0,0,0,0,0,0,0,0,0,0,0,0,0,0,0,0,0,0,0,0,0,0,0,0,0,0,0,0,0,0,0,0,0,0,0,0,0,0,1,1,1,1,6,6,8,9,10,10,10,10,10,10,10,11
84038047,US,USA,840,38047.0,Logan,North Dakota,US,46.45729487,-99.47719806,"Logan, North Dakota, US",0,0,0,0,0,0,0,0,0,0,0,0,0,0,0,0,0,0,0,0,0,0,0,0,0,0,0,0,0,0,0,0,0,0,0,0,0,0,0,0,0,0,0,0,0,0,0,0,0,0,0,0,0,0,0,0,0,0,0,0,0,0,0,0,0,0,0,0,0,0,0,0,0,0,0,0,0,0,0,0,0,0,0,0,0,0,0,0,0,0,0,0,0,0,0,0,0,0,0,0,0,0,0,0,0,0,0,0,0,0,0,0,0,0,0,0,0,0,0,0,0,0,0,0,0,0,0,0,0,0,0,0,0,0,0,0,0,0,0,0,0,0,0,0,0,0,0,0,0,0,0,0
84038049,US,USA,840,38049.0,McHenry,North Dakota,US,48.23104458,-100.6324822,"McHenry, North Dakota, US",0,0,0,0,0,0,0,0,0,0,0,0,0,0,0,0,0,0,0,0,0,0,0,0,0,0,0,0,0,0,0,0,0,0,0,0,0,0,0,0,0,0,0,0,0,0,0,0,0,0,0,0,0,0,0,0,0,0,0,0,0,0,0,0,1,1,1,1,1,1,1,1,1,1,1,1,1,1,1,1,1,1,1,1,1,1,1,1,1,1,1,1,1,1,1,1,1,1,1,1,1,1,1,1,1,1,1,1,2,2,2,2,2,2,2,2,2,2,2,2,2,2,2,2,2,2,2,2,2,2,2,2,2,2,2,2,2,2,2,2,2,2,2,2,2,2,2,2,2,3,3,3
84038051,US,USA,840,38051.0,McIntosh,North Dakota,US,46.11182017,-99.44145858,"McIntosh, North Dakota, US",0,0,0,0,0,0,0,0,0,0,0,0,0,0,0,0,0,0,0,0,0,0,0,0,0,0,0,0,0,0,0,0,0,0,0,0,0,0,0,0,0,0,0,0,0,0,0,0,0,0,0,0,0,0,0,0,0,0,0,0,0,0,0,0,0,1,1,1,1,1,1,1,1,1,1,1,1,1,1,1,1,1,1,1,1,1,1,1,1,1,1,1,1,1,1,1,1,1,1,1,1,1,1,1,1,1,1,1,1,1,1,1,1,1,1,1,1,1,1,1,1,1,1,1,1,1,1,1,1,1,1,1,1,1,1,1,1,1,1,1,1,1,1,1,1,1,1,1,1,1,1,1
84038053,US,USA,840,38053.0,McKenzie,North Dakota,US,47.74133370000001,-103.395905,"McKenzie, North Dakota, US",0,0,0,0,0,0,0,0,0,0,0,0,0,0,0,0,0,0,0,0,0,0,0,0,0,0,0,0,0,0,0,0,0,0,0,0,0,0,0,0,0,0,0,0,0,0,0,0,0,0,0,0,0,0,0,0,0,0,0,0,0,0,0,0,0,0,0,0,0,0,1,2,2,2,3,3,5,5,6,6,6,6,8,8,9,10,10,10,10,10,10,10,10,10,12,12,12,12,13,13,13,13,13,13,13,13,15,15,15,15,15,15,15,15,15,15,15,15,16,16,16,16,16,16,16,16,16,16,16,17,17,17,17,17,17,18,18,18,18,18,18,21,21,21,21,21,21,22,22,23,24,24
84038055,US,USA,840,38055.0,McLean,North Dakota,US,47.60766714,-101.3182418,"McLean, North Dakota, US",0,0,0,0,0,0,0,0,0,0,0,0,0,0,0,0,0,0,0,0,0,0,0,0,0,0,0,0,0,0,0,0,0,0,0,0,0,0,0,0,0,0,0,0,0,0,0,0,0,0,0,0,0,0,0,0,0,0,0,0,0,0,0,0,0,0,2,2,2,2,2,2,2,2,2,2,2,2,2,2,2,2,2,2,3,3,3,3,3,3,3,3,3,3,3,3,3,3,3,3,3,5,5,5,5,5,5,5,5,5,5,5,5,5,5,5,6,6,7,7,7,7,7,7,7,7,7,7,7,7,7,7,7,7,7,7,7,7,7,8,8,8,9,9,10,10,11,11,11,11,11,11
84038057,US,USA,840,38057.0,Mercer,North Dakota,US,47.31213126,-101.8318399,"Mercer, North Dakota, US",0,0,0,0,0,0,0,0,0,0,0,0,0,0,0,0,0,0,0,0,0,0,0,0,0,0,0,0,0,0,0,0,0,0,0,0,0,0,0,0,0,0,0,0,0,0,0,0,0,0,0,0,0,0,0,0,0,0,0,0,0,0,0,0,0,0,1,1,0,0,0,0,0,0,0,0,0,0,0,0,0,0,0,0,0,0,0,0,0,0,0,0,0,0,0,0,0,0,0,0,0,0,0,0,3,3,3,3,3,3,4,4,4,4,4,4,4,4,4,4,5,5,5,5,5,5,5,5,5,5,5,5,5,5,5,6,6,6,6,6,6,6,6,6,6,6,6,6,6,6,6,6
84038059,US,USA,840,38059.0,Morton,North Dakota,US,46.71681782,-101.2822377,"Morton, North Dakota, US",0,0,0,0,0,0,0,0,0,0,0,0,0,0,0,0,0,0,0,0,0,0,0,0,0,0,0,0,0,0,0,0,0,0,0,0,0,0,0,0,0,0,0,0,0,0,0,0,0,0,0,0,0,0,0,0,1,4,7,7,7,7,7,8,8,11,13,14,14,14,14,14,16,16,16,17,18,18,19,19,19,19,20,21,21,21,21,21,22,22,23,23,23,23,24,24,24,24,24,24,24,24,24,26,35,35,35,35,35,36,37,37,38,37,39,39,40,40,40,63,64,64,64,64,64,59,59,59,59,59,59,60,60,60,60,60,60,60,60,60,60,61,62,63,65,67,68,70,70,70,70,70
84038061,US,USA,840,38061.0,Mountrail,North Dakota,US,48.20197971,-102.3555315,"Mountrail, North Dakota, US",0,0,0,0,0,0,0,0,0,0,0,0,0,0,0,0,0,0,0,0,0,0,0,0,0,0,0,0,0,0,0,0,0,0,0,0,0,0,0,0,0,0,0,0,0,0,0,0,0,0,0,0,0,0,0,0,0,0,0,0,0,0,0,0,0,0,2,2,4,5,6,8,11,13,19,19,20,20,20,20,21,21,27,27,29,29,29,29,30,30,31,31,33,33,33,33,34,35,35,35,35,35,35,35,35,36,35,37,37,37,37,37,37,38,38,40,42,42,39,39,39,39,39,39,39,39,39,39,39,39,39,40,41,41,42,42,42,43,43,43,43,43,43,43,43,43,43,43,43,43,43,43
84038063,US,USA,840,38063.0,Nelson,North Dakota,US,47.9226426,-98.19038437,"Nelson, North Dakota, US",0,0,0,0,0,0,0,0,0,0,0,0,0,0,0,0,0,0,0,0,0,0,0,0,0,0,0,0,0,0,0,0,0,0,0,0,0,0,0,0,0,0,0,0,0,0,0,0,0,0,0,0,0,0,0,0,0,0,0,0,0,0,0,0,0,0,0,0,0,0,0,0,0,0,0,0,0,0,0,0,0,0,0,0,0,0,0,0,1,1,1,1,1,1,1,1,1,1,1,1,1,1,1,1,1,1,1,1,1,1,1,1,1,1,1,1,1,1,1,2,2,2,2,2,2,1,1,1,1,1,1,1,1,1,1,1,1,1,1,1,1,1,1,1,1,1,1,1,1,1,1,1
84038065,US,USA,840,38065.0,Oliver,North Dakota,US,47.11530482,-101.3406158,"Oliver, North Dakota, US",0,0,0,0,0,0,0,0,0,0,0,0,0,0,0,0,0,0,0,0,0,0,0,0,0,0,0,0,0,0,0,0,0,0,0,0,0,0,0,0,0,0,0,0,0,0,0,0,0,0,0,0,0,0,0,0,0,0,0,0,0,0,0,0,0,0,0,0,1,1,1,1,1,1,1,1,1,1,1,1,1,1,1,1,1,1,1,1,1,1,1,1,1,1,1,1,1,1,1,1,1,1,1,1,1,1,1,1,1,1,1,1,1,1,1,1,1,1,1,1,1,1,1,1,1,1,1,1,1,1,1,1,1,1,1,1,1,1,1,1,1,1,1,1,1,1,1,1,1,1,1,1
84038067,US,USA,840,38067.0,Pembina,North Dakota,US,48.76623521,-97.5523809,"Pembina, North Dakota, US",0,0,0,0,0,0,0,0,0,0,0,0,0,0,0,0,0,0,0,0,0,0,0,0,0,0,0,0,0,0,0,0,0,0,0,0,0,0,0,0,0,0,0,0,0,0,0,0,0,0,0,0,0,0,0,0,0,0,0,0,0,0,0,0,0,0,0,0,0,0,0,0,0,0,0,0,0,0,0,0,0,0,0,0,0,0,0,0,0,0,0,0,0,0,1,1,1,1,1,3,3,3,3,3,4,4,5,6,6,6,6,6,6,6,6,6,6,6,6,6,6,6,6,6,6,6,6,6,6,6,6,6,6,6,6,6,6,6,6,6,6,6,6,6,7,7,7,7,7,7,7,7
84038069,US,USA,840,38069.0,Pierce,North Dakota,US,48.24977025,-99.96407787,"Pierce, North Dakota, US",0,0,0,0,0,0,0,0,0,0,0,0,0,0,0,0,0,0,0,0,0,0,0,0,0,0,0,0,0,0,0,0,0,0,0,0,0,0,0,0,0,0,0,0,0,0,0,0,0,0,0,0,0,0,0,0,0,0,1,1,1,2,2,2,2,2,2,2,2,2,2,2,2,2,2,2,2,2,2,2,2,2,2,2,2,2,2,2,2,2,2,2,2,2,2,2,2,2,2,2,2,2,2,2,2,2,3,3,3,3,3,3,3,3,3,3,3,3,3,3,4,4,4,4,4,3,3,3,3,3,3,3,3,3,3,3,3,3,3,3,3,3,3,3,3,3,3,3,3,4,4,4
84038071,US,USA,840,38071.0,Ramsey,North Dakota,US,48.26886249,-98.72223879,"Ramsey, North Dakota, US",0,0,0,0,0,0,0,0,0,0,0,0,0,0,0,0,0,0,0,0,0,0,0,0,0,0,0,0,0,0,0,0,0,0,0,0,0,0,0,0,0,0,0,0,0,0,0,0,0,0,0,0,0,0,0,0,0,0,1,1,1,1,1,3,3,3,3,3,3,3,3,3,3,3,3,3,3,3,3,3,3,3,3,3,3,3,3,3,3,3,3,3,3,3,3,3,4,4,3,3,3,3,3,3,3,3,5,5,7,7,7,7,7,7,7,7,7,7,8,8,9,9,9,9,9,8,8,8,8,8,8,8,8,8,8,8,8,8,8,8,8,8,8,8,8,8,8,8,8,8,8,8
84038073,US,USA,840,38073.0,Ransom,North Dakota,US,46.45621782,-97.65742504,"Ransom, North Dakota, US",0,0,0,0,0,0,0,0,0,0,0,0,0,0,0,0,0,0,0,0,0,0,0,0,0,0,0,0,0,0,0,0,0,0,0,0,0,0,0,0,0,0,0,0,0,0,0,0,0,0,0,0,0,0,0,0,0,0,0,0,0,0,0,0,0,0,0,0,0,0,0,0,0,0,0,0,0,0,0,0,0,0,0,0,0,0,0,0,0,0,0,0,0,0,0,1,1,1,1,1,1,1,1,1,1,2,2,2,3,3,3,3,3,3,3,3,4,5,7,7,7,7,8,8,9,8,8,8,8,8,8,9,9,11,11,11,11,11,11,11,11,12,12,12,12,12,13,13,13,13,13,15
84038075,US,USA,840,38075.0,Renville,North Dakota,US,48.71982533,-101.6603912,"Renville, North Dakota, US",0,0,0,0,0,0,0,0,0,0,0,0,0,0,0,0,0,0,0,0,0,0,0,0,0,0,0,0,0,0,0,0,0,0,0,0,0,0,0,0,0,0,0,0,0,0,0,0,0,0,0,0,0,0,0,0,0,0,0,0,0,0,0,0,0,0,0,0,0,0,0,0,0,0,0,0,0,0,0,0,0,0,0,0,0,0,0,0,0,0,0,0,0,0,0,0,0,0,0,0,1,1,1,1,1,1,1,1,1,1,1,1,1,1,1,1,1,1,1,1,1,1,1,1,1,1,1,1,1,3,3,3,3,3,3,3,3,3,3,3,3,3,3,3,3,3,3,3,3,3,3,3
84038077,US,USA,840,38077.0,Richland,North Dakota,US,46.26440649,-96.94852979,"Richland, North Dakota, US",0,0,0,0,0,0,0,0,0,0,0,0,0,0,0,0,0,0,0,0,0,0,0,0,0,0,0,0,0,0,0,0,0,0,0,0,0,0,0,0,0,0,0,0,0,0,0,0,0,0,0,0,0,0,0,0,0,0,0,0,0,0,0,0,0,0,0,0,0,0,0,0,0,0,0,0,0,0,1,1,2,2,3,3,3,4,4,5,5,5,5,6,7,7,7,7,7,7,7,7,7,7,7,7,7,7,8,8,8,9,9,8,8,9,9,9,9,9,11,13,14,15,15,20,20,19,19,20,21,22,22,22,22,22,23,24,27,28,28,30,31,32,33,36,37,37,37,37,37,37,38,38
84038079,US,USA,840,38079.0,Rolette,North Dakota,US,48.77245354,-99.84097493,"Rolette, North Dakota, US",0,0,0,0,0,0,0,0,0,0,0,0,0,0,0,0,0,0,0,0,0,0,0,0,0,0,0,0,0,0,0,0,0,0,0,0,0,0,0,0,0,0,0,0,0,0,0,0,0,0,0,0,0,0,0,0,0,0,0,0,0,0,0,0,0,0,0,0,0,0,1,0,0,0,0,0,0,0,0,0,1,1,1,1,1,1,1,1,1,1,1,1,1,1,1,1,1,1,1,1,1,1,1,1,1,1,2,2,3,3,3,3,3,3,4,4,4,4,4,4,4,4,4,4,4,5,5,5,6,6,6,6,6,6,6,6,6,6,6,7,7,7,7,7,7,7,7,7,8,8,8,9
84038081,US,USA,840,38081.0,Sargent,North Dakota,US,46.10830372,-97.63217159,"Sargent, North Dakota, US",0,0,0,0,0,0,0,0,0,0,0,0,0,0,0,0,0,0,0,0,0,0,0,0,0,0,0,0,0,0,0,0,0,0,0,0,0,0,0,0,0,0,0,0,0,0,0,0,0,0,0,0,0,0,0,0,0,0,0,0,0,0,0,0,0,0,0,0,0,0,0,0,0,0,0,0,0,0,0,1,1,1,1,1,1,1,1,1,1,1,1,1,1,1,1,1,1,1,1,1,1,1,1,1,1,2,3,3,3,3,3,3,3,3,3,3,3,3,3,3,3,3,3,3,3,3,3,3,3,3,3,3,3,3,4,4,4,4,4,4,4,4,4,4,4,4,4,4,5,4,4,4
84038083,US,USA,840,38083.0,Sheridan,North Dakota,US,47.57700669,-100.3426391,"Sheridan, North Dakota, US",0,0,0,0,0,0,0,0,0,0,0,0,0,0,0,0,0,0,0,0,0,0,0,0,0,0,0,0,0,0,0,0,0,0,0,0,0,0,0,0,0,0,0,0,0,0,0,0,0,0,0,0,0,0,0,0,0,0,0,0,0,0,0,0,0,0,0,0,0,0,0,0,0,0,0,0,0,0,0,0,0,0,0,0,0,0,0,0,0,0,0,0,0,0,0,0,0,0,0,0,0,0,0,0,0,0,0,0,0,0,0,0,0,0,0,0,0,0,0,0,0,0,0,0,0,0,0,0,0,0,0,0,0,0,0,0,1,1,1,1,1,1,1,1,1,1,1,1,1,1,1,1
84038085,US,USA,840,38085.0,Sioux,North Dakota,US,46.11323337,-101.04401490000001,"Sioux, North Dakota, US",0,0,0,0,0,0,0,0,0,0,0,0,0,0,0,0,0,0,0,0,0,0,0,0,0,0,0,0,0,0,0,0,0,0,0,0,0,0,0,0,0,0,0,0,0,0,0,0,0,0,0,0,0,0,0,0,0,0,0,0,0,0,0,0,0,0,1,1,1,1,1,1,1,1,1,1,1,1,1,1,1,1,1,1,1,1,1,1,1,1,2,1,1,1,1,1,1,1,1,1,1,1,1,1,1,1,1,1,1,1,1,1,1,1,1,1,1,2,2,2,2,2,2,2,2,2,2,2,2,2,2,1,1,1,1,2,2,2,2,2,2,2,3,3,3,4,4,7,10,12,12,12
84038087,US,USA,840,38087.0,Slope,North Dakota,US,46.44737738,-103.4601547,"Slope, North Dakota, US",0,0,0,0,0,0,0,0,0,0,0,0,0,0,0,0,0,0,0,0,0,0,0,0,0,0,0,0,0,0,0,0,0,0,0,0,0,0,0,0,0,0,0,0,0,0,0,0,0,0,0,0,0,0,0,0,0,0,0,0,0,0,0,0,0,0,0,0,0,0,0,0,1,1,1,2,3,3,3,3,3,3,3,3,3,3,3,3,3,3,3,3,3,3,3,3,3,3,3,3,3,3,3,3,3,3,3,3,3,3,3,3,3,3,3,3,3,3,3,3,3,3,3,3,3,3,3,3,3,3,3,3,3,3,3,3,3,3,3,3,3,3,3,3,3,3,3,3,3,3,3,3
84038089,US,USA,840,38089.0,Stark,North Dakota,US,46.80851182,-102.65763259999999,"Stark, North Dakota, US",0,0,0,0,0,0,0,0,0,0,0,0,0,0,0,0,0,0,0,0,0,0,0,0,0,0,0,0,0,0,0,0,0,0,0,0,0,0,0,0,0,0,0,0,0,0,0,0,0,0,0,0,0,0,0,0,0,0,0,0,0,0,0,2,3,7,9,10,10,11,14,18,19,22,25,25,25,28,29,29,30,32,34,34,34,37,37,38,39,39,39,40,40,40,40,41,41,44,46,49,52,54,55,57,57,57,60,60,61,61,61,61,61,61,61,61,61,61,61,61,61,61,61,61,61,61,61,61,61,61,62,62,62,62,62,62,62,62,62,63,63,63,63,63,63,63,63,63,65,68,67,68
84038091,US,USA,840,38091.0,Steele,North Dakota,US,47.45611548,-97.72728747,"Steele, North Dakota, US",0,0,0,0,0,0,0,0,0,0,0,0,0,0,0,0,0,0,0,0,0,0,0,0,0,0,0,0,0,0,0,0,0,0,0,0,0,0,0,0,0,0,0,0,0,0,0,0,0,0,0,0,0,0,0,0,0,0,0,0,0,0,0,0,0,0,0,0,0,0,0,0,0,0,0,0,0,0,0,0,0,0,0,0,0,0,0,0,0,0,0,0,0,0,0,0,0,0,0,0,0,0,0,0,0,0,0,0,0,0,0,0,0,0,0,0,1,1,1,1,1,1,1,1,1,1,1,1,1,1,1,1,1,1,1,1,1,1,1,1,1,1,1,1,1,1,1,1,1,1,1,1
84038093,US,USA,840,38093.0,Stutsman,North Dakota,US,46.97962541,-98.95637318,"Stutsman, North Dakota, US",0,0,0,0,0,0,0,0,0,0,0,0,0,0,0,0,0,0,0,0,0,0,0,0,0,0,0,0,0,0,0,0,0,0,0,0,0,0,0,0,0,0,0,0,0,0,0,0,0,0,0,0,0,0,0,0,0,0,0,0,0,0,0,0,0,0,0,0,0,0,0,0,0,0,0,0,0,1,1,1,1,1,1,1,1,1,1,1,1,3,3,3,3,3,4,4,4,5,6,6,7,10,11,11,12,12,12,12,13,13,15,16,16,16,16,16,16,16,16,17,17,18,18,18,18,18,18,18,22,23,23,24,24,29,29,30,35,42,50,49,51,51,51,51,52,52,52,60,60,60,60,62
84038095,US,USA,840,38095.0,Towner,North Dakota,US,48.68565745,-99.24564265,"Towner, North Dakota, US",0,0,0,0,0,0,0,0,0,0,0,0,0,0,0,0,0,0,0,0,0,0,0,0,0,0,0,0,0,0,0,0,0,0,0,0,0,0,0,0,0,0,0,0,0,0,0,0,0,0,0,0,0,0,0,0,0,0,0,0,0,0,0,0,0,0,0,0,0,0,0,0,0,0,0,0,0,0,0,0,0,0,0,0,0,0,0,0,0,0,0,0,0,0,0,0,0,0,0,0,0,0,0,0,0,0,0,0,0,0,0,0,0,0,0,0,0,0,0,0,0,0,0,0,0,0,0,0,0,0,0,0,0,0,0,0,0,0,0,0,0,0,0,0,0,0,0,0,0,0,0,0
84038097,US,USA,840,38097.0,Traill,North Dakota,US,47.45367788,-97.16323288,"Traill, North Dakota, US",0,0,0,0,0,0,0,0,0,0,0,0,0,0,0,0,0,0,0,0,0,0,0,0,0,0,0,0,0,0,0,0,0,0,0,0,0,0,0,0,0,0,0,0,0,0,0,0,0,0,0,0,0,0,0,0,0,0,0,0,0,0,0,0,0,0,0,0,0,0,0,0,0,0,0,0,0,0,0,0,0,0,0,0,0,0,0,0,0,0,0,0,0,0,0,0,0,0,0,0,0,0,0,0,0,0,1,1,1,1,1,1,1,1,1,1,2,2,2,20,20,20,20,21,21,10,10,11,11,12,13,14,14,14,14,14,14,14,14,14,14,15,15,15,15,15,15,15,15,15,15,15
84038099,US,USA,840,38099.0,Walsh,North Dakota,US,48.36876964,-97.72574783,"Walsh, North Dakota, US",0,0,0,0,0,0,0,0,0,0,0,0,0,0,0,0,0,0,0,0,0,0,0,0,0,0,0,0,0,0,0,0,0,0,0,0,0,0,0,0,0,0,0,0,0,0,0,0,0,0,0,0,0,0,0,0,0,0,0,0,0,0,1,1,1,1,1,1,1,1,1,1,1,1,1,3,3,3,3,3,3,3,3,3,3,3,3,3,3,3,3,3,3,4,4,4,7,7,7,7,7,7,7,7,7,7,8,8,8,8,8,8,9,9,9,9,10,10,10,11,11,11,11,13,13,13,13,13,13,13,13,14,14,15,15,15,16,16,16,16,16,16,16,16,16,16,17,17,17,17,17,17
84038101,US,USA,840,38101.0,Ward,North Dakota,US,48.22390169,-101.54367629999999,"Ward, North Dakota, US",0,0,0,0,0,0,0,0,0,0,0,0,0,0,0,0,0,0,0,0,0,0,0,0,0,0,0,0,0,0,0,0,0,0,0,0,0,0,0,0,0,0,0,0,0,0,0,0,0,0,1,1,1,1,1,2,2,3,3,3,3,3,3,3,3,4,7,7,9,9,12,13,14,14,14,16,16,16,19,19,20,20,20,20,20,20,20,20,20,20,20,21,21,21,21,21,21,21,21,21,21,25,25,25,25,25,26,26,27,27,27,28,28,28,28,28,28,28,28,29,53,54,54,54,54,36,36,37,37,37,37,37,38,39,39,41,43,44,44,44,44,45,45,46,47,47,47,48,50,51,51,52
84038103,US,USA,840,38103.0,Wells,North Dakota,US,47.58614526,-99.65904998,"Wells, North Dakota, US",0,0,0,0,0,0,0,0,0,0,0,0,0,0,0,0,0,0,0,0,0,0,0,0,0,0,0,0,0,0,0,0,0,0,0,0,0,0,0,0,0,0,0,0,0,0,0,0,0,0,0,0,0,0,0,0,0,0,0,0,0,0,0,0,0,0,0,0,0,0,0,0,0,0,0,0,0,0,0,0,0,0,0,0,0,0,0,0,0,0,0,1,1,1,2,2,2,2,2,2,2,2,2,2,2,2,2,2,2,2,2,2,2,2,2,2,2,2,2,2,2,2,3,3,3,3,3,3,3,3,3,3,3,3,3,3,5,6,8,8,8,8,8,8,8,8,8,8,8,8,8,8
84038105,US,USA,840,38105.0,Williams,North Dakota,US,48.34522353,-103.4793387,"Williams, North Dakota, US",0,0,0,0,0,0,0,0,0,0,0,0,0,0,0,0,0,0,0,0,0,0,0,0,0,0,0,0,0,0,0,0,0,0,0,0,0,0,0,0,0,0,0,0,0,0,0,0,0,0,0,0,0,0,0,0,0,0,0,0,0,0,0,0,0,0,0,0,0,2,3,4,5,5,5,5,5,5,6,6,8,8,8,8,8,8,8,10,9,9,9,9,9,10,10,10,10,10,10,10,10,10,11,11,13,13,18,18,18,18,19,20,20,21,21,21,21,21,21,22,22,25,25,25,25,24,24,24,24,25,25,25,25,25,25,25,25,25,25,25,25,26,26,26,26,26,26,26,26,26,26,26
84039001,US,USA,840,39001.0,Adams,Ohio,US,38.84541072,-83.4718964,"Adams, Ohio, US",0,0,0,0,0,0,0,0,0,0,0,0,0,0,0,0,0,0,0,0,0,0,0,0,0,0,0,0,0,0,0,0,0,0,0,0,0,0,0,0,0,0,0,0,0,0,0,0,0,0,0,0,0,0,0,0,0,0,0,0,0,0,0,0,0,0,0,0,0,0,0,0,0,1,2,2,2,2,3,3,3,3,3,3,3,3,3,3,3,3,3,4,4,4,4,4,4,4,5,4,5,5,5,5,5,5,5,5,6,6,6,6,6,7,8,8,8,8,8,8,8,8,8,8,8,8,8,8,9,9,10,10,10,10,11,11,11,11,11,11,12,12,12,14,15,15,17,17,18,18,18,18
84039003,US,USA,840,39003.0,Allen,Ohio,US,40.77285242,-84.10802343,"Allen, Ohio, US",0,0,0,0,0,0,0,0,0,0,0,0,0,0,0,0,0,0,0,0,0,0,0,0,0,0,0,0,0,0,0,0,0,0,0,0,0,0,0,0,0,0,0,0,0,0,0,0,0,0,0,0,0,0,0,0,0,0,0,0,0,0,0,0,0,0,2,4,4,5,6,10,12,15,18,19,22,23,23,24,27,33,37,46,51,57,65,70,79,84,88,94,100,108,108,108,103,103,116,121,121,123,124,133,135,139,138,139,144,144,146,154,155,164,164,165,167,168,171,172,176,178,184,189,191,191,201,206,212,211,212,212,212,214,219,221,222,222,224,227,229,233,232,238,240,241,241,242,246,247,248,251
84039005,US,USA,840,39005.0,Ashland,Ohio,US,40.84772277,-82.27280781,"Ashland, Ohio, US",0,0,0,0,0,0,0,0,0,0,0,0,0,0,0,0,0,0,0,0,0,0,0,0,0,0,0,0,0,0,0,0,0,0,0,0,0,0,0,0,0,0,0,0,0,0,0,0,0,0,0,0,0,0,0,0,1,1,1,1,1,1,1,1,1,3,3,2,2,2,2,3,4,3,3,3,3,3,4,5,5,5,5,5,6,5,5,5,6,5,5,5,5,5,5,6,6,6,6,7,7,8,9,9,9,12,12,12,14,14,15,15,15,15,15,15,15,15,15,17,17,17,17,17,18,19,19,19,20,20,20,20,20,21,21,23,24,24,24,25,26,26,26,28,28,28,29,31,37,37,39,39
84039007,US,USA,840,39007.0,Ashtabula,Ohio,US,41.70860332,-80.74830218,"Ashtabula, Ohio, US",0,0,0,0,0,0,0,0,0,0,0,0,0,0,0,0,0,0,0,0,0,0,0,0,0,0,0,0,0,0,0,0,0,0,0,0,0,0,0,0,0,0,0,0,0,0,0,0,0,0,0,0,0,0,0,0,0,0,1,1,2,3,3,3,3,5,6,6,6,6,6,8,9,11,12,15,18,20,19,19,24,26,31,32,36,45,54,64,66,68,70,80,98,103,107,110,110,113,116,126,136,142,146,149,160,165,169,172,190,192,193,199,208,212,223,229,232,232,244,250,263,272,274,277,281,283,316,324,330,338,339,340,340,345,347,369,372,372,374,375,377,382,381,382,385,390,392,397,402,406,402,407
84039009,US,USA,840,39009.0,Athens,Ohio,US,39.33425634,-82.04278644,"Athens, Ohio, US",0,0,0,0,0,0,0,0,0,0,0,0,0,0,0,0,0,0,0,0,0,0,0,0,0,0,0,0,0,0,0,0,0,0,0,0,0,0,0,0,0,0,0,0,0,0,0,0,0,0,0,0,0,0,0,0,0,0,0,0,0,0,0,0,1,1,2,3,3,3,3,3,3,3,3,3,3,3,3,3,3,3,3,3,3,3,3,3,3,3,3,3,4,3,3,3,3,3,3,3,4,4,4,4,4,4,4,4,5,6,6,6,6,6,8,8,8,9,13,13,13,13,13,14,14,18,18,18,18,18,18,18,18,18,18,18,18,18,18,18,22,23,23,23,23,23,23,24,24,24,24,25
84039011,US,USA,840,39011.0,Auglaize,Ohio,US,40.55998859,-84.22421429999999,"Auglaize, Ohio, US",0,0,0,0,0,0,0,0,0,0,0,0,0,0,0,0,0,0,0,0,0,0,0,0,0,0,0,0,0,0,0,0,0,0,0,0,0,0,0,0,0,0,0,0,0,0,0,0,0,0,0,0,0,0,0,0,0,0,0,0,0,0,0,0,0,0,1,2,2,2,3,3,4,6,6,8,8,8,8,9,14,14,14,15,18,19,21,22,22,23,23,28,29,29,30,30,31,32,32,32,33,34,35,35,36,36,36,42,42,42,43,46,47,51,54,54,54,55,55,57,55,56,58,59,64,64,64,65,71,73,73,72,75,76,77,77,78,78,80,80,81,82,84,84,85,85,86,86,87,89,89,90
84039013,US,USA,840,39013.0,Belmont,Ohio,US,40.01625942,-80.9924051,"Belmont, Ohio, US",0,0,0,0,0,0,0,0,0,0,0,0,0,0,0,0,0,0,0,0,0,0,0,0,0,0,0,0,0,0,0,0,0,0,0,0,0,0,0,0,0,0,0,0,0,0,0,0,0,0,0,2,2,2,2,2,2,2,2,2,2,2,2,3,3,6,8,8,8,9,11,12,14,17,20,22,25,30,36,42,49,50,53,57,58,59,63,68,68,73,84,93,95,98,101,106,114,118,128,144,153,156,163,174,181,201,205,216,229,234,258,266,276,296,300,318,328,341,343,352,362,374,381,384,390,402,403,412,419,428,429,435,438,439,447,449,450,451,453,455,460,462,463,466,467,469,469,472,472,476,477,484
84039015,US,USA,840,39015.0,Brown,Ohio,US,38.93416837,-83.86788395,"Brown, Ohio, US",0,0,0,0,0,0,0,0,0,0,0,0,0,0,0,0,0,0,0,0,0,0,0,0,0,0,0,0,0,0,0,0,0,0,0,0,0,0,0,0,0,0,0,0,0,0,0,0,0,0,0,0,0,0,0,0,0,0,0,0,0,0,0,0,0,0,0,0,1,2,2,2,3,3,3,3,4,4,4,4,5,6,5,5,8,8,8,9,9,9,9,10,11,11,11,11,11,11,11,11,11,11,11,12,13,13,16,16,16,17,17,20,21,21,22,22,22,23,23,23,23,24,24,24,25,25,25,28,28,28,29,29,28,30,30,31,31,31,31,32,32,36,37,38,39,38,38,39,40,41,43,43
84039017,US,USA,840,39017.0,Butler,Ohio,US,39.44012838,-84.57388716,"Butler, Ohio, US",0,0,0,0,0,0,0,0,0,0,0,0,0,0,0,0,0,0,0,0,0,0,0,0,0,0,0,0,0,0,0,0,0,0,0,0,0,0,0,0,0,0,0,0,0,0,0,0,0,0,0,0,4,4,6,6,8,8,12,16,17,17,18,18,21,23,25,27,30,36,41,45,49,59,68,75,92,102,108,112,115,117,121,127,133,148,155,164,166,180,184,192,201,208,216,225,234,254,261,281,296,318,328,334,346,361,372,404,436,452,479,496,509,542,558,578,591,610,639,671,699,734,750,776,802,817,826,847,862,874,893,909,919,933,948,975,985,999,1013,1034,1045,1048,1065,1080,1090,1103,1120,1129,1153,1166,1194,1201
84039019,US,USA,840,39019.0,Carroll,Ohio,US,40.578968599999996,-81.09178213,"Carroll, Ohio, US",0,0,0,0,0,0,0,0,0,0,0,0,0,0,0,0,0,0,0,0,0,0,0,0,0,0,0,0,0,0,0,0,0,0,0,0,0,0,0,0,0,0,0,0,0,0,0,0,0,0,0,0,0,0,0,0,0,0,0,0,1,2,3,3,3,3,3,4,5,5,5,5,5,8,8,9,9,9,9,10,11,13,14,14,14,14,15,15,15,16,16,18,18,19,20,20,19,19,19,21,21,21,21,21,21,21,21,23,23,23,24,24,24,24,24,24,25,26,26,26,26,28,28,28,28,28,29,30,30,30,31,31,31,31,34,35,36,36,36,36,36,36,36,37,37,37,37,37,37,38,39,41
84039021,US,USA,840,39021.0,Champaign,Ohio,US,40.13923427,-83.76875242,"Champaign, Ohio, US",0,0,0,0,0,0,0,0,0,0,0,0,0,0,0,0,0,0,0,0,0,0,0,0,0,0,0,0,0,0,0,0,0,0,0,0,0,0,0,0,0,0,0,0,0,0,0,0,0,0,0,0,0,0,0,0,0,0,0,0,0,0,1,1,2,2,2,2,3,3,4,4,5,5,5,5,5,5,5,6,6,6,6,6,6,6,6,7,8,8,7,7,8,8,12,12,12,14,14,14,14,14,15,14,15,15,16,16,17,18,19,19,21,20,22,23,23,23,23,25,25,26,26,26,26,27,27,27,27,27,28,28,28,28,28,28,29,33,34,35,34,34,34,34,34,35,36,36,37,37,37,37
84039023,US,USA,840,39023.0,Clark,Ohio,US,39.91592258,-83.78498252,"Clark, Ohio, US",0,0,0,0,0,0,0,0,0,0,0,0,0,0,0,0,0,0,0,0,0,0,0,0,0,0,0,0,0,0,0,0,0,0,0,0,0,0,0,0,0,0,0,0,0,0,0,0,0,0,0,0,0,0,0,0,0,1,1,1,1,1,2,2,2,2,2,7,6,6,6,7,7,7,8,10,11,13,14,14,18,20,20,20,21,23,25,26,25,26,28,28,29,30,32,33,43,48,51,57,57,63,67,70,69,71,74,80,90,93,98,104,114,122,131,138,139,148,155,166,178,184,195,206,223,225,231,234,252,277,285,295,298,306,313,323,336,355,371,377,384,394,400,403,409,425,460,502,568,606,639,653
84039025,US,USA,840,39025.0,Clermont,Ohio,US,39.04847534,-84.15375786,"Clermont, Ohio, US",0,0,0,0,0,0,0,0,0,0,0,0,0,0,0,0,0,0,0,0,0,0,0,0,0,0,0,0,0,0,0,0,0,0,0,0,0,0,0,0,0,0,0,0,0,0,0,0,0,0,0,0,0,0,0,0,0,0,0,2,5,5,5,5,6,6,8,8,9,10,11,14,17,20,21,27,22,27,33,36,41,41,39,44,49,60,66,71,72,72,74,73,76,77,77,77,76,78,81,88,93,99,101,103,109,110,110,120,122,123,125,125,129,136,144,149,152,152,156,160,167,170,177,181,188,193,197,202,206,206,211,213,215,216,218,219,224,227,232,234,237,235,236,237,238,240,244,252,256,266,275,279
84039027,US,USA,840,39027.0,Clinton,Ohio,US,39.41485808,-83.80852286,"Clinton, Ohio, US",0,0,0,0,0,0,0,0,0,0,0,0,0,0,0,0,0,0,0,0,0,0,0,0,0,0,0,0,0,0,0,0,0,0,0,0,0,0,0,0,0,0,0,0,0,0,0,0,0,0,0,0,0,0,0,0,0,0,0,0,1,1,1,2,2,2,3,3,3,3,4,5,6,7,8,8,9,11,12,15,15,15,16,18,23,23,26,26,26,26,26,26,27,27,27,28,28,28,29,29,31,31,31,31,31,31,32,33,33,34,35,35,36,37,38,39,39,40,41,43,43,43,43,43,43,43,43,43,43,43,43,43,43,45,45,47,47,47,48,48,49,50,52,52,53,54,54,54,54,54,54,55
84039029,US,USA,840,39029.0,Columbiana,Ohio,US,40.76932373,-80.78094576,"Columbiana, Ohio, US",0,0,0,0,0,0,0,0,0,0,0,0,0,0,0,0,0,0,0,0,0,0,0,0,0,0,0,0,0,0,0,0,0,0,0,0,0,0,0,0,0,0,0,0,0,0,0,0,0,0,0,0,0,0,0,0,0,0,0,0,2,2,3,4,5,7,9,11,11,15,19,22,26,36,42,53,59,71,81,92,96,105,114,115,123,136,154,161,167,182,185,195,208,214,219,223,228,235,247,253,267,274,278,287,292,297,311,313,319,325,336,343,354,367,397,415,420,434,453,457,467,476,477,478,609,657,682,684,739,743,793,875,881,889,891,894,894,896,899,901,903,911,914,916,917,920,921,923,940,954,956,961
84039031,US,USA,840,39031.0,Coshocton,Ohio,US,40.30096166,-81.91729018,"Coshocton, Ohio, US",0,0,0,0,0,0,0,0,0,0,0,0,0,0,0,0,0,0,0,0,0,0,0,0,0,0,0,0,0,0,0,0,0,0,0,0,0,0,0,0,0,0,0,0,0,0,0,0,0,0,0,0,0,0,0,2,2,2,2,2,2,3,3,4,4,4,4,4,5,5,7,8,10,8,9,10,10,10,12,15,15,16,16,16,16,16,16,16,16,16,16,16,16,16,16,16,16,17,17,17,17,17,17,17,17,17,18,19,19,19,19,19,19,19,20,20,19,20,21,22,22,23,24,24,24,26,34,37,38,38,40,40,41,40,45,48,48,48,48,48,48,49,50,51,51,51,52,53,54,56,59,60
84039033,US,USA,840,39033.0,Crawford,Ohio,US,40.85065156,-82.91989099,"Crawford, Ohio, US",0,0,0,0,0,0,0,0,0,0,0,0,0,0,0,0,0,0,0,0,0,0,0,0,0,0,0,0,0,0,0,0,0,0,0,0,0,0,0,0,0,0,0,0,0,0,0,0,0,0,0,0,0,0,0,0,0,0,0,0,0,0,1,1,1,1,2,2,5,5,5,6,7,7,9,9,9,9,12,13,13,16,17,19,23,26,28,36,41,37,37,36,37,38,39,39,41,41,45,45,48,50,52,56,57,60,65,69,71,72,77,79,86,89,92,94,94,97,98,101,103,104,104,104,104,106,110,110,110,114,114,115,116,117,118,118,118,120,121,121,121,123,122,122,122,123,123,122,122,122,122,122
84039035,US,USA,840,39035.0,Cuyahoga,Ohio,US,41.424119,-81.65918339,"Cuyahoga, Ohio, US",0,0,0,0,0,0,0,0,0,0,0,0,0,0,0,0,0,0,0,0,0,0,0,0,0,0,0,0,0,0,0,0,0,0,0,0,0,0,0,0,0,0,0,0,0,0,0,0,3,3,3,6,11,11,24,31,38,53,69,92,125,149,167,206,259,330,370,440,493,527,589,663,780,781,826,871,911,960,1014,1052,1113,1152,1197,1239,1281,1331,1383,1453,1466,1577,1653,1713,1768,1817,1867,1902,1938,1984,2030,2126,2217,2305,2338,2398,2428,2542,2591,2668,2755,2795,2861,2908,2979,3066,3156,3223,3321,3410,3463,3512,3667,3762,3851,3927,3963,4060,4137,4211,4318,4369,4444,4508,4581,4669,4732,4789,4827,4858,4910,4939,5011,5057,5112,5144,5175,5220,5271,5336,5404,5481,5555,5633
84039037,US,USA,840,39037.0,Darke,Ohio,US,40.13412966,-84.6194517,"Darke, Ohio, US",0,0,0,0,0,0,0,0,0,0,0,0,0,0,0,0,0,0,0,0,0,0,0,0,0,0,0,0,0,0,0,0,0,0,0,0,0,0,0,0,0,0,0,0,0,0,0,0,0,0,0,0,0,0,0,1,1,1,1,1,1,1,1,1,1,1,1,3,12,13,22,22,28,28,32,32,34,38,40,40,42,45,49,50,52,55,55,55,56,57,58,62,62,74,75,75,75,75,76,76,76,76,77,77,77,79,79,82,84,84,89,90,93,95,102,111,118,121,126,134,142,146,147,151,153,156,156,162,167,167,170,174,181,184,189,190,191,193,193,194,195,210,220,222,222,222,222,223,227,227,228,227
84039039,US,USA,840,39039.0,Defiance,Ohio,US,41.32398837,-84.49076944,"Defiance, Ohio, US",0,0,0,0,0,0,0,0,0,0,0,0,0,0,0,0,0,0,0,0,0,0,0,0,0,0,0,0,0,0,0,0,0,0,0,0,0,0,0,0,0,0,0,0,0,0,0,0,0,0,0,0,0,0,0,0,0,0,1,2,2,2,2,2,2,5,5,5,5,5,6,6,7,7,7,8,9,10,10,11,11,11,12,12,12,12,13,13,14,15,15,17,17,18,19,19,19,20,20,20,20,20,20,20,21,21,21,21,26,26,26,25,25,25,25,25,25,27,28,30,30,32,32,32,32,32,33,33,33,33,34,34,34,34,34,34,35,36,37,38,39,40,40,40,40,40,40,40,40,40,42,42
84039041,US,USA,840,39041.0,Delaware,Ohio,US,40.27942393,-83.00457058,"Delaware, Ohio, US",0,0,0,0,0,0,0,0,0,0,0,0,0,0,0,0,0,0,0,0,0,0,0,0,0,0,0,0,0,0,0,0,0,0,0,0,0,0,0,0,0,0,0,0,0,0,0,0,0,0,0,0,0,0,0,0,1,2,2,4,6,7,11,12,15,20,26,31,38,42,47,50,61,69,70,77,77,79,84,88,89,94,96,99,108,114,119,119,123,122,127,128,132,137,138,143,148,151,153,160,163,168,175,179,184,190,196,199,211,220,222,232,234,240,241,257,258,263,266,277,280,282,292,296,300,302,302,310,320,331,337,337,340,344,355,360,366,368,369,378,384,387,389,394,398,402,403,403,410,412,419,427
84039043,US,USA,840,39043.0,Erie,Ohio,US,41.36796058,-82.62904521,"Erie, Ohio, US",0,0,0,0,0,0,0,0,0,0,0,0,0,0,0,0,0,0,0,0,0,0,0,0,0,0,0,0,0,0,0,0,0,0,0,0,0,0,0,0,0,0,0,0,0,0,0,0,0,0,0,0,0,0,0,0,0,0,1,1,1,1,1,2,3,3,5,5,5,5,5,5,6,6,8,10,10,10,10,10,10,10,12,14,16,19,23,27,33,37,37,44,43,44,47,47,49,52,54,56,56,58,58,60,67,71,75,78,79,80,83,85,86,86,88,97,102,121,124,124,131,133,137,155,157,159,163,165,167,171,172,175,178,182,185,184,184,189,190,191,191,191,191,209,210,213,215,215,215,216,217,217
84039045,US,USA,840,39045.0,Fairfield,Ohio,US,39.75107189,-82.63088163,"Fairfield, Ohio, US",0,0,0,0,0,0,0,0,0,0,0,0,0,0,0,0,0,0,0,0,0,0,0,0,0,0,0,0,0,0,0,0,0,0,0,0,0,0,0,0,0,0,0,0,0,0,0,0,0,0,0,0,0,0,0,0,0,0,0,0,0,0,2,5,6,8,14,14,13,14,22,28,32,36,46,54,59,65,68,73,78,81,84,90,92,96,95,97,97,99,101,106,109,108,110,114,116,121,129,137,138,140,150,152,155,158,162,171,177,177,178,188,191,198,203,203,205,208,215,217,222,229,233,240,240,246,248,251,258,259,267,280,301,310,314,318,321,326,333,336,342,348,353,360,364,370,374,387,392,398,404,409
84039047,US,USA,840,39047.0,Fayette,Ohio,US,39.56021306,-83.4562016,"Fayette, Ohio, US",0,0,0,0,0,0,0,0,0,0,0,0,0,0,0,0,0,0,0,0,0,0,0,0,0,0,0,0,0,0,0,0,0,0,0,0,0,0,0,0,0,0,0,0,0,0,0,0,0,0,0,0,0,0,0,0,0,0,0,0,0,0,0,1,1,1,1,1,1,1,1,1,1,2,2,2,2,4,5,5,7,9,10,12,12,12,12,13,13,13,13,13,13,13,13,13,14,15,15,15,16,17,20,20,21,21,23,23,27,26,23,23,23,23,28,30,31,32,31,32,33,34,34,34,37,37,37,39,40,40,40,40,40,40,41,41,42,42,43,43,43,44,44,44,45,45,45,45,45,45,45,45
84039049,US,USA,840,39049.0,Franklin,Ohio,US,39.96995815,-83.01115755,"Franklin, Ohio, US",0,0,0,0,0,0,0,0,0,0,0,0,0,0,0,0,0,0,0,0,0,0,0,0,0,0,0,0,0,0,0,0,0,0,0,0,0,0,0,0,0,0,0,0,0,0,0,0,0,0,0,0,1,3,3,4,7,10,14,21,34,44,75,88,109,152,222,247,281,325,391,441,503,557,597,644,703,761,802,850,894,943,1012,1053,1102,1212,1320,1403,1513,1510,1557,1598,1673,1768,1839,1942,2005,2090,2216,2441,2589,2698,2905,2988,3097,3237,3377,3615,3710,3777,3881,4002,4113,4227,4330,4420,4493,4574,4706,4793,4885,4996,5097,5188,5310,5414,5486,5566,5674,5773,5862,5933,5996,6112,6216,6323,6406,6512,6586,6667,6741,6844,6918,7030,7076,7202,7289,7365,7487,7590,7694,7794
84039051,US,USA,840,39051.0,Fulton,Ohio,US,41.60213491,-84.12571393,"Fulton, Ohio, US",0,0,0,0,0,0,0,0,0,0,0,0,0,0,0,0,0,0,0,0,0,0,0,0,0,0,0,0,0,0,0,0,0,0,0,0,0,0,0,0,0,0,0,0,0,0,0,0,0,0,0,0,0,0,0,0,0,0,0,0,0,0,0,0,0,2,2,2,2,2,2,3,4,5,5,5,5,5,5,5,6,7,7,7,8,10,13,14,17,16,16,18,18,18,19,19,19,20,21,22,24,24,24,26,29,30,30,30,30,31,31,32,32,32,34,34,34,35,35,35,35,35,35,36,36,35,36,37,39,40,41,44,44,45,45,45,45,46,50,51,52,52,52,52,53,53,53,53,53,53,53,53
84039053,US,USA,840,39053.0,Gallia,Ohio,US,38.82708533,-82.31647569,"Gallia, Ohio, US",0,0,0,0,0,0,0,0,0,0,0,0,0,0,0,0,0,0,0,0,0,0,0,0,0,0,0,0,0,0,0,0,0,0,0,0,0,0,0,0,0,0,0,0,0,0,0,0,0,0,0,0,0,0,0,0,0,0,0,1,1,1,1,1,1,1,1,1,1,1,1,3,4,4,4,4,4,4,4,4,4,5,8,8,8,6,6,6,6,6,6,6,6,6,6,6,6,6,6,6,6,6,6,6,6,6,6,6,6,6,6,6,6,6,6,7,7,7,7,8,7,7,7,7,7,7,7,7,7,9,8,8,8,8,8,8,9,9,9,9,9,9,9,9,9,9,9,9,9,9,9,9
84039055,US,USA,840,39055.0,Geauga,Ohio,US,41.49952319,-81.17935342,"Geauga, Ohio, US",0,0,0,0,0,0,0,0,0,0,0,0,0,0,0,0,0,0,0,0,0,0,0,0,0,0,0,0,0,0,0,0,0,0,0,0,0,0,0,0,0,0,0,0,0,0,0,0,0,0,0,0,0,0,1,1,1,1,1,1,2,2,5,4,7,10,14,17,22,24,25,33,41,38,38,40,41,44,47,49,53,61,68,69,82,92,96,98,100,105,113,117,119,126,128,137,146,148,153,154,155,159,163,169,172,181,184,187,189,189,191,195,198,206,212,220,220,221,226,231,241,248,250,256,257,258,261,272,277,282,284,286,292,295,300,303,306,309,313,317,327,331,331,331,334,337,342,344,349,353,355,357
84039057,US,USA,840,39057.0,Greene,Ohio,US,39.69116283,-83.89032084,"Greene, Ohio, US",0,0,0,0,0,0,0,0,0,0,0,0,0,0,0,0,0,0,0,0,0,0,0,0,0,0,0,0,0,0,0,0,0,0,0,0,0,0,0,0,0,0,0,0,0,0,0,0,0,0,0,0,0,0,0,0,0,0,0,0,1,1,3,3,3,3,3,3,3,6,8,8,9,11,13,15,20,21,21,22,24,28,30,31,31,33,33,39,38,39,39,39,40,40,41,43,45,45,46,46,46,48,48,49,50,50,52,52,53,59,63,67,68,70,73,75,75,78,78,85,86,86,92,93,93,94,98,101,101,101,101,103,102,102,105,106,108,111,114,120,122,129,132,133,135,143,151,150,156,158,165,169
84039059,US,USA,840,39059.0,Guernsey,Ohio,US,40.05026529,-81.49248905,"Guernsey, Ohio, US",0,0,0,0,0,0,0,0,0,0,0,0,0,0,0,0,0,0,0,0,0,0,0,0,0,0,0,0,0,0,0,0,0,0,0,0,0,0,0,0,0,0,0,0,0,0,0,0,0,0,0,0,0,0,0,0,0,0,0,0,0,0,0,0,0,0,0,0,0,0,0,1,1,1,1,2,1,2,4,5,5,6,6,7,10,10,10,10,11,12,12,15,15,15,15,15,15,15,15,15,15,16,19,19,19,20,20,20,21,21,21,21,21,22,22,24,24,25,26,28,29,29,30,31,31,32,33,34,34,35,35,36,36,36,38,38,41,42,43,44,44,44,44,44,44,44,44,44,44,44,44,45
84039061,US,USA,840,39061.0,Hamilton,Ohio,US,39.19673558,-84.54502924,"Hamilton, Ohio, US",0,0,0,0,0,0,0,0,0,0,0,0,0,0,0,0,0,0,0,0,0,0,0,0,0,0,0,0,0,0,0,0,0,0,0,0,0,0,0,0,0,0,0,0,0,0,0,0,0,0,0,0,0,0,0,0,0,1,7,8,19,26,38,48,53,63,71,85,101,124,154,178,203,288,319,394,411,437,473,504,529,535,558,576,594,615,658,701,718,735,768,785,868,932,975,1005,1048,1091,1150,1218,1297,1353,1380,1434,1480,1527,1572,1664,1731,1757,1823,1859,1886,1927,1961,2007,2047,2082,2138,2167,2228,2279,2349,2403,2458,2492,2523,2555,2603,2642,2672,2698,2721,2739,2767,2811,2831,2860,2891,2918,2975,3011,3078,3130,3185,3250,3316,3374,3508,3634,3744,3829
84039063,US,USA,840,39063.0,Hancock,Ohio,US,41.00250487,-83.66838948,"Hancock, Ohio, US",0,0,0,0,0,0,0,0,0,0,0,0,0,0,0,0,0,0,0,0,0,0,0,0,0,0,0,0,0,0,0,0,0,0,0,0,0,0,0,0,0,0,0,0,0,0,0,0,0,0,0,0,0,0,0,0,0,0,0,0,1,1,1,1,2,2,3,3,3,5,6,8,9,9,11,14,15,17,16,17,20,19,19,20,23,25,27,30,29,30,29,30,32,34,34,34,35,37,37,37,37,38,38,39,39,39,39,39,39,39,39,39,40,42,44,45,45,46,46,46,47,47,48,48,48,48,48,51,50,50,50,50,51,51,53,53,54,56,58,60,60,61,61,61,61,61,61,61,62,62,62,62
84039065,US,USA,840,39065.0,Hardin,Ohio,US,40.66015414,-83.65929931,"Hardin, Ohio, US",0,0,0,0,0,0,0,0,0,0,0,0,0,0,0,0,0,0,0,0,0,0,0,0,0,0,0,0,0,0,0,0,0,0,0,0,0,0,0,0,0,0,0,0,0,0,0,0,0,0,0,0,0,0,0,0,0,0,0,0,0,0,0,0,0,0,0,0,0,0,0,1,1,1,1,2,2,2,3,4,4,5,8,11,11,12,13,15,17,17,20,20,20,21,23,23,22,24,24,25,25,26,26,26,26,26,26,27,27,28,28,28,29,30,29,30,30,30,30,30,33,37,38,40,41,41,41,42,45,60,61,61,61,64,71,73,73,73,76,77,78,87,87,92,93,93,94,96,105,106,107,107
84039067,US,USA,840,39067.0,Harrison,Ohio,US,40.29380509,-81.09068544,"Harrison, Ohio, US",0,0,0,0,0,0,0,0,0,0,0,0,0,0,0,0,0,0,0,0,0,0,0,0,0,0,0,0,0,0,0,0,0,0,0,0,0,0,0,0,0,0,0,0,0,0,0,0,0,0,0,0,0,0,0,0,0,0,0,0,0,0,0,0,0,0,0,0,0,0,0,0,0,0,0,0,0,0,0,0,0,0,0,0,0,1,2,2,2,2,2,2,2,2,2,4,4,4,4,4,4,5,6,6,6,6,6,6,6,6,6,7,8,8,9,9,9,9,10,10,10,10,10,10,10,10,10,10,10,10,10,10,10,10,10,10,10,10,10,10,10,10,10,10,10,10,11,11,11,11,11,11
84039069,US,USA,840,39069.0,Henry,Ohio,US,41.333964200000004,-84.06830637,"Henry, Ohio, US",0,0,0,0,0,0,0,0,0,0,0,0,0,0,0,0,0,0,0,0,0,0,0,0,0,0,0,0,0,0,0,0,0,0,0,0,0,0,0,0,0,0,0,0,0,0,0,0,0,0,0,0,0,0,0,0,0,0,0,0,0,0,0,0,0,0,0,0,0,0,0,0,0,0,0,0,0,1,1,1,1,1,1,1,2,2,3,3,3,3,4,4,4,4,4,4,4,5,5,5,5,5,5,5,6,6,6,8,8,8,9,10,10,10,10,10,10,10,12,12,13,13,14,14,15,15,15,15,15,15,15,16,16,17,17,17,19,18,19,19,19,19,19,20,20,20,20,20,21,21,22,23
84039071,US,USA,840,39071.0,Highland,Ohio,US,39.1839264,-83.60331456,"Highland, Ohio, US",0,0,0,0,0,0,0,0,0,0,0,0,0,0,0,0,0,0,0,0,0,0,0,0,0,0,0,0,0,0,0,0,0,0,0,0,0,0,0,0,0,0,0,0,0,0,0,0,0,0,0,0,0,0,0,0,0,0,0,0,0,1,1,1,1,1,1,1,1,1,2,3,3,4,4,6,6,6,6,6,6,6,7,7,7,7,7,7,7,7,7,8,8,8,8,9,10,10,11,11,10,10,10,11,11,11,11,11,12,12,12,14,14,14,14,14,16,15,15,16,16,16,18,18,18,19,19,22,23,23,25,25,26,26,26,29,29,29,30,30,31,33,32,33,34,34,34,35,35,37,37,39
84039073,US,USA,840,39073.0,Hocking,Ohio,US,39.49537927,-82.47991446,"Hocking, Ohio, US",0,0,0,0,0,0,0,0,0,0,0,0,0,0,0,0,0,0,0,0,0,0,0,0,0,0,0,0,0,0,0,0,0,0,0,0,0,0,0,0,0,0,0,0,0,0,0,0,0,0,0,0,0,0,0,0,0,0,0,0,0,0,0,0,0,0,0,0,0,0,0,0,0,0,0,0,0,0,0,0,2,2,2,4,4,4,4,4,4,4,5,5,5,6,11,14,16,16,16,18,18,19,19,19,19,20,20,20,20,20,22,22,28,29,31,59,61,61,61,63,63,64,64,65,65,69,69,69,69,69,69,69,70,70,70,70,71,71,74,73,73,73,73,73,73,73,73,73,73,73,73,73
84039075,US,USA,840,39075.0,Holmes,Ohio,US,40.56163713,-81.92635677,"Holmes, Ohio, US",0,0,0,0,0,0,0,0,0,0,0,0,0,0,0,0,0,0,0,0,0,0,0,0,0,0,0,0,0,0,0,0,0,0,0,0,0,0,0,0,0,0,0,0,0,0,0,0,0,0,0,0,0,0,0,0,0,0,0,0,0,0,0,0,0,0,0,0,1,1,1,1,2,1,1,2,2,3,3,3,3,3,3,3,3,3,3,3,3,4,4,4,5,5,5,5,5,5,5,6,6,6,6,6,6,6,7,7,7,8,8,8,8,10,10,10,11,13,13,15,15,20,22,25,27,28,29,29,32,34,39,43,45,46,54,57,60,68,69,69,72,74,84,87,87,90,92,92,101,109,111,127
84039077,US,USA,840,39077.0,Huron,Ohio,US,41.14651175,-82.59867951,"Huron, Ohio, US",0,0,0,0,0,0,0,0,0,0,0,0,0,0,0,0,0,0,0,0,0,0,0,0,0,0,0,0,0,0,0,0,0,0,0,0,0,0,0,0,0,0,0,0,0,0,0,0,0,0,0,0,0,0,0,0,1,1,1,1,1,1,2,2,3,3,3,3,3,4,4,4,5,6,6,9,10,9,10,10,15,14,14,14,14,16,16,15,16,20,23,25,24,25,27,28,29,30,30,29,29,31,31,32,33,34,34,37,38,38,38,39,39,40,39,40,41,42,43,44,46,48,49,52,55,55,55,56,56,57,58,60,60,60,61,61,62,63,63,64,64,71,72,74,77,77,79,81,95,96,97,110
84039079,US,USA,840,39079.0,Jackson,Ohio,US,39.01914254,-82.61818559999998,"Jackson, Ohio, US",0,0,0,0,0,0,0,0,0,0,0,0,0,0,0,0,0,0,0,0,0,0,0,0,0,0,0,0,0,0,0,0,0,0,0,0,0,0,0,0,0,0,0,0,0,0,0,0,0,0,0,0,0,0,0,0,0,0,0,0,0,0,0,0,0,0,0,0,0,0,0,0,0,0,0,0,0,2,2,2,2,2,2,3,3,3,3,4,5,4,4,4,4,4,4,4,4,4,4,4,4,4,5,5,6,7,7,7,7,8,8,8,9,9,10,11,11,11,11,11,11,11,11,11,11,12,12,13,13,14,14,14,14,14,14,15,15,15,15,16,16,16,16,16,16,16,16,16,16,16,16,16
84039081,US,USA,840,39081.0,Jefferson,Ohio,US,40.38614126,-80.76259514,"Jefferson, Ohio, US",0,0,0,0,0,0,0,0,0,0,0,0,0,0,0,0,0,0,0,0,0,0,0,0,0,0,0,0,0,0,0,0,0,0,0,0,0,0,0,0,0,0,0,0,0,0,0,0,0,0,0,0,0,0,0,0,0,0,0,0,0,0,0,0,1,1,5,5,7,11,11,13,16,14,14,15,15,18,19,20,23,24,24,24,24,24,24,26,28,30,31,31,33,33,35,37,39,42,43,43,43,43,45,45,46,48,49,50,54,54,56,56,56,58,59,59,61,61,61,62,62,62,62,62,62,63,65,66,67,67,67,67,66,67,67,67,68,68,69,69,69,69,69,70,70,71,71,71,71,74,74,74
84039083,US,USA,840,39083.0,Knox,Ohio,US,40.39830217,-82.42027563,"Knox, Ohio, US",0,0,0,0,0,0,0,0,0,0,0,0,0,0,0,0,0,0,0,0,0,0,0,0,0,0,0,0,0,0,0,0,0,0,0,0,0,0,0,0,0,0,0,0,0,0,0,0,0,0,0,0,0,0,0,0,0,0,0,0,1,1,1,2,2,2,2,3,3,4,4,5,5,6,7,7,7,7,8,9,9,10,10,10,10,11,11,11,11,13,13,13,14,15,15,15,15,15,16,16,16,18,18,19,19,20,20,20,20,20,20,20,20,20,21,21,22,22,23,23,23,23,23,23,23,23,23,23,24,25,25,25,25,25,25,25,26,28,29,29,29,30,31,31,31,32,33,33,33,33,33,34
84039085,US,USA,840,39085.0,Lake,Ohio,US,41.69710807,-81.23676539,"Lake, Ohio, US",0,0,0,0,0,0,0,0,0,0,0,0,0,0,0,0,0,0,0,0,0,0,0,0,0,0,0,0,0,0,0,0,0,0,0,0,0,0,0,0,0,0,0,0,0,0,0,0,0,0,0,0,0,0,0,1,2,2,3,4,6,8,11,14,19,27,30,35,43,44,48,62,65,76,79,87,92,99,106,108,112,114,117,121,124,127,130,131,133,135,139,145,148,154,157,157,158,160,165,168,170,170,172,173,176,180,187,192,194,197,199,203,206,210,214,219,224,226,231,235,246,252,263,267,268,282,287,290,302,306,308,309,309,318,320,325,327,331,334,337,337,338,344,346,347,348,350,354,356,358,364,367
84039087,US,USA,840,39087.0,Lawrence,Ohio,US,38.59743452,-82.53466552,"Lawrence, Ohio, US",0,0,0,0,0,0,0,0,0,0,0,0,0,0,0,0,0,0,0,0,0,0,0,0,0,0,0,0,0,0,0,0,0,0,0,0,0,0,0,0,0,0,0,0,0,0,0,0,0,0,0,0,0,0,0,0,0,0,0,0,0,0,0,1,1,1,1,1,1,1,1,2,3,7,8,10,9,13,15,15,15,16,17,17,17,19,20,20,21,21,23,22,22,22,22,23,24,24,24,24,24,25,25,24,24,24,24,24,24,25,25,25,26,27,27,27,27,27,27,28,27,28,28,28,28,28,28,29,30,30,30,30,30,30,31,30,30,30,30,30,30,32,32,32,32,34,35,37,40,42,42,44
84039089,US,USA,840,39089.0,Licking,Ohio,US,40.09136236,-82.48185785,"Licking, Ohio, US",0,0,0,0,0,0,0,0,0,0,0,0,0,0,0,0,0,0,0,0,0,0,0,0,0,0,0,0,0,0,0,0,0,0,0,0,0,0,0,0,0,0,0,0,0,0,0,0,0,0,0,0,0,0,0,0,0,0,1,1,1,1,2,3,5,10,14,15,21,25,24,30,35,50,55,57,61,64,78,79,80,83,86,86,88,92,94,94,102,100,102,103,104,105,108,108,110,114,115,118,121,122,125,130,133,137,146,150,162,162,164,172,175,180,182,184,185,190,190,197,199,200,201,204,207,214,218,222,230,243,248,249,258,265,267,271,275,277,280,284,285,287,297,305,312,314,317,321,324,329,330,331
84039091,US,USA,840,39091.0,Logan,Ohio,US,40.38996525,-83.76784341,"Logan, Ohio, US",0,0,0,0,0,0,0,0,0,0,0,0,0,0,0,0,0,0,0,0,0,0,0,0,0,0,0,0,0,0,0,0,0,0,0,0,0,0,0,0,0,0,0,0,0,0,0,0,0,0,0,0,0,0,0,0,0,0,0,0,0,1,2,2,2,2,3,3,3,3,3,3,3,3,5,5,5,5,5,7,7,7,8,8,8,8,12,13,13,13,13,14,15,16,18,18,18,18,18,18,18,19,19,19,19,19,23,23,23,23,23,23,23,23,24,24,23,24,24,25,32,33,38,37,37,37,37,37,37,38,39,39,40,40,43,43,43,44,46,46,46,47,47,48,48,48,48,48,48,48,48,48
84039093,US,USA,840,39093.0,Lorain,Ohio,US,41.29553751,-82.15083537,"Lorain, Ohio, US",0,0,0,0,0,0,0,0,0,0,0,0,0,0,0,0,0,0,0,0,0,0,0,0,0,0,0,0,0,0,0,0,0,0,0,0,0,0,0,0,0,0,0,0,0,0,0,0,0,0,0,0,1,1,3,4,6,6,10,14,19,24,30,37,44,56,65,74,78,82,85,90,95,105,110,117,116,136,140,150,161,176,184,191,203,221,245,291,294,303,320,332,344,366,374,377,395,406,418,452,471,480,490,503,510,518,528,537,543,548,554,560,569,576,585,589,595,605,610,620,624,626,637,641,648,653,659,667,672,678,687,692,702,709,722,730,737,747,755,757,762,772,779,786,794,804,807,814,822,825,831,843
84039095,US,USA,840,39095.0,Lucas,Ohio,US,41.62101218,-83.65468618,"Lucas, Ohio, US",0,0,0,0,0,0,0,0,0,0,0,0,0,0,0,0,0,0,0,0,0,0,0,0,0,0,0,0,0,0,0,0,0,0,0,0,0,0,0,0,0,0,0,0,0,0,0,0,0,0,0,0,0,1,1,1,1,1,2,4,7,10,13,23,35,48,67,94,114,133,171,206,233,272,302,321,347,371,403,443,490,503,514,540,596,644,682,724,789,823,853,878,936,985,1033,1104,1130,1166,1208,1251,1297,1331,1376,1429,1478,1527,1583,1665,1710,1757,1806,1836,1858,1883,1921,1945,1960,1986,1999,2021,2056,2071,2087,2107,2126,2152,2162,2178,2202,2241,2267,2277,2282,2296,2313,2329,2340,2348,2354,2372,2390,2394,2411,2419,2428,2457,2460,2462,2468,2478,2483,2490
84039097,US,USA,840,39097.0,Madison,Ohio,US,39.89381073,-83.40178317,"Madison, Ohio, US",0,0,0,0,0,0,0,0,0,0,0,0,0,0,0,0,0,0,0,0,0,0,0,0,0,0,0,0,0,0,0,0,0,0,0,0,0,0,0,0,0,0,0,0,0,0,0,0,0,0,0,0,0,0,0,0,0,0,0,0,1,1,1,2,3,3,4,4,5,7,9,11,13,15,17,17,18,20,21,23,23,23,24,24,24,29,27,30,30,30,30,30,38,47,51,51,52,56,60,63,64,64,67,71,73,73,73,78,81,83,84,87,88,93,95,98,98,99,100,102,105,128,132,133,134,141,144,148,152,152,156,155,157,162,163,164,164,166,167,167,167,167,168,168,168,168,168,169,170,172,174,174
84039099,US,USA,840,39099.0,Mahoning,Ohio,US,41.01631101,-80.77287029,"Mahoning, Ohio, US",0,0,0,0,0,0,0,0,0,0,0,0,0,0,0,0,0,0,0,0,0,0,0,0,0,0,0,0,0,0,0,0,0,0,0,0,0,0,0,0,0,0,0,0,0,0,0,0,0,0,0,0,0,0,0,1,3,5,7,14,18,23,28,42,51,68,80,84,117,153,177,192,220,250,261,272,300,305,334,358,375,417,443,469,486,512,547,572,589,604,621,635,666,688,721,737,764,784,804,828,853,883,937,961,998,1024,1044,1087,1104,1119,1144,1150,1163,1174,1185,1199,1212,1226,1247,1252,1277,1295,1317,1334,1341,1347,1367,1397,1405,1428,1431,1438,1456,1463,1466,1486,1502,1511,1516,1522,1529,1563,1576,1586,1595,1600,1607,1606,1619,1632,1639,1654
84039101,US,USA,840,39101.0,Marion,Ohio,US,40.58610662,-83.15736305,"Marion, Ohio, US",0,0,0,0,0,0,0,0,0,0,0,0,0,0,0,0,0,0,0,0,0,0,0,0,0,0,0,0,0,0,0,0,0,0,0,0,0,0,0,0,0,0,0,0,0,0,0,0,0,0,0,0,0,0,0,0,0,0,1,1,1,3,4,4,4,5,5,6,7,8,9,10,11,12,19,25,28,32,40,42,49,53,91,110,164,276,428,983,1834,2073,2132,2137,2161,2169,2172,2178,2188,2191,2196,2196,2276,2294,2329,2332,2335,2347,2350,2366,2381,2387,2404,2412,2419,2431,2436,2449,2500,2513,2524,2540,2557,2581,2608,2617,2619,2623,2628,2642,2657,2660,2666,2668,2674,2679,2686,2688,2689,2691,2694,2695,2697,2699,2701,2704,2706,2706,2712,2712,2713,2715,2715,2715
84039103,US,USA,840,39103.0,Medina,Ohio,US,41.11770589,-81.89986209999998,"Medina, Ohio, US",0,0,0,0,0,0,0,0,0,0,0,0,0,0,0,0,0,0,0,0,0,0,0,0,0,0,0,0,0,0,0,0,0,0,0,0,0,0,0,0,0,0,0,0,0,0,0,0,0,0,0,0,0,0,2,3,4,5,6,9,10,15,15,22,24,32,37,45,48,55,59,68,79,74,78,83,88,94,98,103,107,110,112,116,122,126,130,132,135,139,142,143,148,149,153,160,159,162,165,167,171,172,172,175,177,184,185,190,193,194,195,203,205,207,210,212,216,224,229,237,245,258,274,288,302,307,310,313,328,337,337,346,356,366,376,376,382,387,388,390,394,394,397,397,397,398,400,402,404,406,407,413
84039105,US,USA,840,39105.0,Meigs,Ohio,US,39.09224872,-82.0305041,"Meigs, Ohio, US",0,0,0,0,0,0,0,0,0,0,0,0,0,0,0,0,0,0,0,0,0,0,0,0,0,0,0,0,0,0,0,0,0,0,0,0,0,0,0,0,0,0,0,0,0,0,0,0,0,0,0,0,0,0,0,0,0,0,0,0,0,0,0,0,0,0,0,0,0,0,0,0,0,0,0,0,1,1,1,1,1,1,1,1,2,2,2,2,2,2,2,2,2,2,2,2,2,2,2,2,2,2,3,3,3,3,3,3,3,3,3,3,3,3,3,3,3,3,3,3,4,5,6,6,6,6,6,6,6,6,6,6,6,6,6,6,6,6,6,6,6,6,6,6,6,6,7,8,9,9,9,9
84039107,US,USA,840,39107.0,Mercer,Ohio,US,40.54043046,-84.62912742,"Mercer, Ohio, US",0,0,0,0,0,0,0,0,0,0,0,0,0,0,0,0,0,0,0,0,0,0,0,0,0,0,0,0,0,0,0,0,0,0,0,0,0,0,0,0,0,0,0,0,0,0,0,0,0,0,0,0,0,0,0,0,0,0,0,0,0,0,0,1,1,2,2,2,2,2,4,5,6,6,7,8,8,11,12,12,12,13,13,13,13,13,13,13,13,13,13,14,16,16,18,18,18,18,18,21,26,28,29,33,38,42,42,62,66,67,84,86,90,109,115,121,133,141,148,162,163,170,178,184,190,200,201,201,203,210,211,216,217,220,223,227,230,233,237,237,239,242,244,244,245,246,247,253,253,255,257,258
84039109,US,USA,840,39109.0,Miami,Ohio,US,40.0543329,-84.22871271,"Miami, Ohio, US",0,0,0,0,0,0,0,0,0,0,0,0,0,0,0,0,0,0,0,0,0,0,0,0,0,0,0,0,0,0,0,0,0,0,0,0,0,0,0,0,0,0,0,0,0,0,0,0,0,0,0,0,0,0,0,0,0,1,2,11,13,17,19,19,20,32,38,43,46,52,60,62,66,69,76,90,101,107,110,113,116,117,121,122,125,127,129,129,129,131,133,134,134,134,135,135,136,136,138,139,142,143,143,144,144,144,145,176,244,268,313,314,316,317,326,327,332,332,332,337,337,337,346,348,348,351,351,352,355,355,357,358,361,362,366,367,373,374,375,376,379,380,382,384,386,388,388,392,393,397,399,400
84039111,US,USA,840,39111.0,Monroe,Ohio,US,39.72984936,-81.08464734,"Monroe, Ohio, US",0,0,0,0,0,0,0,0,0,0,0,0,0,0,0,0,0,0,0,0,0,0,0,0,0,0,0,0,0,0,0,0,0,0,0,0,0,0,0,0,0,0,0,0,0,0,0,0,0,0,0,0,0,0,0,0,0,0,0,0,0,0,0,0,0,0,0,0,0,0,0,0,0,0,2,2,2,2,2,2,2,2,2,2,2,2,2,2,2,2,2,2,2,2,2,2,2,2,3,3,3,4,3,4,4,4,5,8,8,10,19,22,25,28,53,53,55,56,56,59,65,71,71,71,71,73,74,75,77,78,78,79,79,79,80,80,80,80,81,81,83,83,83,83,82,82,82,82,82,82,82,82
84039113,US,USA,840,39113.0,Montgomery,Ohio,US,39.75394919,-84.29050975,"Montgomery, Ohio, US",0,0,0,0,0,0,0,0,0,0,0,0,0,0,0,0,0,0,0,0,0,0,0,0,0,0,0,0,0,0,0,0,0,0,0,0,0,0,0,0,0,0,0,0,0,0,0,0,0,0,0,0,0,0,0,0,1,1,1,1,5,7,10,14,14,19,20,25,31,37,41,49,57,69,84,109,132,147,156,161,175,198,201,205,211,213,222,229,232,235,237,241,250,251,256,260,262,266,279,285,293,311,316,320,328,332,345,356,369,390,422,433,442,468,489,500,504,520,531,539,554,561,578,593,605,609,617,637,651,656,663,684,688,695,720,734,766,791,817,835,847,874,901,934,969,992,1026,1058,1118,1174,1214,1263
84039115,US,USA,840,39115.0,Morgan,Ohio,US,39.62081738,-81.85308173,"Morgan, Ohio, US",0,0,0,0,0,0,0,0,0,0,0,0,0,0,0,0,0,0,0,0,0,0,0,0,0,0,0,0,0,0,0,0,0,0,0,0,0,0,0,0,0,0,0,0,0,0,0,0,0,0,0,0,0,0,0,0,0,0,0,0,0,0,0,0,0,0,0,0,0,0,0,0,0,0,0,1,1,2,2,2,2,2,2,2,2,3,3,3,3,3,3,4,4,4,4,4,4,4,4,4,4,4,4,5,5,5,5,5,5,5,5,5,5,5,5,5,5,5,5,5,5,5,5,5,5,5,5,5,5,5,5,5,5,5,5,5,6,6,6,6,6,6,6,6,6,6,6,6,6,6,6,6
84039117,US,USA,840,39117.0,Morrow,Ohio,US,40.52363560000001,-82.7892599,"Morrow, Ohio, US",0,0,0,0,0,0,0,0,0,0,0,0,0,0,0,0,0,0,0,0,0,0,0,0,0,0,0,0,0,0,0,0,0,0,0,0,0,0,0,0,0,0,0,0,0,0,0,0,0,0,0,0,0,0,0,0,0,0,0,0,0,0,0,0,0,0,0,0,0,0,1,1,1,3,5,5,6,6,6,8,8,8,9,10,14,14,16,19,20,23,24,25,25,26,26,34,34,36,41,42,45,75,75,75,83,83,83,84,84,84,87,87,91,93,97,97,97,98,101,104,104,103,104,104,104,104,104,104,105,107,107,107,107,107,108,108,108,108,108,108,108,110,110,110,110,110,110,110,110,110,110,110
84039119,US,USA,840,39119.0,Muskingum,Ohio,US,39.96575964,-81.94363275,"Muskingum, Ohio, US",0,0,0,0,0,0,0,0,0,0,0,0,0,0,0,0,0,0,0,0,0,0,0,0,0,0,0,0,0,0,0,0,0,0,0,0,0,0,0,0,0,0,0,0,0,0,0,0,0,0,0,0,0,0,0,0,0,0,0,0,0,0,0,0,1,2,2,2,2,2,2,3,4,4,4,5,6,6,8,8,8,8,8,8,8,8,8,8,8,9,9,9,10,12,11,11,11,10,10,12,15,17,17,18,21,22,23,24,25,25,27,31,32,31,31,34,35,36,38,40,42,43,44,45,45,45,46,48,50,50,52,52,52,52,54,56,56,56,57,57,55,55,56,57,57,58,58,60,61,61,63,64
84039121,US,USA,840,39121.0,Noble,Ohio,US,39.76818851,-81.45937183,"Noble, Ohio, US",0,0,0,0,0,0,0,0,0,0,0,0,0,0,0,0,0,0,0,0,0,0,0,0,0,0,0,0,0,0,0,0,0,0,0,0,0,0,0,0,0,0,0,0,0,0,0,0,0,0,0,0,0,0,0,0,0,0,0,0,0,0,0,0,0,0,0,0,0,0,0,0,0,0,0,0,0,0,1,1,1,1,2,2,3,3,3,3,6,4,3,3,3,4,4,5,5,5,5,5,5,5,5,5,5,6,5,5,6,5,5,5,5,5,5,5,5,5,5,5,5,5,5,5,5,5,5,5,6,6,6,6,6,6,6,6,6,6,6,6,6,6,6,6,6,6,6,6,6,6,6,6
84039123,US,USA,840,39123.0,Ottawa,Ohio,US,41.53781826,-83.0940185,"Ottawa, Ohio, US",0,0,0,0,0,0,0,0,0,0,0,0,0,0,0,0,0,0,0,0,0,0,0,0,0,0,0,0,0,0,0,0,0,0,0,0,0,0,0,0,0,0,0,0,0,0,0,0,0,0,0,0,0,0,0,0,0,0,0,0,0,0,0,0,0,0,1,1,2,2,4,5,6,5,5,5,5,6,8,9,10,10,11,11,12,17,21,27,27,29,32,32,34,35,37,37,37,38,37,38,40,40,40,40,44,44,44,45,46,46,47,49,52,56,57,65,65,66,64,64,66,66,87,90,91,92,94,93,95,99,99,103,103,102,104,107,109,109,109,112,111,111,114,116,117,118,118,118,118,118,118,119
84039125,US,USA,840,39125.0,Paulding,Ohio,US,41.11676341,-84.5801017,"Paulding, Ohio, US",0,0,0,0,0,0,0,0,0,0,0,0,0,0,0,0,0,0,0,0,0,0,0,0,0,0,0,0,0,0,0,0,0,0,0,0,0,0,0,0,0,0,0,0,0,0,0,0,0,0,0,0,0,0,0,0,0,0,0,0,0,0,0,0,0,0,0,0,0,0,0,0,0,0,0,1,1,2,2,2,3,5,5,5,5,5,5,5,5,5,5,8,7,8,8,8,8,8,8,8,8,8,8,8,8,8,8,8,9,9,9,9,10,10,11,11,11,11,11,12,12,12,13,13,13,13,13,13,14,14,14,14,14,14,14,14,14,14,14,14,14,14,14,14,14,16,17,17,17,18,18,18
84039127,US,USA,840,39127.0,Perry,Ohio,US,39.73508655,-82.23804971,"Perry, Ohio, US",0,0,0,0,0,0,0,0,0,0,0,0,0,0,0,0,0,0,0,0,0,0,0,0,0,0,0,0,0,0,0,0,0,0,0,0,0,0,0,0,0,0,0,0,0,0,0,0,0,0,0,0,0,0,0,0,0,0,0,0,0,0,0,0,0,0,0,0,0,1,2,2,2,3,3,4,4,6,6,7,8,8,8,8,8,8,8,9,9,9,10,11,11,12,12,13,12,13,12,12,12,13,13,13,13,13,13,13,13,14,14,14,14,15,15,15,15,15,16,15,16,17,17,18,18,18,18,18,18,18,18,18,19,19,19,19,20,20,20,21,21,22,22,23,23,23,24,24,25,25,26,26
84039129,US,USA,840,39129.0,Pickaway,Ohio,US,39.64170392,-83.0243386,"Pickaway, Ohio, US",0,0,0,0,0,0,0,0,0,0,0,0,0,0,0,0,0,0,0,0,0,0,0,0,0,0,0,0,0,0,0,0,0,0,0,0,0,0,0,0,0,0,0,0,0,0,0,0,0,0,0,0,0,0,0,0,0,0,0,0,0,0,0,1,2,2,4,4,5,12,12,11,13,20,29,29,31,35,39,44,51,58,83,97,172,196,253,302,477,1246,1635,1658,1661,1659,1662,1662,1698,1706,1722,1732,1731,1724,1729,1828,1831,1836,1841,1842,1844,1845,1933,1955,1958,1990,2005,2011,2018,2021,2025,2029,2031,2033,2038,2042,2043,2046,2046,2048,2050,2050,2074,2086,2092,2095,2096,2099,2099,2106,2108,2109,2110,2121,2115,2123,2125,2126,2125,2128,2131,2135,2137,2139
84039131,US,USA,840,39131.0,Pike,Ohio,US,39.07634001,-83.06769584,"Pike, Ohio, US",0,0,0,0,0,0,0,0,0,0,0,0,0,0,0,0,0,0,0,0,0,0,0,0,0,0,0,0,0,0,0,0,0,0,0,0,0,0,0,0,0,0,0,0,0,0,0,0,0,0,0,0,0,0,0,0,0,0,0,0,0,0,0,0,0,0,1,1,1,1,1,1,1,1,1,1,1,1,1,1,1,1,1,1,1,1,1,1,1,2,2,2,2,2,3,3,3,3,3,3,3,3,3,3,4,4,4,4,5,5,5,5,5,5,5,5,5,5,6,6,6,6,6,6,6,6,6,6,6,6,6,8,8,9,9,9,9,9,9,9,9,10,9,9,9,9,9,11,12,12,13,14
84039133,US,USA,840,39133.0,Portage,Ohio,US,41.16793482,-81.19735782,"Portage, Ohio, US",0,0,0,0,0,0,0,0,0,0,0,0,0,0,0,0,0,0,0,0,0,0,0,0,0,0,0,0,0,0,0,0,0,0,0,0,0,0,0,0,0,0,0,0,0,0,0,0,0,0,0,0,0,0,0,0,0,0,0,0,1,2,4,4,8,13,19,27,32,38,44,59,64,74,84,94,101,108,116,124,134,137,144,146,158,162,166,168,176,180,186,197,206,213,214,220,221,226,230,236,237,243,247,251,254,262,265,272,274,276,280,275,280,284,289,290,292,296,297,298,303,308,309,310,314,316,313,318,322,323,325,327,329,332,333,335,338,339,341,344,346,348,352,352,353,353,354,359,364,366,367,369
84039135,US,USA,840,39135.0,Preble,Ohio,US,39.7420247,-84.64787018,"Preble, Ohio, US",0,0,0,0,0,0,0,0,0,0,0,0,0,0,0,0,0,0,0,0,0,0,0,0,0,0,0,0,0,0,0,0,0,0,0,0,0,0,0,0,0,0,0,0,0,0,0,0,0,0,0,0,0,0,0,0,0,0,0,0,0,0,0,0,0,0,0,0,1,1,1,1,1,4,5,5,7,8,9,10,11,15,16,17,20,20,21,21,21,24,25,25,25,25,25,25,25,25,27,27,27,27,27,27,27,27,27,27,28,28,28,28,28,28,28,28,29,30,30,30,30,30,30,31,30,30,31,33,35,35,37,39,39,39,39,39,39,39,39,39,40,40,41,42,43,44,44,45,46,49,50,51
84039137,US,USA,840,39137.0,Putnam,Ohio,US,41.02094889,-84.1336111,"Putnam, Ohio, US",0,0,0,0,0,0,0,0,0,0,0,0,0,0,0,0,0,0,0,0,0,0,0,0,0,0,0,0,0,0,0,0,0,0,0,0,0,0,0,0,0,0,0,0,0,0,0,0,0,0,0,0,0,0,0,0,0,0,0,0,0,0,0,0,0,0,0,0,0,0,0,0,0,0,0,1,0,0,0,0,0,0,1,2,4,4,13,14,18,21,22,24,47,49,51,54,54,63,64,67,68,69,69,71,71,71,73,75,76,76,76,77,77,77,80,80,82,84,84,84,84,84,85,85,87,87,87,88,90,91,92,93,93,95,95,95,96,97,97,98,99,100,100,101,101,101,101,101,102,103,103,105
84039139,US,USA,840,39139.0,Richland,Ohio,US,40.77180308,-82.53799609999999,"Richland, Ohio, US",0,0,0,0,0,0,0,0,0,0,0,0,0,0,0,0,0,0,0,0,0,0,0,0,0,0,0,0,0,0,0,0,0,0,0,0,0,0,0,0,0,0,0,0,0,0,0,0,0,0,0,0,0,0,0,0,0,1,1,1,1,1,4,4,4,4,5,5,5,6,8,8,8,14,17,19,20,25,27,28,34,36,43,43,44,48,50,60,65,64,66,68,70,73,77,78,76,80,80,81,85,89,90,90,91,92,94,103,113,118,121,130,135,143,150,155,159,161,165,166,170,178,179,183,186,187,189,193,197,199,200,201,205,209,216,222,223,231,232,232,234,238,242,246,249,252,253,257,260,266,269,271
84039141,US,USA,840,39141.0,Ross,Ohio,US,39.33705391,-83.06000914,"Ross, Ohio, US",0,0,0,0,0,0,0,0,0,0,0,0,0,0,0,0,0,0,0,0,0,0,0,0,0,0,0,0,0,0,0,0,0,0,0,0,0,0,0,0,0,0,0,0,0,0,0,0,0,0,0,0,0,0,0,0,0,0,0,0,0,0,0,0,0,0,0,0,1,2,2,3,3,4,4,6,9,10,10,12,13,17,19,20,21,26,28,33,36,29,30,30,30,35,35,35,36,36,37,39,39,40,41,41,42,42,44,49,48,51,53,55,55,56,58,58,58,58,59,60,60,61,62,63,66,66,67,67,68,71,71,72,73,73,73,73,73,74,74,75,77,78,79,79,79,79,81,81,82,82,84,84
84039143,US,USA,840,39143.0,Sandusky,Ohio,US,41.35624126,-83.137872,"Sandusky, Ohio, US",0,0,0,0,0,0,0,0,0,0,0,0,0,0,0,0,0,0,0,0,0,0,0,0,0,0,0,0,0,0,0,0,0,0,0,0,0,0,0,0,0,0,0,0,0,0,0,0,0,0,0,0,0,0,0,0,0,0,0,0,0,1,1,1,1,1,2,3,3,4,5,5,5,5,5,5,5,5,7,7,10,11,12,13,13,14,16,17,18,17,17,17,20,20,20,20,19,19,23,27,28,32,34,36,41,40,41,47,48,49,52,53,53,54,56,56,56,57,62,63,63,63,65,65,68,70,70,72,73,73,79,81,82,85,85,91,94,95,97,98,102,102,102,102,103,104,104,104,106,109,109,109
84039145,US,USA,840,39145.0,Scioto,Ohio,US,38.80270163,-82.98907345,"Scioto, Ohio, US",0,0,0,0,0,0,0,0,0,0,0,0,0,0,0,0,0,0,0,0,0,0,0,0,0,0,0,0,0,0,0,0,0,0,0,0,0,0,0,0,0,0,0,0,0,0,0,0,0,0,0,0,0,0,0,0,0,0,0,0,0,0,0,0,0,0,0,0,0,0,0,0,0,0,0,1,1,1,2,3,4,4,4,4,4,5,5,7,9,6,6,6,6,6,6,6,6,6,8,10,11,11,12,12,13,13,15,13,13,13,13,13,13,13,13,14,14,14,14,14,14,14,14,15,15,15,15,15,15,15,16,18,17,17,17,18,18,18,19,19,19,19,19,21,21,21,21,21,21,21,21,21
84039147,US,USA,840,39147.0,Seneca,Ohio,US,41.12351311,-83.12783209,"Seneca, Ohio, US",0,0,0,0,0,0,0,0,0,0,0,0,0,0,0,0,0,0,0,0,0,0,0,0,0,0,0,0,0,0,0,0,0,0,0,0,0,0,0,0,0,0,0,0,0,0,0,0,0,0,0,0,0,0,0,0,0,0,0,0,0,0,1,1,1,1,1,1,3,3,4,4,5,5,6,6,6,6,7,8,8,9,9,10,11,11,11,11,12,13,11,11,11,12,12,13,14,14,14,14,14,14,14,14,14,14,14,14,14,14,14,14,14,15,15,15,15,15,15,16,16,16,17,18,19,19,19,20,20,20,20,20,21,24,26,26,27,27,27,28,28,29,29,29,29,29,29,30,30,30,31,31
84039149,US,USA,840,39149.0,Shelby,Ohio,US,40.33163494,-84.20258189,"Shelby, Ohio, US",0,0,0,0,0,0,0,0,0,0,0,0,0,0,0,0,0,0,0,0,0,0,0,0,0,0,0,0,0,0,0,0,0,0,0,0,0,0,0,0,0,0,0,0,0,0,0,0,0,0,0,0,0,0,0,0,0,0,0,0,0,0,0,0,1,1,3,3,4,5,6,6,7,10,12,17,18,19,21,24,25,27,27,27,27,28,28,28,29,28,28,30,30,30,30,30,30,30,30,30,30,30,30,30,30,30,31,31,31,31,32,33,33,34,35,34,34,34,34,35,35,36,37,40,41,40,40,40,40,41,43,43,43,46,46,47,47,49,49,49,49,49,49,49,49,49,49,50,50,51,51,51
84039151,US,USA,840,39151.0,Stark,Ohio,US,40.81482476,-81.36437305,"Stark, Ohio, US",0,0,0,0,0,0,0,0,0,0,0,0,0,0,0,0,0,0,0,0,0,0,0,0,0,0,0,0,0,0,0,0,0,0,0,0,0,0,0,0,0,0,0,0,0,0,0,0,0,1,1,2,3,3,3,3,3,5,6,8,10,12,13,13,16,22,25,29,44,45,52,67,72,92,95,109,110,114,120,125,133,154,167,171,176,204,210,221,224,237,251,266,290,294,303,310,312,324,333,347,363,379,398,405,414,427,450,464,479,500,511,515,526,538,548,553,558,595,610,620,642,655,670,682,685,697,700,705,716,723,727,736,743,752,782,803,813,817,821,827,839,845,847,855,863,870,881,891,908,918,927,942
84039153,US,USA,840,39153.0,Summit,Ohio,US,41.12464734,-81.53123079,"Summit, Ohio, US",0,0,0,0,0,0,0,0,0,0,0,0,0,0,0,0,0,0,0,0,0,0,0,0,0,0,0,0,0,0,0,0,0,0,0,0,0,0,0,0,0,0,0,0,0,0,0,0,0,0,0,1,2,2,2,4,4,6,10,15,23,28,36,42,50,65,79,99,118,131,144,155,165,184,184,189,199,211,221,235,243,257,262,273,294,310,323,340,350,370,385,415,447,460,475,485,500,542,584,608,639,679,701,716,751,787,831,867,880,892,915,930,946,976,989,995,1004,1028,1042,1077,1141,1183,1204,1220,1236,1277,1315,1335,1380,1390,1420,1453,1475,1487,1505,1529,1540,1548,1571,1592,1621,1623,1638,1655,1666,1675,1706,1712,1722,1735,1743,1756
84039155,US,USA,840,39155.0,Trumbull,Ohio,US,41.31735028,-80.76109643,"Trumbull, Ohio, US",0,0,0,0,0,0,0,0,0,0,0,0,0,0,0,0,0,0,0,0,0,0,0,0,0,0,0,0,0,0,0,0,0,0,0,0,0,0,0,0,0,0,0,0,0,0,0,0,0,0,1,1,2,2,2,2,2,2,3,3,3,3,4,9,12,17,27,36,42,50,58,63,72,90,89,102,110,126,132,149,155,168,174,187,199,203,213,231,237,249,257,261,272,278,287,293,295,299,305,308,318,324,331,347,356,363,371,392,404,406,408,413,420,432,440,447,450,461,469,478,499,507,514,525,529,540,544,551,562,569,573,582,584,584,594,600,607,612,616,618,620,625,642,652,656,658,665,675,682,693,698,711
84039157,US,USA,840,39157.0,Tuscarawas,Ohio,US,40.44214695,-81.47226262,"Tuscarawas, Ohio, US",0,0,0,0,0,0,0,0,0,0,0,0,0,0,0,0,0,0,0,0,0,0,0,0,0,0,0,0,0,0,0,0,0,0,0,0,0,0,0,0,0,0,0,0,0,0,0,0,0,0,0,0,0,1,1,1,1,1,1,1,2,2,3,3,3,3,5,5,7,7,14,16,18,19,20,23,23,26,26,26,26,27,28,28,28,29,31,31,31,32,34,38,42,42,48,50,57,59,60,74,94,109,118,126,133,144,153,168,196,211,216,223,229,235,246,258,264,269,272,281,293,301,306,312,318,321,326,337,339,342,343,349,352,360,367,371,376,378,381,382,389,392,397,398,399,405,406,405,408,409,416,429
84039159,US,USA,840,39159.0,Union,Ohio,US,40.30016061,-83.37239023,"Union, Ohio, US",0,0,0,0,0,0,0,0,0,0,0,0,0,0,0,0,0,0,0,0,0,0,0,0,0,0,0,0,0,0,0,0,0,0,0,0,0,0,0,0,0,0,0,0,0,0,0,0,0,0,0,0,0,0,0,0,0,0,1,1,1,1,2,3,3,3,3,3,4,4,4,4,4,7,8,8,8,8,9,10,10,10,11,11,11,11,12,12,12,13,16,16,16,17,18,18,18,18,19,22,22,22,24,25,26,26,28,28,28,28,28,28,28,28,30,31,35,37,36,37,40,40,42,43,45,46,46,49,51,51,52,52,52,55,55,56,58,58,58,61,61,62,62,62,62,62,62,63,67,69,71,71
84039161,US,USA,840,39161.0,Van Wert,Ohio,US,40.8554138,-84.59111700000003,"Van Wert, Ohio, US",0,0,0,0,0,0,0,0,0,0,0,0,0,0,0,0,0,0,0,0,0,0,0,0,0,0,0,0,0,0,0,0,0,0,0,0,0,0,0,0,0,0,0,0,0,0,0,0,0,0,0,0,0,0,0,0,0,0,0,0,0,0,0,0,0,0,1,1,1,1,2,2,2,2,2,2,2,2,2,2,2,2,2,2,2,2,2,2,3,3,3,3,3,3,3,3,3,3,3,3,3,3,3,3,3,3,3,3,3,3,3,3,3,3,3,4,4,5,5,4,5,5,5,5,5,6,6,6,6,6,6,6,7,7,7,7,8,8,8,8,8,9,10,10,13,14,14,14,14,15,16,16
84039163,US,USA,840,39163.0,Vinton,Ohio,US,39.25208988,-82.4831444,"Vinton, Ohio, US",0,0,0,0,0,0,0,0,0,0,0,0,0,0,0,0,0,0,0,0,0,0,0,0,0,0,0,0,0,0,0,0,0,0,0,0,0,0,0,0,0,0,0,0,0,0,0,0,0,0,0,0,0,0,0,0,0,0,0,0,0,0,0,0,0,0,0,0,0,0,0,0,0,0,0,0,0,0,0,0,0,0,0,0,0,0,0,0,0,0,0,0,0,0,0,0,0,3,5,6,6,6,6,6,8,8,9,10,11,11,12,15,15,15,16,16,16,16,16,16,17,18,19,19,19,19,19,19,19,21,21,21,21,21,21,21,20,20,21,21,21,21,21,22,22,22,22,22,22,22,22,22
84039165,US,USA,840,39165.0,Warren,Ohio,US,39.42581994,-84.16557457,"Warren, Ohio, US",0,0,0,0,0,0,0,0,0,0,0,0,0,0,0,0,0,0,0,0,0,0,0,0,0,0,0,0,0,0,0,0,0,0,0,0,0,0,0,0,0,0,0,0,0,0,0,0,0,0,0,0,0,0,0,0,0,0,2,2,3,5,7,8,10,11,16,20,20,21,23,26,31,35,36,37,45,46,53,72,74,75,76,78,85,89,93,112,112,116,117,118,124,128,131,133,124,131,134,146,160,166,168,172,178,179,188,191,202,206,209,213,237,252,259,269,275,283,285,292,309,310,319,328,336,340,344,351,359,366,373,378,383,390,398,407,413,419,427,443,461,473,497,508,512,517,525,532,549,559,571,584
84039167,US,USA,840,39167.0,Washington,Ohio,US,39.45690571,-81.49121382,"Washington, Ohio, US",0,0,0,0,0,0,0,0,0,0,0,0,0,0,0,0,0,0,0,0,0,0,0,0,0,0,0,0,0,0,0,0,0,0,0,0,0,0,0,0,0,0,0,0,0,0,0,0,0,0,0,0,0,0,0,0,0,0,0,0,1,1,1,1,1,2,2,3,3,3,3,4,4,6,8,15,27,30,34,35,36,39,41,44,47,53,55,57,65,65,69,73,75,80,93,94,94,95,95,98,99,100,102,103,105,106,111,111,113,114,114,114,115,116,116,116,116,116,116,116,116,116,116,117,117,117,118,118,118,118,118,118,118,118,118,118,118,118,118,118,118,117,117,118,118,118,118,118,119,119,119,119
84039169,US,USA,840,39169.0,Wayne,Ohio,US,40.82925852,-81.88844833,"Wayne, Ohio, US",0,0,0,0,0,0,0,0,0,0,0,0,0,0,0,0,0,0,0,0,0,0,0,0,0,0,0,0,0,0,0,0,0,0,0,0,0,0,0,0,0,0,0,0,0,0,0,0,0,0,0,0,0,0,0,0,0,0,0,0,0,0,0,1,2,3,4,4,7,9,11,11,13,25,26,26,29,30,30,37,40,50,54,54,56,66,72,77,79,81,82,85,88,91,100,104,114,119,125,128,143,149,153,161,166,173,177,183,188,186,186,190,192,194,198,200,201,202,206,209,211,242,248,248,250,252,256,260,266,272,274,277,281,288,293,296,296,298,300,301,302,304,304,304,306,308,311,313,316,321,323,327
84039171,US,USA,840,39171.0,Williams,Ohio,US,41.56052014,-84.58429552,"Williams, Ohio, US",0,0,0,0,0,0,0,0,0,0,0,0,0,0,0,0,0,0,0,0,0,0,0,0,0,0,0,0,0,0,0,0,0,0,0,0,0,0,0,0,0,0,0,0,0,0,0,0,0,0,0,0,0,0,0,0,0,0,0,0,0,0,0,0,0,0,0,0,0,0,0,0,1,1,1,1,1,1,1,2,3,3,3,3,6,6,6,7,8,8,8,16,23,28,27,29,29,31,33,34,36,36,36,41,42,42,43,44,44,44,44,44,44,44,46,47,47,47,47,48,47,48,51,51,52,52,52,51,54,54,55,55,55,56,56,58,58,58,58,58,58,58,58,58,58,59,59,59,59,59,59,59
84039173,US,USA,840,39173.0,Wood,Ohio,US,41.36224827,-83.62285108,"Wood, Ohio, US",0,0,0,0,0,0,0,0,0,0,0,0,0,0,0,0,0,0,0,0,0,0,0,0,0,0,0,0,0,0,0,0,0,0,0,0,0,0,0,0,0,0,0,0,0,0,0,0,0,0,0,0,0,0,0,0,0,0,0,0,1,2,2,3,6,8,10,12,13,15,15,18,20,23,29,34,38,41,42,49,52,54,54,61,64,67,73,80,84,84,92,98,105,122,132,133,139,145,154,164,174,183,187,193,203,210,212,220,222,224,225,229,229,233,237,241,249,257,257,254,259,261,269,274,276,277,280,282,285,287,294,295,300,303,304,306,308,307,308,308,312,314,316,320,321,321,329,329,331,332,333,334
84039175,US,USA,840,39175.0,Wyandot,Ohio,US,40.84339621,-83.30734173,"Wyandot, Ohio, US",0,0,0,0,0,0,0,0,0,0,0,0,0,0,0,0,0,0,0,0,0,0,0,0,0,0,0,0,0,0,0,0,0,0,0,0,0,0,0,0,0,0,0,0,0,0,0,0,0,0,0,0,0,0,0,0,0,0,0,0,0,0,0,0,1,1,1,1,1,2,2,2,2,5,5,5,5,5,8,9,10,11,12,13,14,14,16,17,17,17,20,21,21,24,24,24,24,24,25,24,24,24,24,24,24,24,25,26,27,26,26,26,27,27,29,29,29,30,31,33,33,33,36,36,36,36,37,38,39,40,41,42,45,44,48,48,48,48,48,48,48,49,48,48,48,48,49,50,50,55,55,55
84040001,US,USA,840,40001.0,Adair,Oklahoma,US,35.88494195,-94.65859267,"Adair, Oklahoma, US",0,0,0,0,0,0,0,0,0,0,0,0,0,0,0,0,0,0,0,0,0,0,0,0,0,0,0,0,0,0,0,0,0,0,0,0,0,0,0,0,0,0,0,0,0,0,0,0,0,0,0,0,0,0,0,0,0,0,0,0,0,0,0,2,2,3,3,4,4,4,8,9,14,14,18,20,25,25,25,26,27,27,27,28,29,29,29,29,43,46,47,49,50,53,54,55,55,64,64,64,65,65,65,65,66,68,69,72,74,74,72,74,74,74,74,74,75,75,77,78,78,79,82,82,82,82,82,84,85,87,87,88,91,91,93,93,93,94,94,95,95,95,95,96,96,96,96,96,101,103,104,107
84040003,US,USA,840,40003.0,Alfalfa,Oklahoma,US,36.73090616,-98.32408495,"Alfalfa, Oklahoma, US",0,0,0,0,0,0,0,0,0,0,0,0,0,0,0,0,0,0,0,0,0,0,0,0,0,0,0,0,0,0,0,0,0,0,0,0,0,0,0,0,0,0,0,0,0,0,0,0,0,0,0,0,0,0,0,0,0,0,0,0,0,0,0,0,0,0,0,0,0,0,0,0,0,0,0,0,0,0,0,0,0,0,1,1,1,1,1,1,1,1,1,1,1,1,1,1,1,1,1,1,1,1,1,1,1,1,1,1,1,1,1,1,1,1,1,1,1,1,1,1,1,1,1,1,1,1,1,1,1,1,1,1,1,1,1,1,1,1,1,1,1,1,1,1,1,1,1,1,1,1,1,1
84040005,US,USA,840,40005.0,Atoka,Oklahoma,US,34.37366573,-96.03802487,"Atoka, Oklahoma, US",0,0,0,0,0,0,0,0,0,0,0,0,0,0,0,0,0,0,0,0,0,0,0,0,0,0,0,0,0,0,0,0,0,0,0,0,0,0,0,0,0,0,0,0,0,0,0,0,0,0,0,0,0,0,0,0,0,0,0,0,0,0,0,0,0,0,0,0,0,0,0,1,1,1,1,1,1,1,1,1,1,1,1,1,1,1,1,1,1,1,1,1,1,1,1,1,1,1,1,1,1,1,1,1,1,1,1,1,1,1,1,2,2,1,1,1,1,1,1,1,1,1,1,1,1,1,2,2,3,3,3,3,4,4,4,4,4,4,4,5,5,5,8,8,8,8,9,9,11,11,13,13
84040007,US,USA,840,40007.0,Beaver,Oklahoma,US,36.7496847,-100.4758872,"Beaver, Oklahoma, US",0,0,0,0,0,0,0,0,0,0,0,0,0,0,0,0,0,0,0,0,0,0,0,0,0,0,0,0,0,0,0,0,0,0,0,0,0,0,0,0,0,0,0,0,0,0,0,0,0,0,0,0,0,0,0,0,0,0,0,0,0,0,0,0,0,0,0,0,0,0,0,0,0,0,0,0,1,1,1,1,1,1,1,1,1,1,1,1,1,1,1,1,1,2,2,3,3,5,5,8,9,13,14,14,15,15,17,19,20,20,20,19,20,20,22,23,23,23,23,23,24,24,24,24,24,24,24,24,24,24,24,24,24,24,24,24,24,27,27,27,27,29,30,30,30,30,30,30,30,30,30,30
84040009,US,USA,840,40009.0,Beckham,Oklahoma,US,35.26862449,-99.68128023,"Beckham, Oklahoma, US",0,0,0,0,0,0,0,0,0,0,0,0,0,0,0,0,0,0,0,0,0,0,0,0,0,0,0,0,0,0,0,0,0,0,0,0,0,0,0,0,0,0,0,0,0,0,0,0,0,0,0,0,0,0,0,0,0,0,0,0,0,0,0,0,0,0,0,0,1,1,1,1,1,1,1,1,1,1,1,1,1,1,1,1,2,2,2,2,2,2,2,2,2,2,3,5,5,5,5,5,5,5,5,6,6,6,6,6,6,6,6,6,6,6,6,6,6,6,6,6,6,6,6,6,6,6,6,6,6,6,6,10,10,7,7,7,7,7,7,7,7,7,7,7,8,8,8,8,8,8,8,8
84040011,US,USA,840,40011.0,Blaine,Oklahoma,US,35.87518314,-98.43307003,"Blaine, Oklahoma, US",0,0,0,0,0,0,0,0,0,0,0,0,0,0,0,0,0,0,0,0,0,0,0,0,0,0,0,0,0,0,0,0,0,0,0,0,0,0,0,0,0,0,0,0,0,0,0,0,0,0,0,0,0,0,0,0,0,0,0,0,0,0,0,0,0,0,0,0,0,0,0,0,0,0,0,0,0,0,0,0,0,0,0,0,0,0,0,0,0,0,0,0,0,0,0,0,0,0,0,0,0,0,0,1,2,2,2,2,2,3,3,2,2,1,2,3,3,3,3,3,4,4,4,4,5,6,6,6,6,6,6,6,7,8,8,9,9,9,9,10,10,9,9,9,10,12,11,11,12,13,14,14
84040013,US,USA,840,40013.0,Bryan,Oklahoma,US,33.96472458,-96.25903472,"Bryan, Oklahoma, US",0,0,0,0,0,0,0,0,0,0,0,0,0,0,0,0,0,0,0,0,0,0,0,0,0,0,0,0,0,0,0,0,0,0,0,0,0,0,0,0,0,0,0,0,0,0,0,0,0,0,0,0,0,0,0,0,0,0,0,0,0,0,0,1,1,1,1,1,1,1,1,2,3,3,3,3,3,3,3,3,3,3,4,4,5,5,5,5,5,5,6,6,6,6,6,6,6,8,8,8,8,9,9,9,9,12,12,12,12,12,12,12,12,12,12,13,14,17,19,19,19,19,21,22,22,22,23,23,24,26,26,29,31,32,33,35,35,36,36,40,46,47,49,48,48,48,51,57,64,68,69,71
84040015,US,USA,840,40015.0,Caddo,Oklahoma,US,35.17364557,-98.37534464,"Caddo, Oklahoma, US",0,0,0,0,0,0,0,0,0,0,0,0,0,0,0,0,0,0,0,0,0,0,0,0,0,0,0,0,0,0,0,0,0,0,0,0,0,0,0,0,0,0,0,0,0,0,0,0,0,0,0,0,0,0,0,0,0,0,0,0,0,0,0,0,0,1,1,1,1,1,1,2,2,4,4,5,6,6,6,8,9,9,9,10,35,48,48,48,51,52,52,53,53,53,53,58,58,61,61,62,64,64,69,72,77,77,89,97,100,108,108,109,110,110,111,112,114,120,122,126,132,132,136,136,146,150,153,154,155,158,158,162,164,167,168,168,168,170,170,174,174,173,173,175,175,176,176,178,181,181,180,180
84040017,US,USA,840,40017.0,Canadian,Oklahoma,US,35.5426055,-97.98465569,"Canadian, Oklahoma, US",0,0,0,0,0,0,0,0,0,0,0,0,0,0,0,0,0,0,0,0,0,0,0,0,0,0,0,0,0,0,0,0,0,0,0,0,0,0,0,0,0,0,0,0,0,0,0,0,0,0,0,0,0,0,1,1,1,2,2,2,2,2,4,5,6,11,11,12,15,19,24,28,29,32,33,35,40,40,48,52,56,56,57,62,63,65,65,65,73,75,76,82,86,88,90,91,91,96,97,98,98,98,100,102,103,103,107,107,110,111,111,114,115,116,116,116,117,118,120,120,122,123,124,126,128,128,128,128,129,132,132,133,133,133,137,141,141,142,142,143,144,144,146,148,150,156,160,167,175,186,192,197
84040019,US,USA,840,40019.0,Carter,Oklahoma,US,34.25103751,-97.28552485,"Carter, Oklahoma, US",0,0,0,0,0,0,0,0,0,0,0,0,0,0,0,0,0,0,0,0,0,0,0,0,0,0,0,0,0,0,0,0,0,0,0,0,0,0,0,0,0,0,0,0,0,0,0,0,0,0,0,0,0,0,0,0,0,0,0,0,0,0,0,1,1,1,1,1,1,1,1,1,1,1,1,1,1,1,1,1,1,1,1,1,1,1,1,1,1,1,1,1,2,2,2,2,2,2,2,3,3,3,4,4,5,5,6,6,6,6,6,6,6,7,8,8,9,13,15,15,16,21,22,22,23,25,36,38,39,41,41,45,45,45,51,51,51,52,53,55,55,57,57,57,57,60,60,60,62,63,66,69
84040021,US,USA,840,40021.0,Cherokee,Oklahoma,US,35.90692775,-94.99980896,"Cherokee, Oklahoma, US",0,0,0,0,0,0,0,0,0,0,0,0,0,0,0,0,0,0,0,0,0,0,0,0,0,0,0,0,0,0,0,0,0,0,0,0,0,0,0,0,0,0,0,0,0,0,0,0,0,0,0,0,0,0,0,0,0,0,0,0,0,0,0,0,0,1,1,1,1,4,7,7,7,10,12,14,16,16,17,18,18,18,20,20,21,22,22,22,24,24,24,25,25,26,26,26,26,26,27,27,27,27,27,27,29,29,29,30,30,30,30,30,30,29,29,29,29,29,29,29,28,28,28,28,28,29,29,29,28,29,29,29,30,31,31,31,31,33,33,37,37,39,41,43,48,48,50,52,58,60,65,66
84040023,US,USA,840,40023.0,Choctaw,Oklahoma,US,34.02807439,-95.54771129,"Choctaw, Oklahoma, US",0,0,0,0,0,0,0,0,0,0,0,0,0,0,0,0,0,0,0,0,0,0,0,0,0,0,0,0,0,0,0,0,0,0,0,0,0,0,0,0,0,0,0,0,0,0,0,0,0,0,0,0,0,0,0,0,0,0,0,0,0,0,0,0,0,1,1,1,1,1,1,1,1,2,2,2,2,2,2,2,2,2,2,3,3,3,3,3,3,3,3,3,3,3,3,3,3,3,3,3,3,3,3,3,3,3,3,3,3,3,3,3,3,3,3,3,4,5,6,12,12,14,14,18,21,25,27,30,32,39,39,39,76,87,90,97,98,98,100,100,101,101,102,102,102,102,105,106,107,107,107,107
84040025,US,USA,840,40025.0,Cimarron,Oklahoma,US,36.74817177,-102.5173885,"Cimarron, Oklahoma, US",0,0,0,0,0,0,0,0,0,0,0,0,0,0,0,0,0,0,0,0,0,0,0,0,0,0,0,0,0,0,0,0,0,0,0,0,0,0,0,0,0,0,0,0,0,0,0,0,0,0,0,0,0,0,0,0,0,0,0,0,0,0,0,0,0,0,0,0,0,0,0,0,0,0,0,0,0,0,0,0,0,0,0,0,0,0,0,0,0,0,1,1,1,1,1,1,1,1,1,1,1,1,1,1,1,1,1,1,1,1,1,1,1,1,1,1,1,1,1,1,1,1,1,1,1,1,1,1,1,1,1,1,1,1,1,1,1,1,1,1,1,1,1,1,1,1,1,1,1,1,1,1
84040027,US,USA,840,40027.0,Cleveland,Oklahoma,US,35.20413532,-97.32519562,"Cleveland, Oklahoma, US",0,0,0,0,0,0,0,0,0,0,0,0,0,0,0,0,0,0,0,0,0,0,0,0,0,0,0,0,0,0,0,0,0,0,0,0,0,0,0,0,0,0,0,0,0,0,0,0,0,0,0,0,0,0,2,2,2,9,11,12,13,16,22,27,39,39,46,51,60,65,87,121,130,169,171,180,203,212,231,236,247,264,267,277,294,301,301,301,313,324,345,372,388,393,400,403,404,410,417,419,426,430,432,436,439,447,448,453,455,456,456,457,458,458,459,466,468,468,470,472,482,481,487,489,490,493,494,496,498,500,500,503,506,511,514,520,519,520,524,529,529,533,539,544,546,552,564,576,605,620,640,677
84040029,US,USA,840,40029.0,Coal,Oklahoma,US,34.58840127,-96.29798747,"Coal, Oklahoma, US",0,0,0,0,0,0,0,0,0,0,0,0,0,0,0,0,0,0,0,0,0,0,0,0,0,0,0,0,0,0,0,0,0,0,0,0,0,0,0,0,0,0,0,0,0,0,0,0,0,0,0,0,0,0,0,0,0,0,0,0,0,0,0,0,0,0,0,0,0,0,0,0,0,0,0,0,0,0,0,0,0,0,0,0,0,0,0,0,0,0,0,0,0,0,0,0,0,0,0,0,0,0,0,0,0,0,0,0,0,0,0,0,0,0,0,0,0,0,0,1,1,1,1,1,1,1,1,1,1,1,1,1,3,3,3,5,5,5,5,5,5,6,6,6,6,6,6,6,6,6,6,6
84040031,US,USA,840,40031.0,Comanche,Oklahoma,US,34.65973764,-98.47195055,"Comanche, Oklahoma, US",0,0,0,0,0,0,0,0,0,0,0,0,0,0,0,0,0,0,0,0,0,0,0,0,0,0,0,0,0,0,0,0,0,0,0,0,0,0,0,0,0,0,0,0,0,0,0,0,0,0,0,0,0,0,0,0,0,0,0,0,0,0,0,0,3,6,6,11,12,15,21,27,33,37,39,41,42,44,47,47,49,49,51,52,52,57,57,57,67,71,72,71,75,76,76,79,79,79,79,80,81,84,98,102,104,113,115,116,124,124,124,151,184,197,205,215,224,225,229,229,235,236,270,270,268,270,274,278,279,279,279,283,285,290,293,306,309,310,310,311,312,317,319,333,337,341,339,342,360,361,364,365
84040033,US,USA,840,40033.0,Cotton,Oklahoma,US,34.28845626,-98.37053567,"Cotton, Oklahoma, US",0,0,0,0,0,0,0,0,0,0,0,0,0,0,0,0,0,0,0,0,0,0,0,0,0,0,0,0,0,0,0,0,0,0,0,0,0,0,0,0,0,0,0,0,0,0,0,0,0,0,0,0,0,0,0,0,0,0,0,0,0,0,0,0,0,0,0,0,1,1,1,1,4,4,4,4,4,4,4,4,4,4,5,5,5,5,5,5,5,5,5,5,5,5,5,5,5,5,5,5,5,5,5,5,5,5,5,5,5,5,5,5,5,5,5,5,5,5,5,5,5,5,5,5,5,5,5,5,5,5,5,5,5,5,5,5,5,5,5,5,5,5,5,5,5,5,5,5,5,5,5,5
84040035,US,USA,840,40035.0,Craig,Oklahoma,US,36.76268118,-95.20916602,"Craig, Oklahoma, US",0,0,0,0,0,0,0,0,0,0,0,0,0,0,0,0,0,0,0,0,0,0,0,0,0,0,0,0,0,0,0,0,0,0,0,0,0,0,0,0,0,0,0,0,0,0,0,0,0,0,0,0,0,0,0,0,0,0,0,0,0,0,0,0,1,1,1,1,1,1,2,2,2,3,3,5,4,5,5,6,6,7,7,9,8,7,7,7,8,8,8,8,9,9,9,9,9,10,10,10,11,11,11,12,12,13,13,13,13,13,13,12,12,13,13,13,14,14,15,15,15,15,15,15,15,15,15,15,15,15,15,15,15,15,15,15,15,16,16,16,16,16,16,16,16,16,16,16,17,17,18,18
84040037,US,USA,840,40037.0,Creek,Oklahoma,US,35.90230551,-96.37086028,"Creek, Oklahoma, US",0,0,0,0,0,0,0,0,0,0,0,0,0,0,0,0,0,0,0,0,0,0,0,0,0,0,0,0,0,0,0,0,0,0,0,0,0,0,0,0,0,0,0,0,0,0,0,0,0,0,0,0,0,0,0,0,0,0,0,0,0,0,0,5,10,14,16,16,18,21,27,36,39,43,44,45,47,47,48,53,54,55,56,60,57,58,58,58,68,68,69,70,71,72,73,76,76,76,77,77,80,80,80,80,80,81,82,82,82,82,82,82,83,83,83,83,84,85,85,85,87,88,89,90,91,92,93,93,93,94,94,95,96,97,98,99,99,100,100,101,102,101,102,105,106,106,108,108,118,121,122,123
84040039,US,USA,840,40039.0,Custer,Oklahoma,US,35.63853802,-99.00170785,"Custer, Oklahoma, US",0,0,0,0,0,0,0,0,0,0,0,0,0,0,0,0,0,0,0,0,0,0,0,0,0,0,0,0,0,0,0,0,0,0,0,0,0,0,0,0,0,0,0,0,0,0,0,0,0,0,0,0,0,0,0,0,0,1,1,1,1,1,2,3,3,3,3,4,4,4,4,5,5,5,5,5,5,5,5,5,5,5,6,7,7,7,7,7,9,10,10,10,10,10,10,10,10,10,10,10,10,10,11,11,11,11,11,11,11,11,11,12,12,12,12,12,12,12,12,12,12,12,12,12,12,12,13,13,13,16,16,20,26,30,31,32,32,34,34,35,37,38,40,41,41,41,42,42,46,45,49,49
84040041,US,USA,840,40041.0,Delaware,Oklahoma,US,36.40823634,-94.80325046,"Delaware, Oklahoma, US",0,0,0,0,0,0,0,0,0,0,0,0,0,0,0,0,0,0,0,0,0,0,0,0,0,0,0,0,0,0,0,0,0,0,0,0,0,0,0,0,0,0,0,0,0,0,0,0,0,0,0,0,0,0,0,0,0,0,0,0,0,0,0,1,1,2,4,4,7,7,8,10,11,11,12,13,13,13,14,23,24,50,63,71,72,74,74,74,83,86,87,88,89,90,90,90,90,90,90,90,91,91,91,91,92,92,92,92,92,92,93,94,94,93,93,95,95,95,96,96,97,97,99,99,99,100,100,100,100,100,100,100,100,100,100,100,100,102,102,103,104,104,107,107,108,109,111,112,112,114,115,117
84040043,US,USA,840,40043.0,Dewey,Oklahoma,US,35.98772922,-99.00730714,"Dewey, Oklahoma, US",0,0,0,0,0,0,0,0,0,0,0,0,0,0,0,0,0,0,0,0,0,0,0,0,0,0,0,0,0,0,0,0,0,0,0,0,0,0,0,0,0,0,0,0,0,0,0,0,0,0,0,0,0,0,0,0,0,0,0,0,0,0,0,0,0,0,0,0,0,0,0,0,0,0,0,0,1,1,1,1,1,1,1,1,2,2,2,2,2,2,2,2,2,2,2,2,2,2,2,2,2,2,2,2,2,2,2,2,2,2,2,2,2,2,2,2,2,2,2,2,3,3,3,3,3,4,4,4,2,2,2,2,3,3,3,3,2,2,2,2,2,2,2,2,4,5,4,4,4,4,4,4
84040045,US,USA,840,40045.0,Ellis,Oklahoma,US,36.218019399999996,-99.75324573,"Ellis, Oklahoma, US",0,0,0,0,0,0,0,0,0,0,0,0,0,0,0,0,0,0,0,0,0,0,0,0,0,0,0,0,0,0,0,0,0,0,0,0,0,0,0,0,0,0,0,0,0,0,0,0,0,0,0,0,0,0,0,0,0,0,0,0,0,0,0,0,0,0,0,0,0,0,0,0,0,0,0,0,0,0,0,0,0,0,0,0,0,0,0,0,0,0,0,0,0,0,0,0,0,0,0,0,0,0,0,0,0,0,0,0,0,0,0,0,0,0,0,0,0,0,0,0,0,0,0,0,0,0,0,0,0,0,0,0,0,0,0,0,0,0,0,0,0,0,0,0,0,0,0,0,0,0,0,0
84040047,US,USA,840,40047.0,Garfield,Oklahoma,US,36.3791334,-97.78265517,"Garfield, Oklahoma, US",0,0,0,0,0,0,0,0,0,0,0,0,0,0,0,0,0,0,0,0,0,0,0,0,0,0,0,0,0,0,0,0,0,0,0,0,0,0,0,0,0,0,0,0,0,0,0,0,0,0,0,0,0,0,0,0,0,0,0,0,0,0,0,0,0,0,0,2,2,2,4,4,5,5,5,5,5,5,5,5,6,6,7,7,7,9,9,9,11,11,11,11,11,11,11,11,11,15,15,17,17,18,19,19,21,21,21,22,22,22,22,21,22,22,23,23,23,23,23,24,24,25,25,26,26,26,26,26,26,27,27,28,27,27,28,29,29,30,30,31,31,31,45,46,47,47,51,51,53,54,55,55
84040049,US,USA,840,40049.0,Garvin,Oklahoma,US,34.70418038,-97.30811132,"Garvin, Oklahoma, US",0,0,0,0,0,0,0,0,0,0,0,0,0,0,0,0,0,0,0,0,0,0,0,0,0,0,0,0,0,0,0,0,0,0,0,0,0,0,0,0,0,0,0,0,0,0,0,0,0,0,0,0,0,0,0,0,0,0,1,2,2,2,2,2,2,2,2,4,6,6,7,8,8,11,9,10,12,11,13,11,10,10,11,10,10,10,10,10,10,11,12,12,13,13,13,13,13,13,13,13,14,14,14,14,14,14,14,14,14,15,15,15,15,15,16,15,15,15,15,15,15,15,15,15,15,15,16,16,17,17,17,18,18,18,18,18,18,20,20,20,20,20,20,20,28,30,33,33,39,41,43,45
84040051,US,USA,840,40051.0,Grady,Oklahoma,US,35.0167709,-97.88339847,"Grady, Oklahoma, US",0,0,0,0,0,0,0,0,0,0,0,0,0,0,0,0,0,0,0,0,0,0,0,0,0,0,0,0,0,0,0,0,0,0,0,0,0,0,0,0,0,0,0,0,0,0,0,0,0,0,0,0,0,0,0,0,0,1,1,1,1,1,1,1,2,2,2,2,3,2,3,3,5,6,7,8,9,9,9,11,11,11,11,12,14,16,16,16,20,23,23,25,31,31,34,34,34,35,35,36,36,38,39,40,40,41,41,42,45,45,46,52,54,58,60,64,64,64,65,68,71,72,73,76,79,80,83,83,85,92,92,97,99,100,104,107,107,115,115,115,115,115,116,116,117,118,118,120,122,123,123,125
84040053,US,USA,840,40053.0,Grant,Oklahoma,US,36.796296999999996,-97.78638765,"Grant, Oklahoma, US",0,0,0,0,0,0,0,0,0,0,0,0,0,0,0,0,0,0,0,0,0,0,0,0,0,0,0,0,0,0,0,0,0,0,0,0,0,0,0,0,0,0,0,0,0,0,0,0,0,0,0,0,0,0,0,0,0,0,0,0,0,0,0,0,0,0,0,0,0,0,0,0,1,1,1,1,1,1,1,1,2,2,2,2,2,2,2,2,2,2,2,2,2,2,2,2,2,2,2,2,2,2,2,2,2,2,2,2,2,2,2,2,2,2,2,2,2,2,2,2,2,2,2,2,2,2,2,2,2,2,2,2,2,2,2,2,2,2,2,2,2,2,2,2,2,2,2,2,2,2,2,2
84040055,US,USA,840,40055.0,Greer,Oklahoma,US,34.93535801,-99.56056120000001,"Greer, Oklahoma, US",0,0,0,0,0,0,0,0,0,0,0,0,0,0,0,0,0,0,0,0,0,0,0,0,0,0,0,0,0,0,0,0,0,0,0,0,0,0,0,0,0,0,0,0,0,0,0,0,0,0,0,0,0,0,0,0,0,0,0,0,0,0,0,0,0,0,0,0,0,0,2,2,5,6,25,26,31,32,37,46,48,49,50,49,50,50,50,50,55,57,57,61,63,64,64,64,64,64,64,65,65,65,65,65,65,65,65,65,65,65,65,66,66,66,66,66,66,66,66,66,66,66,66,66,66,66,66,66,66,66,66,66,66,66,66,66,66,66,66,66,66,66,66,66,66,66,66,66,66,66,66,66
84040057,US,USA,840,40057.0,Harmon,Oklahoma,US,34.7440135,-99.84741652,"Harmon, Oklahoma, US",0,0,0,0,0,0,0,0,0,0,0,0,0,0,0,0,0,0,0,0,0,0,0,0,0,0,0,0,0,0,0,0,0,0,0,0,0,0,0,0,0,0,0,0,0,0,0,0,0,0,0,0,0,0,0,0,0,0,0,0,0,0,0,0,0,0,0,0,0,0,0,0,0,0,0,0,0,0,0,0,0,0,0,0,0,0,0,0,0,0,0,0,0,0,0,0,0,0,0,0,0,0,0,0,0,0,0,0,0,0,0,0,0,0,0,0,0,0,0,0,0,0,0,0,0,0,0,0,0,0,0,0,0,0,0,0,0,0,0,0,0,0,0,0,0,0,0,1,1,1,1,1
84040059,US,USA,840,40059.0,Harper,Oklahoma,US,36.78836519,-99.6679804,"Harper, Oklahoma, US",0,0,0,0,0,0,0,0,0,0,0,0,0,0,0,0,0,0,0,0,0,0,0,0,0,0,0,0,0,0,0,0,0,0,0,0,0,0,0,0,0,0,0,0,0,0,0,0,0,0,0,0,0,0,0,0,0,0,0,0,0,0,0,0,0,0,0,0,0,0,0,0,0,0,0,0,0,0,0,0,0,0,0,0,0,0,0,0,1,1,1,1,1,1,1,1,1,1,1,1,1,1,1,1,1,1,1,1,1,1,1,1,1,1,1,1,1,1,1,1,1,1,1,1,1,1,1,1,1,1,1,1,1,1,1,1,1,1,1,1,1,1,1,1,1,1,1,1,1,1,1,1
84040061,US,USA,840,40061.0,Haskell,Oklahoma,US,35.22257600000001,-95.11513306,"Haskell, Oklahoma, US",0,0,0,0,0,0,0,0,0,0,0,0,0,0,0,0,0,0,0,0,0,0,0,0,0,0,0,0,0,0,0,0,0,0,0,0,0,0,0,0,0,0,0,0,0,0,0,0,0,0,0,0,0,0,0,0,0,0,0,0,0,0,0,0,0,0,0,0,0,0,0,0,0,0,0,0,0,0,0,0,0,0,0,0,0,0,0,0,2,2,3,3,3,3,3,5,5,5,4,4,4,5,5,5,5,5,5,5,5,5,5,5,5,5,5,5,5,5,5,6,6,6,6,6,6,6,6,6,6,6,6,6,6,6,6,6,6,6,6,6,6,6,6,6,6,6,6,6,7,7,7,7
84040063,US,USA,840,40063.0,Hughes,Oklahoma,US,35.04912569,-96.24921145,"Hughes, Oklahoma, US",0,0,0,0,0,0,0,0,0,0,0,0,0,0,0,0,0,0,0,0,0,0,0,0,0,0,0,0,0,0,0,0,0,0,0,0,0,0,0,0,0,0,0,0,0,0,0,0,0,0,0,0,0,0,0,0,0,0,0,0,0,0,0,0,0,0,0,0,0,0,0,0,0,0,0,0,0,0,0,0,0,0,0,0,0,0,0,0,0,0,0,0,0,0,0,0,0,0,0,0,0,0,0,0,0,0,0,0,0,0,0,0,0,0,0,0,0,0,0,0,0,0,0,0,0,0,0,0,1,1,1,1,3,3,3,3,3,3,3,3,3,3,3,3,3,3,3,3,3,3,3,5
84040065,US,USA,840,40065.0,Jackson,Oklahoma,US,34.58781741,-99.41138784,"Jackson, Oklahoma, US",0,0,0,0,0,0,0,0,0,0,0,0,0,0,0,0,0,0,0,0,0,0,0,0,0,0,0,0,0,0,0,0,0,0,0,0,0,0,0,0,0,0,0,0,0,0,0,0,0,0,1,1,1,1,1,1,1,1,1,1,1,1,1,1,1,1,1,1,1,1,2,2,4,4,4,4,6,6,6,6,7,7,7,7,6,6,6,6,6,6,8,8,13,13,14,15,15,15,15,15,16,16,17,17,18,19,19,19,19,19,19,20,20,21,21,21,21,21,21,21,21,21,21,21,23,24,24,24,24,27,27,27,27,27,27,27,27,28,28,29,30,30,32,30,30,30,32,32,32,32,32,32
84040067,US,USA,840,40067.0,Jefferson,Oklahoma,US,34.11130184,-97.83182974,"Jefferson, Oklahoma, US",0,0,0,0,0,0,0,0,0,0,0,0,0,0,0,0,0,0,0,0,0,0,0,0,0,0,0,0,0,0,0,0,0,0,0,0,0,0,0,0,0,0,0,0,0,0,0,0,0,0,0,0,0,0,0,0,0,0,0,0,0,0,0,0,0,0,0,0,0,0,0,0,0,0,0,1,1,1,1,1,1,1,1,1,1,1,1,1,1,1,2,2,2,2,2,2,2,2,2,2,2,2,2,2,2,2,2,3,3,3,3,3,3,3,3,3,3,3,3,3,3,3,3,3,3,3,4,4,3,3,3,3,4,4,4,4,4,4,4,4,4,4,4,4,4,4,4,4,4,4,4,4
84040069,US,USA,840,40069.0,Johnston,Oklahoma,US,34.31440473,-96.66011537,"Johnston, Oklahoma, US",0,0,0,0,0,0,0,0,0,0,0,0,0,0,0,0,0,0,0,0,0,0,0,0,0,0,0,0,0,0,0,0,0,0,0,0,0,0,0,0,0,0,0,0,0,0,0,0,0,0,0,0,0,0,0,0,0,0,0,0,0,0,0,0,0,0,0,0,0,0,0,0,0,0,0,0,0,0,0,0,0,0,0,2,2,2,2,2,3,3,3,3,3,3,4,3,3,3,3,3,3,3,3,3,3,3,3,3,3,3,3,3,3,3,3,3,3,3,3,3,3,3,3,3,3,3,3,3,3,3,3,3,3,3,3,3,3,3,3,3,3,4,4,4,5,5,5,6,8,8,8,8
84040071,US,USA,840,40071.0,Kay,Oklahoma,US,36.81799745,-97.14421435,"Kay, Oklahoma, US",0,0,0,0,0,0,0,0,0,0,0,0,0,0,0,0,0,0,0,0,0,0,0,0,0,0,0,0,0,0,0,0,0,0,0,0,0,0,0,0,0,0,0,0,0,0,0,0,0,0,0,0,0,0,1,2,2,2,3,3,4,5,5,5,11,17,18,20,20,24,24,24,25,29,30,30,33,33,36,41,42,43,45,45,45,46,46,46,46,46,46,46,47,47,47,47,47,47,47,47,47,47,47,47,48,48,48,48,48,48,48,48,49,49,49,49,49,50,50,50,51,51,52,52,52,52,52,52,52,53,53,54,56,57,57,57,59,59,59,60,60,64,65,65,65,65,69,70,72,77,79,80
84040073,US,USA,840,40073.0,Kingfisher,Oklahoma,US,35.94530008,-97.94193268,"Kingfisher, Oklahoma, US",0,0,0,0,0,0,0,0,0,0,0,0,0,0,0,0,0,0,0,0,0,0,0,0,0,0,0,0,0,0,0,0,0,0,0,0,0,0,0,0,0,0,0,0,0,0,0,0,0,0,0,0,0,0,0,0,0,0,0,0,0,0,0,0,0,0,0,0,0,0,0,2,3,3,3,3,3,3,3,5,5,5,6,6,6,6,6,6,6,6,6,6,6,7,7,8,8,8,8,8,8,8,8,8,8,8,8,8,8,8,8,9,10,10,10,10,10,10,10,10,10,11,13,11,11,11,11,11,11,11,11,11,11,11,12,12,12,12,12,12,12,12,12,12,12,13,13,13,13,17,18,19
84040075,US,USA,840,40075.0,Kiowa,Oklahoma,US,34.91671958,-98.97720696,"Kiowa, Oklahoma, US",0,0,0,0,0,0,0,0,0,0,0,0,0,0,0,0,0,0,0,0,0,0,0,0,0,0,0,0,0,0,0,0,0,0,0,0,0,0,0,0,0,0,0,0,0,0,0,0,0,0,0,0,0,0,0,0,0,0,0,0,0,0,0,0,0,0,0,0,0,0,0,1,1,1,1,1,1,1,1,1,1,1,2,2,2,2,2,2,3,3,3,3,4,4,4,4,4,4,4,5,5,5,5,5,5,5,5,6,7,7,6,6,6,6,7,6,6,6,6,6,6,6,6,6,6,6,6,6,6,6,6,6,6,6,6,6,6,6,6,6,6,6,6,6,6,6,6,6,6,6,6,6
84040077,US,USA,840,40077.0,Latimer,Oklahoma,US,34.87844729,-95.25215049,"Latimer, Oklahoma, US",0,0,0,0,0,0,0,0,0,0,0,0,0,0,0,0,0,0,0,0,0,0,0,0,0,0,0,0,0,0,0,0,0,0,0,0,0,0,0,0,0,0,0,0,0,0,0,0,0,0,0,0,0,0,0,0,0,0,0,0,0,0,0,0,0,1,1,1,1,1,2,2,2,4,4,4,4,4,4,4,4,4,4,4,4,4,4,4,4,4,4,4,4,4,4,5,5,5,5,5,5,5,5,5,5,5,5,5,5,5,5,5,5,5,5,5,6,6,6,5,5,5,5,5,5,5,5,5,5,5,5,5,5,5,5,5,5,5,5,5,5,5,5,6,6,6,7,7,7,7,7,7
84040079,US,USA,840,40079.0,Le Flore,Oklahoma,US,34.89851864,-94.70392124,"Le Flore, Oklahoma, US",0,0,0,0,0,0,0,0,0,0,0,0,0,0,0,0,0,0,0,0,0,0,0,0,0,0,0,0,0,0,0,0,0,0,0,0,0,0,0,0,0,0,0,0,0,0,0,0,0,0,0,0,0,0,0,0,0,0,0,0,0,0,0,0,0,0,1,1,1,1,1,1,1,1,1,1,1,1,3,3,3,3,3,3,4,5,5,5,6,6,7,8,8,9,9,9,10,10,10,11,11,13,13,13,13,13,13,13,13,13,13,13,13,14,13,13,13,13,13,13,13,13,13,13,14,14,14,14,14,14,14,14,14,14,14,14,15,15,16,16,16,17,18,19,20,20,20,20,25,25,26,27
84040081,US,USA,840,40081.0,Lincoln,Oklahoma,US,35.70270942,-96.8812462,"Lincoln, Oklahoma, US",0,0,0,0,0,0,0,0,0,0,0,0,0,0,0,0,0,0,0,0,0,0,0,0,0,0,0,0,0,0,0,0,0,0,0,0,0,0,0,0,0,0,0,0,0,0,0,0,0,0,0,0,0,0,0,0,0,0,0,0,0,0,0,0,1,3,3,3,4,5,5,6,7,7,7,9,10,10,10,11,11,11,10,10,10,11,11,11,10,10,10,10,10,10,10,10,11,11,12,13,12,14,14,14,16,16,16,17,17,17,17,17,17,17,17,18,18,19,19,19,21,21,21,21,21,22,22,22,22,22,22,22,22,22,22,22,22,22,23,22,22,22,22,22,24,24,27,24,26,25,25,26
84040083,US,USA,840,40083.0,Logan,Oklahoma,US,35.91899576,-97.44352845,"Logan, Oklahoma, US",0,0,0,0,0,0,0,0,0,0,0,0,0,0,0,0,0,0,0,0,0,0,0,0,0,0,0,0,0,0,0,0,0,0,0,0,0,0,0,0,0,0,0,0,0,0,0,0,0,0,0,0,0,0,0,0,0,1,1,1,1,1,1,3,3,3,3,3,4,4,4,5,5,6,6,6,6,6,7,7,7,7,7,7,7,8,8,8,9,9,10,10,11,12,12,13,13,13,14,15,16,16,16,16,17,17,18,18,18,18,18,18,18,18,18,18,18,18,18,18,18,18,18,19,19,19,19,19,19,19,19,19,19,19,19,19,19,21,21,21,21,22,22,23,23,25,24,24,25,26,26,28
84040085,US,USA,840,40085.0,Love,Oklahoma,US,33.95273467,-97.23906784,"Love, Oklahoma, US",0,0,0,0,0,0,0,0,0,0,0,0,0,0,0,0,0,0,0,0,0,0,0,0,0,0,0,0,0,0,0,0,0,0,0,0,0,0,0,0,0,0,0,0,0,0,0,0,0,0,0,0,0,0,0,0,0,0,0,0,0,0,0,0,0,0,0,0,1,1,1,2,2,2,2,2,2,2,2,2,2,2,2,2,2,2,2,2,2,2,2,2,2,2,2,2,2,2,2,2,2,2,2,2,2,2,3,3,3,3,3,3,3,3,3,3,3,4,4,4,4,6,14,14,15,15,15,15,15,15,15,15,16,16,16,16,16,17,17,21,21,20,21,22,23,25,26,25,25,25,25,26
84040087,US,USA,840,40087.0,McClain,Oklahoma,US,35.01123903,-97.44572302,"McClain, Oklahoma, US",0,0,0,0,0,0,0,0,0,0,0,0,0,0,0,0,0,0,0,0,0,0,0,0,0,0,0,0,0,0,0,0,0,0,0,0,0,0,0,0,0,0,0,0,0,0,0,0,0,0,0,0,0,0,0,0,0,1,1,1,1,1,1,1,2,2,2,2,2,3,9,11,10,11,12,12,16,15,17,18,18,18,19,18,19,20,20,20,0,22,23,25,28,30,30,30,30,35,35,53,74,74,77,77,84,84,84,85,85,85,85,85,86,86,86,86,86,86,95,95,95,95,97,98,98,98,101,103,104,104,104,105,106,106,107,109,109,109,110,110,110,112,114,113,116,116,118,118,120,121,124,130
84040089,US,USA,840,40089.0,McCurtain,Oklahoma,US,34.11664328,-94.77222373,"McCurtain, Oklahoma, US",0,0,0,0,0,0,0,0,0,0,0,0,0,0,0,0,0,0,0,0,0,0,0,0,0,0,0,0,0,0,0,0,0,0,0,0,0,0,0,0,0,0,0,0,0,0,0,0,0,0,0,0,0,0,0,0,0,0,0,0,0,0,0,0,0,0,0,0,0,0,0,0,1,1,1,1,2,2,2,2,2,3,6,6,7,7,7,7,0,8,8,8,8,8,8,8,8,8,8,8,8,8,8,8,8,8,8,8,8,8,8,8,8,9,9,11,11,11,12,13,13,18,23,25,29,29,32,33,34,35,35,41,71,75,77,79,81,84,97,109,117,122,137,143,148,151,158,166,189,200,245,302
84040091,US,USA,840,40091.0,McIntosh,Oklahoma,US,35.37235506,-95.66599306,"McIntosh, Oklahoma, US",0,0,0,0,0,0,0,0,0,0,0,0,0,0,0,0,0,0,0,0,0,0,0,0,0,0,0,0,0,0,0,0,0,0,0,0,0,0,0,0,0,0,0,0,0,0,0,0,0,0,0,0,0,0,0,0,0,0,0,0,0,0,0,0,0,0,0,0,0,0,0,0,0,0,1,1,2,1,1,1,1,1,1,1,1,2,2,2,0,2,2,2,2,2,2,2,2,2,2,2,2,2,2,3,3,4,4,5,5,5,5,5,5,5,8,10,10,10,10,10,11,11,11,11,11,11,11,11,11,11,11,11,12,12,14,14,14,14,14,14,14,14,15,16,16,16,21,23,25,27,29,38
84040093,US,USA,840,40093.0,Major,Oklahoma,US,36.31149996,-98.53467076,"Major, Oklahoma, US",0,0,0,0,0,0,0,0,0,0,0,0,0,0,0,0,0,0,0,0,0,0,0,0,0,0,0,0,0,0,0,0,0,0,0,0,0,0,0,0,0,0,0,0,0,0,0,0,0,0,0,0,0,0,0,0,0,0,0,0,0,0,0,0,0,0,0,0,0,0,0,0,1,1,1,1,1,1,1,1,1,1,1,2,2,2,2,2,2,2,2,2,2,2,2,2,2,3,3,3,3,3,3,3,4,4,4,5,5,5,5,6,6,6,6,6,6,6,6,6,6,6,6,6,6,6,6,6,6,6,6,6,6,6,6,6,6,6,6,6,6,6,6,6,6,6,6,6,7,7,7,8
84040095,US,USA,840,40095.0,Marshall,Oklahoma,US,34.02311222,-96.76855464,"Marshall, Oklahoma, US",0,0,0,0,0,0,0,0,0,0,0,0,0,0,0,0,0,0,0,0,0,0,0,0,0,0,0,0,0,0,0,0,0,0,0,0,0,0,0,0,0,0,0,0,0,0,0,0,0,0,0,0,0,0,0,0,0,0,0,0,0,0,0,0,0,0,0,0,0,0,0,0,0,0,0,0,1,1,1,1,1,1,1,1,1,1,1,1,2,2,2,2,2,2,2,2,2,2,2,2,2,2,2,2,2,2,2,2,2,2,2,2,2,2,4,4,4,6,6,6,7,7,7,7,8,8,8,8,8,8,8,8,8,8,10,10,9,11,11,11,12,13,13,15,15,16,20,20,21,21,22,22
84040097,US,USA,840,40097.0,Mayes,Oklahoma,US,36.30179091,-95.23175116,"Mayes, Oklahoma, US",0,0,0,0,0,0,0,0,0,0,0,0,0,0,0,0,0,0,0,0,0,0,0,0,0,0,0,0,0,0,0,0,0,0,0,0,0,0,0,0,0,0,0,0,0,0,0,0,0,0,0,0,0,0,0,0,0,0,0,0,0,0,1,1,2,2,3,3,4,4,5,5,5,7,9,10,12,12,12,13,13,14,15,14,16,19,19,19,19,19,19,19,19,19,21,21,21,21,21,22,24,24,24,24,24,24,24,24,24,24,25,26,26,26,27,28,28,28,28,28,28,29,29,29,30,30,30,30,30,30,30,30,30,30,31,31,31,34,34,35,37,46,50,56,56,56,59,59,60,60,65,69
84040099,US,USA,840,40099.0,Murray,Oklahoma,US,34.48116015,-97.06826283,"Murray, Oklahoma, US",0,0,0,0,0,0,0,0,0,0,0,0,0,0,0,0,0,0,0,0,0,0,0,0,0,0,0,0,0,0,0,0,0,0,0,0,0,0,0,0,0,0,0,0,0,0,0,0,0,0,0,0,0,0,0,0,0,0,0,0,0,0,0,0,0,0,0,0,0,0,0,0,0,0,0,0,0,0,0,0,0,0,0,0,0,0,0,0,1,1,1,1,1,1,1,1,1,1,1,1,1,2,2,2,2,2,2,2,2,2,2,2,2,2,2,2,2,2,2,2,2,2,2,2,2,2,3,4,4,4,4,4,4,5,5,5,5,6,6,6,6,6,6,6,11,11,11,13,12,13,13,13
84040101,US,USA,840,40101.0,Muskogee,Oklahoma,US,35.61318461,-95.37802952,"Muskogee, Oklahoma, US",0,0,0,0,0,0,0,0,0,0,0,0,0,0,0,0,0,0,0,0,0,0,0,0,0,0,0,0,0,0,0,0,0,0,0,0,0,0,0,0,0,0,0,0,0,0,0,0,0,0,0,0,0,0,0,0,0,0,0,0,1,1,1,1,4,5,7,7,7,8,13,15,16,17,20,20,21,21,21,21,21,21,22,25,26,25,25,25,26,26,26,26,26,26,26,26,26,26,26,27,27,27,27,27,27,27,28,28,29,29,29,29,29,30,29,29,30,30,30,30,32,34,35,35,35,36,39,43,46,48,48,48,49,60,60,61,61,62,64,67,67,69,70,74,77,79,77,77,80,88,92,94
84040103,US,USA,840,40103.0,Noble,Oklahoma,US,36.38953329,-97.22928674,"Noble, Oklahoma, US",0,0,0,0,0,0,0,0,0,0,0,0,0,0,0,0,0,0,0,0,0,0,0,0,0,0,0,0,0,0,0,0,0,0,0,0,0,0,0,0,0,0,0,0,0,0,0,0,0,0,0,0,0,0,0,0,0,0,0,0,1,1,2,2,2,3,3,3,3,4,5,5,5,5,6,6,6,6,6,6,6,6,6,6,6,6,6,6,6,6,6,6,6,6,6,6,6,6,6,6,6,6,6,6,6,7,7,7,7,7,7,7,7,7,7,7,7,7,7,7,7,7,7,7,7,7,7,7,7,7,7,7,7,7,7,7,7,7,7,7,7,7,8,9,14,14,18,20,24,26,26,28
84040105,US,USA,840,40105.0,Nowata,Oklahoma,US,36.79843529,-95.61902331,"Nowata, Oklahoma, US",0,0,0,0,0,0,0,0,0,0,0,0,0,0,0,0,0,0,0,0,0,0,0,0,0,0,0,0,0,0,0,0,0,0,0,0,0,0,0,0,0,0,0,0,0,0,0,0,0,0,0,0,0,0,0,0,0,0,0,0,0,0,0,0,0,0,1,3,4,5,5,6,7,8,9,9,10,10,10,10,10,10,10,11,11,11,11,11,13,13,13,14,16,17,19,20,20,20,21,21,21,21,21,21,21,21,21,22,22,22,22,23,23,23,23,23,23,23,23,23,23,23,23,23,23,23,23,23,23,23,23,23,23,23,23,23,23,24,24,24,24,24,25,25,25,25,26,26,27,27,27,28
84040107,US,USA,840,40107.0,Okfuskee,Oklahoma,US,35.46485198,-96.32639984,"Okfuskee, Oklahoma, US",0,0,0,0,0,0,0,0,0,0,0,0,0,0,0,0,0,0,0,0,0,0,0,0,0,0,0,0,0,0,0,0,0,0,0,0,0,0,0,0,0,0,0,0,0,0,0,0,0,0,0,0,0,0,0,0,0,0,0,0,0,0,0,0,0,0,0,0,0,0,0,0,0,0,0,0,0,0,0,1,1,1,1,1,1,1,1,1,1,1,1,1,1,1,1,1,1,1,1,1,1,1,1,1,1,1,1,1,1,1,1,1,2,2,2,2,2,2,2,2,3,2,3,3,3,3,3,3,6,4,4,4,5,5,5,5,5,5,5,6,6,6,6,6,6,6,6,6,7,6,7,7
84040109,US,USA,840,40109.0,Oklahoma,Oklahoma,US,35.55140095,-97.40716948,"Oklahoma, Oklahoma, US",0,0,0,0,0,0,0,0,0,0,0,0,0,0,0,0,0,0,0,0,0,0,0,0,0,0,0,0,0,0,0,0,0,0,0,0,0,0,0,0,0,0,0,0,0,0,0,0,0,0,0,0,1,1,1,6,6,18,19,20,26,29,41,55,73,94,107,120,134,155,192,216,237,256,265,279,303,317,385,413,425,435,455,474,483,497,497,497,560,574,590,607,634,670,694,696,703,729,743,773,816,822,838,841,853,868,895,905,927,945,954,997,1007,1013,1035,1070,1074,1075,1087,1093,1109,1179,1189,1203,1208,1216,1227,1241,1254,1263,1263,1284,1294,1309,1328,1350,1360,1369,1384,1404,1436,1461,1517,1561,1597,1643,1673,1754,1861,1946,1990,2099
84040111,US,USA,840,40111.0,Okmulgee,Oklahoma,US,35.64661916,-95.96432828,"Okmulgee, Oklahoma, US",0,0,0,0,0,0,0,0,0,0,0,0,0,0,0,0,0,0,0,0,0,0,0,0,0,0,0,0,0,0,0,0,0,0,0,0,0,0,0,0,0,0,0,0,0,0,0,0,0,0,0,0,0,0,0,0,0,0,0,0,0,0,0,0,2,2,2,3,3,3,4,5,7,11,11,11,11,11,13,13,13,13,14,14,14,14,14,14,15,15,15,16,16,16,16,16,16,16,16,16,16,16,16,16,16,16,17,16,16,16,16,16,16,16,16,18,18,18,18,18,21,22,22,23,23,23,23,23,25,26,26,26,25,25,25,25,26,26,27,29,29,29,29,29,30,30,31,31,32,36,40,45
84040113,US,USA,840,40113.0,Osage,Oklahoma,US,36.62888819,-96.39635704,"Osage, Oklahoma, US",0,0,0,0,0,0,0,0,0,0,0,0,0,0,0,0,0,0,0,0,0,0,0,0,0,0,0,0,0,0,0,0,0,0,0,0,0,0,0,0,0,0,0,0,0,0,0,0,0,0,0,0,0,0,0,0,0,0,0,0,0,0,0,1,3,5,6,10,11,16,19,22,21,25,27,31,34,33,41,45,45,50,56,59,61,61,61,61,64,65,65,65,68,71,71,72,72,72,73,75,76,76,76,78,78,77,82,85,88,88,89,90,90,90,91,91,91,91,92,92,92,93,94,94,94,94,93,94,95,95,95,95,95,96,102,102,101,101,102,102,103,104,104,106,112,114,114,116,124,125,130,140
84040115,US,USA,840,40115.0,Ottawa,Oklahoma,US,36.83532655,-94.81011909,"Ottawa, Oklahoma, US",0,0,0,0,0,0,0,0,0,0,0,0,0,0,0,0,0,0,0,0,0,0,0,0,0,0,0,0,0,0,0,0,0,0,0,0,0,0,0,0,0,0,0,0,0,0,0,0,0,0,0,0,0,0,0,0,0,0,0,0,0,0,0,0,1,1,4,4,6,7,7,8,8,10,11,12,14,15,17,17,16,18,23,22,22,24,24,24,27,27,27,28,29,29,29,29,29,32,31,31,34,34,34,34,34,34,34,34,34,34,34,34,34,34,35,34,35,35,35,35,35,35,35,35,35,35,35,35,35,35,35,35,35,35,35,35,35,35,35,35,35,36,36,37,37,37,41,42,42,42,43,44
84040117,US,USA,840,40117.0,Pawnee,Oklahoma,US,36.31743373,-96.70331759999999,"Pawnee, Oklahoma, US",0,0,0,0,0,0,0,0,0,0,0,0,0,0,0,0,0,0,0,0,0,0,0,0,0,0,0,0,0,0,0,0,0,0,0,0,0,0,0,0,0,0,0,0,0,0,0,0,0,0,0,0,0,0,0,1,1,1,1,2,3,3,4,7,10,14,14,15,15,15,15,15,16,16,22,22,23,23,24,26,26,26,27,27,27,28,28,28,28,28,28,28,28,28,28,29,29,29,29,29,29,29,29,29,29,29,29,29,29,29,29,29,29,29,29,29,29,29,29,29,29,29,29,29,29,29,30,30,30,31,31,31,31,31,32,32,33,34,34,34,35,35,36,41,41,41,41,41,41,46,47,48
84040119,US,USA,840,40119.0,Payne,Oklahoma,US,36.07695283,-96.97584944,"Payne, Oklahoma, US",0,0,0,0,0,0,0,0,0,0,0,0,0,0,0,0,0,0,0,0,0,0,0,0,0,0,0,0,0,0,0,0,0,0,0,0,0,0,0,0,0,0,0,0,0,0,0,0,0,0,0,0,0,0,1,1,1,1,1,1,2,3,3,3,5,7,12,13,14,15,16,18,18,20,20,21,24,24,25,28,28,28,29,28,29,34,34,34,37,39,39,40,40,43,43,44,44,44,44,44,44,44,44,44,44,44,44,45,45,45,45,44,44,44,44,45,45,45,45,45,45,45,45,45,45,45,45,45,45,45,45,45,46,48,48,48,48,48,51,52,55,60,72,97,100,104,142,156,179,208,215,242
84040121,US,USA,840,40121.0,Pittsburg,Oklahoma,US,34.92065823,-95.75134320000001,"Pittsburg, Oklahoma, US",0,0,0,0,0,0,0,0,0,0,0,0,0,0,0,0,0,0,0,0,0,0,0,0,0,0,0,0,0,0,0,0,0,0,0,0,0,0,0,0,0,0,0,0,0,0,0,0,0,0,0,0,0,0,0,0,0,0,0,0,0,0,0,0,0,2,2,2,2,2,2,2,2,3,6,6,7,7,7,8,8,8,10,11,13,14,14,14,17,18,20,20,22,22,21,25,25,27,28,29,32,35,39,38,39,39,39,39,39,39,39,39,39,39,39,38,38,39,39,39,40,40,40,40,40,40,40,40,40,41,41,41,41,41,41,41,41,42,42,43,44,44,44,43,43,43,43,44,47,47,48,48
84040123,US,USA,840,40123.0,Pontotoc,Oklahoma,US,34.72959848,-96.68337199,"Pontotoc, Oklahoma, US",0,0,0,0,0,0,0,0,0,0,0,0,0,0,0,0,0,0,0,0,0,0,0,0,0,0,0,0,0,0,0,0,0,0,0,0,0,0,0,0,0,0,0,0,0,0,0,0,0,0,0,0,0,0,0,0,0,0,0,0,0,1,1,1,1,2,3,3,3,5,5,5,7,7,7,8,9,9,9,9,9,9,10,10,10,10,10,10,10,10,10,10,10,10,10,10,10,10,10,10,10,10,10,10,10,10,10,10,10,10,10,10,10,10,10,11,11,11,11,11,11,11,11,12,12,12,12,12,13,13,13,14,15,15,15,17,18,18,18,20,20,20,20,21,21,21,21,22,24,24,23,27
84040125,US,USA,840,40125.0,Pottawatomie,Oklahoma,US,35.20614018,-96.94923008,"Pottawatomie, Oklahoma, US",0,0,0,0,0,0,0,0,0,0,0,0,0,0,0,0,0,0,0,0,0,0,0,0,0,0,0,0,0,0,0,0,0,0,0,0,0,0,0,0,0,0,0,0,0,0,0,0,0,0,0,0,0,0,0,0,0,0,0,0,0,0,0,1,2,2,2,2,2,5,6,9,11,11,12,13,19,20,24,25,25,26,26,28,28,32,32,32,36,36,36,37,38,40,40,40,42,43,43,45,48,51,52,52,52,52,53,54,54,54,54,54,55,55,55,56,57,57,57,56,56,56,56,57,57,57,58,59,59,59,59,62,63,63,63,63,63,64,64,65,66,66,67,67,71,72,75,78,79,80,83,85
84040127,US,USA,840,40127.0,Pushmataha,Oklahoma,US,34.41635232,-95.37603505,"Pushmataha, Oklahoma, US",0,0,0,0,0,0,0,0,0,0,0,0,0,0,0,0,0,0,0,0,0,0,0,0,0,0,0,0,0,0,0,0,0,0,0,0,0,0,0,0,0,0,0,0,0,0,0,0,0,0,0,0,0,0,0,0,0,0,0,0,0,0,0,0,0,0,0,0,0,0,0,0,0,0,0,0,0,0,0,0,0,0,0,0,0,0,0,0,0,0,0,0,0,0,0,0,1,1,1,1,1,1,1,1,1,1,1,1,1,1,1,1,1,1,1,1,1,1,1,2,2,2,2,2,2,2,2,2,2,2,2,2,3,5,5,5,5,5,5,5,6,6,7,7,7,7,7,7,7,8,9,9
84040129,US,USA,840,40129.0,Roger Mills,Oklahoma,US,35.68711719,-99.69666167,"Roger Mills, Oklahoma, US",0,0,0,0,0,0,0,0,0,0,0,0,0,0,0,0,0,0,0,0,0,0,0,0,0,0,0,0,0,0,0,0,0,0,0,0,0,0,0,0,0,0,0,0,0,0,0,0,0,0,0,0,0,0,0,0,0,0,0,0,0,0,0,0,0,0,0,0,0,0,0,0,0,0,0,0,0,0,0,0,0,0,0,0,0,0,0,0,0,0,0,0,0,0,0,0,0,0,0,0,0,0,0,0,0,0,0,0,0,0,0,0,0,0,0,0,0,0,0,0,0,0,0,0,0,0,0,0,0,0,0,0,0,0,0,0,0,0,0,0,0,0,0,0,0,0,0,0,0,0,0,0
84040131,US,USA,840,40131.0,Rogers,Oklahoma,US,36.37004357,-95.60406759,"Rogers, Oklahoma, US",0,0,0,0,0,0,0,0,0,0,0,0,0,0,0,0,0,0,0,0,0,0,0,0,0,0,0,0,0,0,0,0,0,0,0,0,0,0,0,0,0,0,0,0,0,0,0,0,0,0,0,0,0,0,0,0,0,0,0,0,0,0,0,0,0,0,0,1,1,3,4,8,10,12,13,15,17,19,19,23,24,25,25,28,30,30,30,30,38,38,40,42,44,45,46,47,47,50,52,59,60,65,66,67,68,68,69,70,70,70,70,71,72,72,72,72,72,72,72,72,73,73,78,78,78,78,79,80,80,81,81,81,82,82,83,83,85,85,87,89,92,92,93,95,97,99,100,98,113,122,123,126
84040133,US,USA,840,40133.0,Seminole,Oklahoma,US,35.16478725,-96.61686741,"Seminole, Oklahoma, US",0,0,0,0,0,0,0,0,0,0,0,0,0,0,0,0,0,0,0,0,0,0,0,0,0,0,0,0,0,0,0,0,0,0,0,0,0,0,0,0,0,0,0,0,0,0,0,0,0,0,0,0,0,0,0,0,0,0,0,0,0,0,0,0,0,0,0,1,1,1,1,1,1,2,2,3,3,4,4,6,6,7,7,7,7,7,7,7,7,7,9,9,8,8,8,8,8,10,10,10,11,12,12,12,19,19,19,20,20,21,21,21,21,21,21,21,21,21,21,21,21,21,21,22,23,23,23,24,26,26,26,26,26,28,30,30,30,30,30,30,30,30,31,31,31,31,31,31,31,33,33,35
84040135,US,USA,840,40135.0,Sequoyah,Oklahoma,US,35.49447108,-94.75463785,"Sequoyah, Oklahoma, US",0,0,0,0,0,0,0,0,0,0,0,0,0,0,0,0,0,0,0,0,0,0,0,0,0,0,0,0,0,0,0,0,0,0,0,0,0,0,0,0,0,0,0,0,0,0,0,0,0,0,0,0,0,0,0,0,0,0,0,0,0,0,0,0,1,1,2,2,2,2,2,4,4,4,4,7,10,10,10,10,9,9,11,11,10,10,10,10,10,10,10,10,10,11,11,12,12,12,12,12,12,12,12,12,12,13,13,13,13,14,14,14,14,14,14,14,14,14,14,14,14,14,14,14,14,14,14,14,14,15,15,15,15,15,16,17,17,17,17,18,19,19,19,20,21,21,21,21,21,22,22,25
84040137,US,USA,840,40137.0,Stephens,Oklahoma,US,34.48556989,-97.85141892,"Stephens, Oklahoma, US",0,0,0,0,0,0,0,0,0,0,0,0,0,0,0,0,0,0,0,0,0,0,0,0,0,0,0,0,0,0,0,0,0,0,0,0,0,0,0,0,0,0,0,0,0,0,0,0,0,0,0,0,0,0,0,0,0,0,0,0,0,0,0,1,1,1,2,2,2,5,6,7,8,9,9,11,11,11,13,13,13,14,15,15,15,15,15,15,15,19,19,19,19,19,20,20,20,22,22,22,22,22,22,22,22,22,22,22,22,22,22,22,22,22,23,24,24,26,26,25,36,37,37,37,37,37,37,37,37,38,38,38,38,40,41,41,41,44,44,43,43,44,44,44,45,45,47,48,48,48,49,49
84040139,US,USA,840,40139.0,Texas,Oklahoma,US,36.74777635,-101.4889765,"Texas, Oklahoma, US",0,0,0,0,0,0,0,0,0,0,0,0,0,0,0,0,0,0,0,0,0,0,0,0,0,0,0,0,0,0,0,0,0,0,0,0,0,0,0,0,0,0,0,0,0,0,0,0,0,0,0,0,0,0,0,0,0,0,0,0,0,0,0,0,0,0,0,1,1,1,1,1,1,1,2,3,3,3,3,3,3,3,5,6,9,9,9,9,13,20,32,34,46,59,68,73,85,107,119,131,138,172,201,236,252,274,308,343,345,403,404,424,474,541,606,658,696,752,784,791,820,851,855,881,886,890,902,904,908,917,917,926,934,939,944,944,944,947,947,954,955,956,963,968,975,975,975,975,976,977,978,980
84040141,US,USA,840,40141.0,Tillman,Oklahoma,US,34.37288446,-98.92426619,"Tillman, Oklahoma, US",0,0,0,0,0,0,0,0,0,0,0,0,0,0,0,0,0,0,0,0,0,0,0,0,0,0,0,0,0,0,0,0,0,0,0,0,0,0,0,0,0,0,0,0,0,0,0,0,0,0,0,0,0,0,0,0,0,0,0,0,0,0,0,0,0,0,0,0,0,0,0,0,0,1,1,1,1,1,1,1,1,1,1,1,1,1,1,1,2,2,1,1,1,1,1,1,1,1,1,1,2,2,14,14,15,15,16,19,19,19,19,19,20,21,21,22,22,22,22,22,22,22,22,22,23,23,23,23,23,23,23,23,23,23,23,23,23,23,23,23,23,23,23,23,23,23,23,23,23,23,23,23
84040143,US,USA,840,40143.0,Tulsa,Oklahoma,US,36.11939621,-95.94013939,"Tulsa, Oklahoma, US",0,0,0,0,0,0,0,0,0,0,0,0,0,0,0,0,0,0,0,0,0,0,0,0,0,0,0,0,0,0,0,0,0,0,0,0,0,0,0,0,0,0,0,0,0,1,1,1,2,2,2,2,2,2,3,3,3,5,5,5,6,11,12,27,41,49,57,61,65,83,115,151,175,221,240,249,273,293,308,314,323,332,337,358,362,376,376,376,411,422,432,437,454,467,479,491,490,506,522,567,584,607,628,639,645,653,676,684,695,700,708,717,734,743,752,776,781,787,802,814,852,890,903,915,926,935,958,960,983,998,998,1022,1057,1087,1109,1134,1165,1188,1196,1261,1308,1372,1443,1525,1564,1653,1729,1825,1945,2070,2206,2349
84040145,US,USA,840,40145.0,Wagoner,Oklahoma,US,35.96024096,-95.51911308,"Wagoner, Oklahoma, US",0,0,0,0,0,0,0,0,0,0,0,0,0,0,0,0,0,0,0,0,0,0,0,0,0,0,0,0,0,0,0,0,0,0,0,0,0,0,0,0,0,0,0,0,0,0,0,0,0,0,0,0,0,0,0,0,0,0,0,0,0,0,0,3,6,8,8,8,8,10,15,24,30,40,47,49,55,57,57,65,67,69,73,98,102,107,107,107,108,108,112,112,112,114,114,114,115,116,118,119,120,122,122,122,123,123,125,126,125,129,129,130,131,131,133,136,137,137,137,137,140,143,145,148,148,149,150,150,150,149,149,150,150,150,151,153,153,156,156,158,161,164,165,168,169,171,173,181,189,194,202,210
84040147,US,USA,840,40147.0,Washington,Oklahoma,US,36.71380786,-95.90514104,"Washington, Oklahoma, US",0,0,0,0,0,0,0,0,0,0,0,0,0,0,0,0,0,0,0,0,0,0,0,0,0,0,0,0,0,0,0,0,0,0,0,0,0,0,0,0,0,0,0,0,0,0,0,0,0,0,0,0,0,0,0,0,0,1,1,1,2,2,2,3,5,9,14,18,20,21,23,24,28,33,35,39,43,45,54,57,83,104,114,118,118,124,124,124,140,148,192,201,208,216,222,229,231,244,248,256,263,268,273,276,281,283,289,291,296,296,301,300,300,301,301,302,303,303,304,304,307,309,310,310,310,312,314,314,314,316,316,325,327,334,338,339,340,340,340,343,343,344,345,348,348,350,353,357,361,365,367,375
84040149,US,USA,840,40149.0,Washita,Oklahoma,US,35.29071824,-98.99180434,"Washita, Oklahoma, US",0,0,0,0,0,0,0,0,0,0,0,0,0,0,0,0,0,0,0,0,0,0,0,0,0,0,0,0,0,0,0,0,0,0,0,0,0,0,0,0,0,0,0,0,0,0,0,0,0,0,0,0,0,0,0,0,0,0,0,0,0,0,0,0,0,0,0,0,0,0,0,0,1,0,0,0,0,0,0,0,0,0,0,0,0,0,0,0,0,0,0,0,0,1,1,1,1,0,0,0,0,0,0,0,0,0,0,0,0,0,0,0,0,1,1,1,1,1,1,1,1,1,1,2,2,2,2,2,2,2,2,2,2,2,2,2,2,2,2,2,2,2,2,2,2,2,3,3,3,3,3,3
84040151,US,USA,840,40151.0,Woods,Oklahoma,US,36.76705782,-98.86573064,"Woods, Oklahoma, US",0,0,0,0,0,0,0,0,0,0,0,0,0,0,0,0,0,0,0,0,0,0,0,0,0,0,0,0,0,0,0,0,0,0,0,0,0,0,0,0,0,0,0,0,0,0,0,0,0,0,0,0,0,0,0,0,0,0,0,0,0,0,0,0,0,0,0,0,0,0,0,0,0,0,0,0,0,0,0,0,0,0,0,0,0,0,0,0,1,3,3,3,3,3,3,3,3,3,3,3,3,3,3,3,3,3,3,3,3,3,3,3,3,3,3,3,3,3,3,3,3,3,3,3,3,3,3,3,3,3,3,3,3,3,3,4,4,4,4,5,5,5,5,5,5,5,5,5,5,5,5,5
84040153,US,USA,840,40153.0,Woodward,Oklahoma,US,36.42316318,-99.26283045,"Woodward, Oklahoma, US",0,0,0,0,0,0,0,0,0,0,0,0,0,0,0,0,0,0,0,0,0,0,0,0,0,0,0,0,0,0,0,0,0,0,0,0,0,0,0,0,0,0,0,0,0,0,0,0,0,0,0,0,0,0,0,0,0,0,0,0,0,0,0,0,0,0,0,0,0,0,0,1,1,1,1,1,1,1,1,1,1,1,1,1,1,1,1,1,1,1,1,1,2,1,1,1,1,1,1,1,1,1,1,1,1,1,1,1,1,1,1,1,1,1,1,1,1,1,1,1,3,3,3,4,4,4,4,4,4,5,5,5,5,5,5,5,5,7,7,8,8,9,9,9,11,11,11,11,11,12,12,12
84041001,US,USA,840,41001.0,Baker,Oregon,US,44.70915557,-117.6749883,"Baker, Oregon, US",0,0,0,0,0,0,0,0,0,0,0,0,0,0,0,0,0,0,0,0,0,0,0,0,0,0,0,0,0,0,0,0,0,0,0,0,0,0,0,0,0,0,0,0,0,0,0,0,0,0,0,0,0,0,0,0,0,0,0,0,0,0,0,0,0,0,0,0,0,0,0,0,0,0,0,0,0,0,0,0,0,0,0,0,0,0,0,0,0,0,0,0,0,0,0,0,0,0,0,0,0,0,0,0,0,1,1,1,1,1,1,1,1,1,3,1,1,1,1,1,1,1,1,1,1,1,1,1,1,1,1,1,1,1,1,1,1,1,1,1,1,1,1,1,1,1,1,1,1,1,1,1
84041003,US,USA,840,41003.0,Benton,Oregon,US,44.49167306,-123.4316987,"Benton, Oregon, US",0,0,0,0,0,0,0,0,0,0,0,0,0,0,0,0,0,0,0,0,0,0,0,0,0,0,0,0,0,0,0,0,0,0,0,0,0,0,0,0,0,0,0,0,0,0,0,0,0,0,0,0,0,0,0,2,3,3,3,2,4,4,4,6,6,6,8,8,9,12,13,15,17,17,19,19,21,21,21,21,21,23,23,24,25,27,27,27,27,28,28,27,27,27,28,29,29,29,29,30,32,32,32,36,39,40,44,43,44,47,49,50,50,50,51,51,51,54,54,55,55,55,55,55,55,55,55,55,55,55,55,55,56,57,57,62,62,62,62,63,63,63,63,63,63,63,63,66,66,66,66,66
84041005,US,USA,840,41005.0,Clackamas,Oregon,US,45.18787398,-122.2179634,"Clackamas, Oregon, US",0,0,0,0,0,0,0,0,0,0,0,0,0,0,0,0,0,0,0,0,0,0,0,0,0,0,0,0,0,0,0,0,0,0,0,0,0,0,0,0,0,0,0,0,0,0,0,0,0,0,1,1,1,1,1,6,6,6,10,11,12,14,17,21,21,31,36,39,40,50,56,61,66,66,84,84,90,97,109,109,116,125,132,135,142,150,153,154,161,171,173,183,191,196,201,204,204,205,206,214,222,224,225,226,231,235,241,250,256,266,268,274,274,271,277,281,281,286,284,284,284,289,290,290,294,296,300,304,305,306,312,317,317,324,333,339,339,346,377,393,399,446,455,455,482,488,509,526,538,561,561,561
84041007,US,USA,840,41007.0,Clatsop,Oregon,US,45.99712889,-123.660711,"Clatsop, Oregon, US",0,0,0,0,0,0,0,0,0,0,0,0,0,0,0,0,0,0,0,0,0,0,0,0,0,0,0,0,0,0,0,0,0,0,0,0,0,0,0,0,0,0,0,0,0,0,0,0,0,0,0,0,0,0,0,0,0,0,0,0,0,0,1,1,2,2,3,3,3,3,3,3,4,4,4,4,4,5,5,5,6,6,6,6,6,6,6,6,6,6,6,6,6,6,6,6,6,6,6,6,7,7,7,8,17,17,18,27,28,29,33,34,37,36,36,37,37,38,38,42,42,44,45,45,45,45,45,45,45,45,45,45,45,45,45,45,45,45,45,45,45,46,46,46,46,46,46,46,46,46,46,46
84041009,US,USA,840,41009.0,Columbia,Oregon,US,45.94464254,-123.08908980000001,"Columbia, Oregon, US",0,0,0,0,0,0,0,0,0,0,0,0,0,0,0,0,0,0,0,0,0,0,0,0,0,0,0,0,0,0,0,0,0,0,0,0,0,0,0,0,0,0,0,0,0,0,0,0,0,0,0,0,0,0,0,0,0,0,0,0,0,0,0,0,0,1,1,1,1,1,1,1,1,1,6,6,8,8,10,10,10,10,12,11,14,14,14,14,14,14,14,14,14,14,14,14,14,14,14,14,14,14,14,14,14,15,15,15,15,15,15,15,16,16,16,16,16,16,16,16,16,16,16,16,16,16,16,16,16,16,16,16,16,16,16,16,16,16,16,17,17,17,20,20,22,22,22,22,26,26,26,26
84041011,US,USA,840,41011.0,Coos,Oregon,US,43.17406868,-124.0594514,"Coos, Oregon, US",0,0,0,0,0,0,0,0,0,0,0,0,0,0,0,0,0,0,0,0,0,0,0,0,0,0,0,0,0,0,0,0,0,0,0,0,0,0,0,0,0,0,0,0,0,0,0,0,0,0,0,0,0,0,0,0,0,0,0,0,0,0,0,0,0,0,0,0,0,0,0,0,0,0,0,0,0,0,0,0,0,0,1,1,1,1,1,1,1,1,2,3,4,4,8,12,14,15,15,20,21,21,25,27,28,28,29,29,30,30,30,29,30,30,30,30,30,30,30,30,31,31,31,31,31,31,31,31,31,31,31,31,31,31,32,32,32,32,32,32,32,32,32,32,32,32,32,32,32,33,33,33
84041013,US,USA,840,41013.0,Crook,Oregon,US,44.14230227,-120.356297,"Crook, Oregon, US",0,0,0,0,0,0,0,0,0,0,0,0,0,0,0,0,0,0,0,0,0,0,0,0,0,0,0,0,0,0,0,0,0,0,0,0,0,0,0,0,0,0,0,0,0,0,0,0,0,0,0,0,0,0,0,0,0,0,0,0,0,0,0,0,0,0,0,0,0,0,0,0,1,1,1,1,1,1,1,1,1,1,1,1,1,1,1,1,1,1,1,1,1,1,1,1,1,1,1,1,1,1,1,1,1,1,1,1,1,1,1,1,1,1,1,1,1,1,1,1,1,1,4,5,5,6,6,6,6,6,6,6,6,6,7,6,6,6,6,6,6,8,8,8,8,8,9,9,9,9,9,9
84041015,US,USA,840,41015.0,Curry,Oregon,US,42.45911325,-124.15728200000001,"Curry, Oregon, US",0,0,0,0,0,0,0,0,0,0,0,0,0,0,0,0,0,0,0,0,0,0,0,0,0,0,0,0,0,0,0,0,0,0,0,0,0,0,0,0,0,0,0,0,0,0,0,0,0,0,0,0,0,0,0,0,0,0,0,0,0,0,0,0,0,0,0,0,0,0,0,0,0,0,0,0,2,2,3,3,3,3,3,3,3,3,3,4,4,4,4,4,4,4,4,4,4,4,4,4,4,4,4,4,4,4,4,4,4,4,4,4,4,4,4,4,4,4,5,5,5,6,6,6,6,6,6,6,7,7,7,7,7,7,7,7,7,7,7,7,7,7,7,7,7,7,7,7,7,7,7,7
84041017,US,USA,840,41017.0,Deschutes,Oregon,US,43.91570171,-121.2289121,"Deschutes, Oregon, US",0,0,0,0,0,0,0,0,0,0,0,0,0,0,0,0,0,0,0,0,0,0,0,0,0,0,0,0,0,0,0,0,0,0,0,0,0,0,0,0,0,0,0,0,0,0,0,0,0,1,1,1,3,3,4,6,6,6,8,9,10,10,10,10,15,18,20,23,25,24,27,32,36,36,39,39,40,44,50,50,51,54,54,55,55,59,61,63,64,64,64,66,70,70,71,73,75,75,75,76,76,78,78,79,80,81,83,84,85,86,86,90,89,91,94,95,96,101,107,116,117,116,117,119,120,120,120,121,121,124,125,127,127,128,133,134,134,133,135,134,134,135,137,137,137,137,137,139,139,142,142,142
84041019,US,USA,840,41019.0,Douglas,Oregon,US,43.27941273,-123.16729099999999,"Douglas, Oregon, US",0,0,0,0,0,0,0,0,0,0,0,0,0,0,0,0,0,0,0,0,0,0,0,0,0,0,0,0,0,0,0,0,0,0,0,0,0,0,0,0,0,0,0,0,0,0,1,1,1,1,1,1,1,1,1,1,1,1,1,1,1,1,1,3,3,4,4,4,8,9,10,9,9,9,11,11,12,12,12,12,12,14,16,19,20,22,22,22,22,23,23,23,24,23,23,23,23,23,23,23,24,24,24,24,24,24,24,24,24,24,24,24,24,24,25,24,25,25,25,25,25,25,25,25,25,25,25,25,26,27,27,27,27,28,28,29,29,29,29,29,29,29,29,29,29,29,29,29,29,32,32,32
84041021,US,USA,840,41021.0,Gilliam,Oregon,US,45.37160076,-120.20488689999999,"Gilliam, Oregon, US",0,0,0,0,0,0,0,0,0,0,0,0,0,0,0,0,0,0,0,0,0,0,0,0,0,0,0,0,0,0,0,0,0,0,0,0,0,0,0,0,0,0,0,0,0,0,0,0,0,0,0,0,0,0,0,0,0,0,0,0,0,0,0,0,0,0,0,0,0,0,0,0,0,0,0,0,0,0,0,0,0,0,0,0,0,0,0,0,0,0,0,0,0,0,0,0,0,0,0,0,0,0,0,0,0,0,0,0,0,0,0,0,0,0,0,0,0,0,0,0,0,0,0,0,0,0,0,0,0,0,0,0,0,0,0,0,0,0,0,0,0,0,0,0,0,0,0,0,0,0,0,0
84041023,US,USA,840,41023.0,Grant,Oregon,US,44.49024544,-119.0068631,"Grant, Oregon, US",0,0,0,0,0,0,0,0,0,0,0,0,0,0,0,0,0,0,0,0,0,0,0,0,0,0,0,0,0,0,0,0,0,0,0,0,0,0,0,0,0,0,0,0,0,0,0,0,0,0,0,0,0,0,0,0,0,0,1,1,1,1,1,1,1,1,1,1,1,1,1,1,1,1,1,1,1,1,1,1,1,1,1,1,1,1,1,1,1,1,1,1,1,1,1,1,1,1,1,1,1,1,1,1,1,1,1,1,1,1,1,1,1,1,1,1,1,1,1,1,1,1,1,1,1,1,1,1,1,1,1,1,1,1,1,1,1,1,1,1,1,1,1,1,1,1,1,1,1,1,1,1
84041025,US,USA,840,41025.0,Harney,Oregon,US,43.06422669,-118.96663059999999,"Harney, Oregon, US",0,0,0,0,0,0,0,0,0,0,0,0,0,0,0,0,0,0,0,0,0,0,0,0,0,0,0,0,0,0,0,0,0,0,0,0,0,0,0,0,0,0,0,0,0,0,0,0,0,0,0,0,0,0,0,0,0,0,0,0,0,0,0,0,0,0,0,0,0,0,0,0,0,0,0,0,0,0,0,0,0,0,0,0,0,0,0,0,0,0,0,0,0,0,0,0,0,1,1,1,1,1,1,1,1,1,1,1,1,1,1,1,1,1,1,1,1,1,1,1,1,1,1,1,1,1,1,1,1,1,1,1,1,1,1,1,1,1,1,1,1,1,1,1,1,1,1,1,1,1,1,1
84041027,US,USA,840,41027.0,Hood River,Oregon,US,45.51872811,-121.65520359999998,"Hood River, Oregon, US",0,0,0,0,0,0,0,0,0,0,0,0,0,0,0,0,0,0,0,0,0,0,0,0,0,0,0,0,0,0,0,0,0,0,0,0,0,0,0,0,0,0,0,0,0,0,0,0,0,0,0,0,0,0,0,0,0,0,0,0,0,1,1,1,1,1,1,2,2,3,2,3,3,3,2,2,2,2,3,3,4,4,4,4,4,4,4,4,4,4,4,4,5,5,5,5,5,5,6,6,6,7,9,10,11,11,11,11,12,13,13,13,14,14,14,14,14,14,14,14,12,12,12,12,12,12,13,13,14,16,18,18,22,28,28,37,37,44,59,65,67,68,71,71,81,82,83,82,85,87,87,87
84041029,US,USA,840,41029.0,Jackson,Oregon,US,42.43201126,-122.72893090000001,"Jackson, Oregon, US",0,0,0,0,0,0,0,0,0,0,0,0,0,0,0,0,0,0,0,0,0,0,0,0,0,0,0,0,0,0,0,0,0,0,0,0,0,0,0,0,0,0,0,0,0,1,2,2,2,2,2,2,2,2,2,2,2,2,2,2,2,2,3,4,4,6,8,19,20,21,22,27,27,27,33,33,39,39,44,44,44,46,47,47,47,47,48,49,49,49,48,48,48,48,49,49,49,49,49,49,49,49,49,49,49,49,49,49,49,49,49,50,50,50,50,50,50,51,52,52,52,55,56,57,60,60,65,65,65,65,66,67,67,68,69,69,69,71,71,71,77,76,78,78,81,82,83,85,85,85,85,85
84041031,US,USA,840,41031.0,Jefferson,Oregon,US,44.62806839,-121.17832,"Jefferson, Oregon, US",0,0,0,0,0,0,0,0,0,0,0,0,0,0,0,0,0,0,0,0,0,0,0,0,0,0,0,0,0,0,0,0,0,0,0,0,0,0,0,0,0,0,0,0,0,0,0,0,0,0,0,0,0,0,0,0,0,0,0,0,0,0,0,0,0,0,0,0,0,0,0,0,0,0,0,0,0,0,0,0,0,0,0,1,1,1,1,1,1,1,1,2,2,2,5,6,6,6,10,10,10,13,13,14,14,18,22,22,24,24,24,24,24,24,24,24,24,24,24,24,25,25,25,25,24,24,24,25,28,30,33,44,44,45,46,55,55,57,58,58,64,67,65,65,67,68,69,69,73,77,77,77
84041033,US,USA,840,41033.0,Josephine,Oregon,US,42.3665549,-123.5561938,"Josephine, Oregon, US",0,0,0,0,0,0,0,0,0,0,0,0,0,0,0,0,0,0,0,0,0,0,0,0,0,0,0,0,0,0,0,0,0,0,0,0,0,0,0,0,0,0,0,0,0,0,0,0,0,0,0,0,0,0,0,0,0,0,0,1,1,1,1,2,4,4,5,6,10,10,10,12,12,12,13,13,16,16,16,16,17,18,19,19,19,19,19,19,19,19,19,19,19,19,19,20,20,20,20,20,21,21,22,22,24,24,24,24,24,24,24,25,25,25,25,25,25,25,25,27,25,25,25,25,26,25,25,25,23,23,23,24,24,23,23,23,23,23,23,23,23,23,23,23,23,23,24,26,26,26,26,26
84041035,US,USA,840,41035.0,Klamath,Oregon,US,42.68762984,-121.64964609999998,"Klamath, Oregon, US",0,0,0,0,0,0,0,0,0,0,0,0,0,0,0,0,0,0,0,0,0,0,0,0,0,0,0,0,0,0,0,0,0,0,0,0,0,0,0,0,0,0,0,0,0,1,1,1,1,1,1,1,1,1,1,1,1,1,1,1,1,1,1,1,1,2,2,4,4,5,5,8,13,13,15,15,18,19,20,20,24,25,25,26,26,29,29,31,30,31,33,33,36,36,36,36,36,37,37,38,39,39,39,39,39,39,39,39,39,39,40,41,41,41,41,41,41,41,41,41,41,41,41,41,41,41,41,41,42,44,44,44,44,44,44,45,45,45,46,46,46,46,48,48,51,53,61,64,68,80,80,80
84041037,US,USA,840,41037.0,Lake,Oregon,US,42.79246693,-120.38501629999999,"Lake, Oregon, US",0,0,0,0,0,0,0,0,0,0,0,0,0,0,0,0,0,0,0,0,0,0,0,0,0,0,0,0,0,0,0,0,0,0,0,0,0,0,0,0,0,0,0,0,0,0,0,0,0,0,0,0,0,0,0,0,0,0,0,0,0,0,0,0,0,0,0,0,0,0,0,0,0,0,0,0,0,0,0,0,0,0,0,0,0,0,0,0,0,0,0,0,0,0,0,0,0,0,0,0,0,0,0,0,0,0,0,0,0,0,0,0,0,0,0,0,0,0,0,0,0,0,0,0,0,0,2,2,2,2,2,2,2,2,2,2,2,2,2,2,2,4,4,4,4,5,5,6,6,6,6,6
84041039,US,USA,840,41039.0,Lane,Oregon,US,43.93727035,-122.847753,"Lane, Oregon, US",0,0,0,0,0,0,0,0,0,0,0,0,0,0,0,0,0,0,0,0,0,0,0,0,0,0,0,0,0,0,0,0,0,0,0,0,0,0,0,0,0,0,0,0,0,0,0,0,0,0,0,0,0,0,0,0,2,2,2,3,4,4,4,5,7,10,9,10,12,16,18,21,21,21,27,27,29,30,33,33,34,37,41,42,44,45,46,46,48,48,48,48,48,50,50,50,50,50,50,50,50,54,54,55,55,57,57,59,60,60,60,61,61,61,61,64,64,65,65,66,66,66,67,67,67,67,67,67,68,69,73,77,77,77,80,80,80,80,81,81,82,85,85,85,89,89,90,90,90,93,93,93
84041041,US,USA,840,41041.0,Lincoln,Oregon,US,44.64252874,-123.86991200000001,"Lincoln, Oregon, US",0,0,0,0,0,0,0,0,0,0,0,0,0,0,0,0,0,0,0,0,0,0,0,0,0,0,0,0,0,0,0,0,0,0,0,0,0,0,0,0,0,0,0,0,0,0,0,0,0,0,0,0,0,0,0,0,0,0,0,0,0,0,0,1,1,1,1,1,1,2,3,4,4,4,4,4,4,4,4,4,4,4,4,4,4,4,4,4,4,5,5,5,5,5,5,5,5,5,5,5,5,5,5,5,5,6,6,6,6,6,6,6,6,6,7,7,8,8,8,8,8,8,8,9,9,9,11,10,12,12,12,15,17,18,23,27,27,33,155,157,161,170,184,184,206,206,223,226,230,261,261,261
84041043,US,USA,840,41043.0,Linn,Oregon,US,44.48899494,-122.53731540000001,"Linn, Oregon, US",0,0,0,0,0,0,0,0,0,0,0,0,0,0,0,0,0,0,0,0,0,0,0,0,0,0,0,0,0,0,0,0,0,0,0,0,0,0,0,0,0,0,0,0,0,0,0,0,0,0,2,8,9,9,10,15,15,17,18,19,19,20,21,25,26,28,32,36,36,37,37,37,37,37,43,43,44,45,49,49,49,52,52,52,53,54,57,59,59,61,62,63,67,67,71,74,79,81,82,86,87,87,87,97,98,99,99,100,102,102,103,104,105,107,109,110,109,109,109,110,110,112,112,116,115,115,115,115,115,115,115,117,118,119,121,124,124,124,125,124,124,124,124,124,126,126,126,125,126,127,127,127
84041045,US,USA,840,41045.0,Malheur,Oregon,US,43.1937027,-117.62273950000001,"Malheur, Oregon, US",0,0,0,0,0,0,0,0,0,0,0,0,0,0,0,0,0,0,0,0,0,0,0,0,0,0,0,0,0,0,0,0,0,0,0,0,0,0,0,0,0,0,0,0,0,0,0,0,0,0,0,0,0,0,0,0,0,0,0,0,0,0,0,0,0,0,0,0,0,1,1,1,2,2,2,2,2,2,2,2,2,4,4,4,4,5,5,5,5,5,5,5,6,6,6,6,7,7,7,8,10,12,13,13,13,13,13,13,14,14,14,14,15,16,17,19,19,21,21,21,24,28,28,28,28,28,28,33,32,32,32,32,32,32,32,33,33,34,34,33,33,33,33,33,36,38,38,38,42,43,43,43
84041047,US,USA,840,41047.0,Marion,Oregon,US,44.90287942,-122.58151170000001,"Marion, Oregon, US",0,0,0,0,0,0,0,0,0,0,0,0,0,0,0,0,0,0,0,0,0,0,0,0,0,0,0,0,0,0,0,0,0,0,0,0,0,0,0,0,0,0,0,0,0,0,1,1,1,2,2,2,2,2,2,4,8,13,17,19,22,30,32,43,57,83,94,109,123,141,151,164,178,178,198,198,209,215,235,235,246,276,280,289,294,309,317,335,358,371,381,388,397,417,432,436,447,456,474,491,508,523,544,561,574,592,613,626,663,677,694,723,746,779,797,824,827,843,855,879,882,890,898,905,909,914,920,931,942,949,960,973,981,999,1011,1028,1028,1039,1058,1066,1071,1105,1134,1134,1175,1179,1201,1218,1244,1264,1264,1264
84041049,US,USA,840,41049.0,Morrow,Oregon,US,45.41846568,-119.584546,"Morrow, Oregon, US",0,0,0,0,0,0,0,0,0,0,0,0,0,0,0,0,0,0,0,0,0,0,0,0,0,0,0,0,0,0,0,0,0,0,0,0,0,0,0,0,0,0,0,0,0,0,0,0,0,0,0,0,0,0,0,0,0,0,0,0,0,0,0,0,0,1,1,1,1,1,1,1,2,2,2,2,2,2,5,5,5,5,5,5,5,5,5,5,5,5,5,5,5,5,5,5,5,6,6,6,8,9,9,9,10,10,11,12,12,12,12,12,12,12,12,12,12,12,12,12,12,12,12,12,12,12,12,12,12,11,11,12,12,12,12,12,12,13,13,13,13,13,13,13,15,15,17,18,22,27,27,27
84041051,US,USA,840,41051.0,Multnomah,Oregon,US,45.54747959,-122.4169351,"Multnomah, Oregon, US",0,0,0,0,0,0,0,0,0,0,0,0,0,0,0,0,0,0,0,0,0,0,0,0,0,0,0,0,0,0,0,0,0,0,0,0,0,0,0,0,0,0,0,0,0,0,0,0,0,1,1,1,1,1,1,3,3,7,12,18,19,21,25,33,45,67,81,91,100,116,134,160,175,175,233,233,243,258,302,302,317,374,398,420,430,448,467,493,514,520,542,566,582,596,623,652,664,677,696,707,720,734,739,754,769,793,809,839,863,885,899,908,921,940,957,979,984,996,1005,1018,1026,1037,1037,1040,1045,1052,1093,1103,1121,1142,1165,1171,1181,1194,1224,1236,1236,1264,1302,1329,1361,1404,1440,1440,1519,1556,1598,1632,1665,1714,1714,1714
84041053,US,USA,840,41053.0,Polk,Oregon,US,44.90322804,-123.4128888,"Polk, Oregon, US",0,0,0,0,0,0,0,0,0,0,0,0,0,0,0,0,0,0,0,0,0,0,0,0,0,0,0,0,0,0,0,0,0,0,0,0,0,0,0,0,0,0,0,0,0,0,0,0,0,1,1,1,1,1,1,2,1,1,1,1,1,3,3,3,6,10,11,13,15,18,18,18,20,20,24,24,26,28,29,29,29,30,30,30,30,30,31,32,32,33,33,33,33,33,37,38,38,38,39,39,42,41,41,49,68,75,78,80,82,84,87,89,90,91,92,92,93,93,93,94,94,95,95,96,96,96,98,98,98,98,98,100,100,101,100,100,100,103,103,104,104,108,117,117,124,127,127,128,131,131,131,131
84041055,US,USA,840,41055.0,Sherman,Oregon,US,45.41501554,-120.6827834,"Sherman, Oregon, US",0,0,0,0,0,0,0,0,0,0,0,0,0,0,0,0,0,0,0,0,0,0,0,0,0,0,0,0,0,0,0,0,0,0,0,0,0,0,0,0,0,0,0,0,0,0,0,0,0,0,0,0,0,0,0,0,0,0,0,0,0,0,0,0,0,0,0,0,0,0,0,0,0,0,1,1,1,1,1,1,1,1,1,1,1,1,1,1,1,1,1,1,1,1,1,1,1,1,1,1,1,1,1,1,1,1,1,1,1,1,1,1,1,1,1,1,1,1,1,1,1,1,1,1,1,1,1,1,1,1,1,1,1,1,1,1,1,1,1,1,1,1,1,1,1,1,1,1,1,1,1,1
84041057,US,USA,840,41057.0,Tillamook,Oregon,US,45.46248721,-123.712066,"Tillamook, Oregon, US",0,0,0,0,0,0,0,0,0,0,0,0,0,0,0,0,0,0,0,0,0,0,0,0,0,0,0,0,0,0,0,0,0,0,0,0,0,0,0,0,0,0,0,0,0,0,0,0,0,0,0,0,0,0,0,0,0,0,0,0,0,0,0,0,1,1,1,2,3,3,3,3,3,3,3,3,3,3,4,4,4,4,4,5,5,5,6,6,6,6,6,6,6,6,6,6,6,6,6,6,6,6,6,6,6,6,6,6,6,6,6,6,6,6,6,6,6,6,6,6,6,6,6,6,6,6,6,6,6,6,6,6,6,6,6,6,6,6,6,6,6,6,6,6,6,6,6,6,6,6,6,6
84041059,US,USA,840,41059.0,Umatilla,Oregon,US,45.59073056,-118.7353826,"Umatilla, Oregon, US",0,0,0,0,0,0,0,0,0,0,0,0,0,0,0,0,0,0,0,0,0,0,0,0,0,0,0,0,0,0,0,0,0,0,0,0,0,0,0,0,1,1,1,1,1,1,1,1,1,2,2,2,2,2,2,2,2,2,2,2,2,2,2,2,2,3,4,4,4,5,5,5,5,5,7,7,8,8,11,11,11,16,16,16,17,22,23,25,26,27,29,29,30,32,35,36,36,37,45,50,57,61,64,70,73,77,77,80,84,85,85,85,86,88,91,93,93,98,101,105,107,108,110,111,112,112,112,114,114,116,116,120,121,123,124,125,125,131,144,144,148,152,157,157,171,180,181,193,206,230,230,230
84041061,US,USA,840,41061.0,Union,Oregon,US,45.30915495,-118.0068979,"Union, Oregon, US",0,0,0,0,0,0,0,0,0,0,0,0,0,0,0,0,0,0,0,0,0,0,0,0,0,0,0,0,0,0,0,0,0,0,0,0,0,0,0,0,0,0,0,0,0,0,0,0,0,0,0,0,0,0,0,0,0,0,1,1,1,1,1,1,1,1,1,1,1,1,1,3,3,3,3,3,3,3,3,4,3,4,4,4,4,4,4,4,4,4,4,4,4,4,4,4,4,4,4,4,4,4,4,4,4,4,4,4,4,4,4,4,4,4,5,5,5,6,6,6,6,6,6,6,6,6,6,6,6,6,6,6,6,6,6,6,6,6,6,7,7,8,12,12,22,121,240,242,247,253,253,253
84041063,US,USA,840,41063.0,Wallowa,Oregon,US,45.57894064,-117.18353799999998,"Wallowa, Oregon, US",0,0,0,0,0,0,0,0,0,0,0,0,0,0,0,0,0,0,0,0,0,0,0,0,0,0,0,0,0,0,0,0,0,0,0,0,0,0,0,0,0,0,0,0,0,0,0,0,0,0,0,0,0,0,0,0,0,0,0,0,0,0,0,0,0,0,0,0,0,1,1,1,1,1,1,1,1,1,1,1,1,1,1,1,1,1,1,1,1,1,1,1,1,1,1,1,1,1,1,1,1,1,1,1,1,1,1,1,1,1,1,1,1,1,2,1,1,1,1,1,1,1,2,2,2,2,2,2,2,2,2,2,2,2,2,2,2,3,3,3,3,4,4,4,4,4,4,4,4,5,5,5
84041065,US,USA,840,41065.0,Wasco,Oregon,US,45.16292781,-121.16709540000001,"Wasco, Oregon, US",0,0,0,0,0,0,0,0,0,0,0,0,0,0,0,0,0,0,0,0,0,0,0,0,0,0,0,0,0,0,0,0,0,0,0,0,0,0,0,0,0,0,0,0,0,0,0,0,0,0,0,0,0,0,0,0,0,0,0,0,0,0,0,0,1,2,2,3,5,7,7,7,7,7,7,7,7,7,7,7,7,10,10,10,10,10,10,10,10,10,11,11,12,12,12,12,12,13,13,13,13,13,13,13,13,14,14,15,15,15,15,16,16,16,16,18,18,18,18,18,18,18,18,18,18,18,20,21,22,23,24,24,26,28,29,32,32,33,35,34,34,35,38,38,39,41,42,42,42,42,42,42
84041067,US,USA,840,41067.0,Washington,Oregon,US,45.55972701,-123.0955257,"Washington, Oregon, US",0,0,0,0,0,0,0,0,0,0,0,0,0,0,0,0,0,0,0,0,0,0,0,0,0,0,0,0,0,0,0,0,0,0,0,0,0,0,1,1,2,2,2,2,2,3,8,8,8,8,10,10,13,13,13,21,23,25,31,42,55,69,76,96,104,122,140,154,168,186,189,211,228,228,259,259,271,282,311,311,320,348,360,365,364,376,383,387,399,408,415,425,443,451,459,466,475,474,481,491,500,509,516,526,531,537,548,556,562,573,587,601,614,616,620,628,628,638,644,658,659,669,673,690,695,698,703,715,722,734,739,743,747,752,755,775,775,790,800,807,813,828,849,849,876,891,928,950,975,992,992,992
84041069,US,USA,840,41069.0,Wheeler,Oregon,US,44.72698162,-120.02814270000002,"Wheeler, Oregon, US",0,0,0,0,0,0,0,0,0,0,0,0,0,0,0,0,0,0,0,0,0,0,0,0,0,0,0,0,0,0,0,0,0,0,0,0,0,0,0,0,0,0,0,0,0,0,0,0,0,0,0,0,0,0,0,0,0,0,0,0,0,0,0,0,0,0,0,0,0,0,0,0,0,0,0,0,0,0,0,0,0,0,0,0,0,0,0,0,0,0,0,0,0,0,0,0,0,0,0,0,0,0,0,0,0,0,0,0,0,0,0,0,0,0,0,0,0,0,0,0,0,0,0,0,0,0,0,0,0,0,0,0,0,0,0,0,0,0,0,0,0,0,0,0,0,0,0,0,0,0,0,0
84041071,US,USA,840,41071.0,Yamhill,Oregon,US,45.23330449,-123.3086963,"Yamhill, Oregon, US",0,0,0,0,0,0,0,0,0,0,0,0,0,0,0,0,0,0,0,0,0,0,0,0,0,0,0,0,0,0,0,0,0,0,0,0,0,0,0,0,0,0,0,0,0,0,0,0,0,0,0,0,0,0,1,1,2,2,4,4,6,6,6,7,7,11,13,13,14,16,17,18,23,23,26,26,25,25,29,29,28,30,30,32,32,33,35,34,34,35,35,35,35,35,35,36,37,38,39,39,39,39,39,40,41,42,45,45,47,49,49,50,50,55,55,57,57,59,62,63,63,63,64,65,65,66,67,69,69,69,70,70,70,74,75,79,79,81,85,85,85,91,91,91,91,92,94,94,97,97,97,97
84042001,US,USA,840,42001.0,Adams,Pennsylvania,US,39.87140411,-77.21610347,"Adams, Pennsylvania, US",0,0,0,0,0,0,0,0,0,0,0,0,0,0,0,0,0,0,0,0,0,0,0,0,0,0,0,0,0,0,0,0,0,0,0,0,0,0,0,0,0,0,0,0,0,0,0,0,0,0,0,0,0,0,0,0,0,0,4,4,5,6,6,6,7,8,8,8,8,9,12,18,19,21,22,25,28,33,38,43,44,48,56,63,64,67,70,74,80,85,91,92,95,110,113,117,122,124,130,137,140,141,145,148,148,148,151,154,156,159,167,167,169,174,183,185,189,194,194,197,204,214,222,226,227,233,236,240,241,245,251,250,255,260,263,264,269,273,275,275,278,279,284,289,290,296,298,300,304,309,311,314
84042003,US,USA,840,42003.0,Allegheny,Pennsylvania,US,40.46809875,-79.98167747,"Allegheny, Pennsylvania, US",0,0,0,0,0,0,0,0,0,0,0,0,0,0,0,0,0,0,0,0,0,0,0,0,0,0,0,0,0,0,0,0,0,0,0,0,0,0,0,0,0,0,0,0,0,0,0,0,0,0,0,0,2,2,6,10,13,18,28,31,40,48,58,88,133,158,219,265,290,325,356,419,476,552,605,642,689,720,759,788,836,857,876,893,904,925,947,1009,1035,1042,1059,1088,1149,1177,1198,1211,1224,1235,1273,1289,1319,1333,1345,1365,1375,1394,1439,1455,1486,1503,1511,1526,1545,1551,1582,1595,1603,1641,1658,1687,1718,1739,1753,1777,1805,1816,1828,1851,1870,1897,1911,1919,1928,1952,1965,1973,1989,2003,2008,2027,2034,2055,2065,2076,2079,2086,2113,2113,2122,2139,2159,2175
84042005,US,USA,840,42005.0,Armstrong,Pennsylvania,US,40.81665618,-79.46290811,"Armstrong, Pennsylvania, US",0,0,0,0,0,0,0,0,0,0,0,0,0,0,0,0,0,0,0,0,0,0,0,0,0,0,0,0,0,0,0,0,0,0,0,0,0,0,0,0,0,0,0,0,0,0,0,0,0,0,0,0,0,0,0,0,0,0,0,0,0,0,1,1,1,1,2,3,3,5,5,7,11,12,12,13,18,19,20,22,26,27,28,28,29,32,32,36,38,38,38,39,43,43,46,46,47,50,50,51,52,52,52,52,53,55,55,55,55,55,55,55,56,56,57,58,58,58,58,58,58,58,58,58,58,59,61,62,62,62,62,62,62,64,64,64,65,65,65,65,65,65,66,66,66,66,68,68,68,69,69,69
84042007,US,USA,840,42007.0,Beaver,Pennsylvania,US,40.6825484,-80.34921611,"Beaver, Pennsylvania, US",0,0,0,0,0,0,0,0,0,0,0,0,0,0,0,0,0,0,0,0,0,0,0,0,0,0,0,0,0,0,0,0,0,0,0,0,0,0,0,0,0,0,0,0,0,0,0,0,0,0,0,0,0,0,0,1,2,2,3,3,3,3,3,7,13,14,22,28,44,52,54,55,65,69,84,96,116,128,129,139,143,145,153,156,158,168,178,278,288,298,303,317,319,337,359,366,387,388,392,405,426,435,435,458,466,471,472,479,482,491,491,493,509,512,516,518,517,533,534,539,539,550,552,554,568,570,570,579,582,589,590,590,591,594,599,598,598,603,603,608,610,610,611,611,611,613,613,615,616,619,621,624
84042009,US,USA,840,42009.0,Bedford,Pennsylvania,US,40.00522157,-78.48998442,"Bedford, Pennsylvania, US",0,0,0,0,0,0,0,0,0,0,0,0,0,0,0,0,0,0,0,0,0,0,0,0,0,0,0,0,0,0,0,0,0,0,0,0,0,0,0,0,0,0,0,0,0,0,0,0,0,0,0,0,0,0,0,0,0,0,0,0,0,0,0,0,0,0,0,0,0,2,3,3,3,4,4,4,4,4,4,3,5,5,5,5,9,11,13,14,15,15,16,16,20,21,21,21,21,22,24,24,24,24,24,24,26,27,27,28,29,29,29,29,29,30,30,32,32,32,32,32,36,36,37,37,37,37,38,38,39,39,39,40,40,41,42,43,43,44,45,45,45,46,46,46,48,52,53,59,61,63,65,66
84042011,US,USA,840,42011.0,Berks,Pennsylvania,US,40.41570541,-75.92457766,"Berks, Pennsylvania, US",0,0,0,0,0,0,0,0,0,0,0,0,0,0,0,0,0,0,0,0,0,0,0,0,0,0,0,0,0,0,0,0,0,0,0,0,0,0,0,0,0,0,0,0,0,0,0,0,0,0,0,0,0,0,0,0,1,1,5,7,13,14,16,20,36,65,65,68,82,110,151,168,201,235,276,326,369,416,616,720,930,1035,1150,1247,1335,1419,1537,1748,1898,1945,1988,2069,2212,2339,2406,2491,2526,2605,2637,2698,2748,2810,2886,2948,3004,3048,3095,3190,3257,3371,3417,3453,3485,3530,3593,3643,3677,3719,3735,3763,3784,3838,3845,3885,3903,3919,3952,3973,3988,4002,4061,4074,4107,4132,4152,4167,4184,4201,4218,4236,4251,4262,4281,4303,4319,4324,4341,4350,4359,4374,4388,4407
84042013,US,USA,840,42013.0,Blair,Pennsylvania,US,40.47961444,-78.34917412,"Blair, Pennsylvania, US",0,0,0,0,0,0,0,0,0,0,0,0,0,0,0,0,0,0,0,0,0,0,0,0,0,0,0,0,0,0,0,0,0,0,0,0,0,0,0,0,0,0,0,0,0,0,0,0,0,0,0,0,0,0,0,0,0,0,0,0,0,0,0,0,1,1,2,3,6,4,4,4,4,5,5,5,6,6,6,9,10,10,11,11,12,13,14,14,13,14,14,14,15,19,21,21,21,21,23,23,23,23,24,25,25,25,28,28,28,28,29,30,31,32,32,34,38,38,38,39,44,46,46,46,48,48,48,49,49,50,50,50,51,52,52,53,53,53,53,53,53,53,54,55,55,55,55,55,55,56,58,58
84042015,US,USA,840,42015.0,Bradford,Pennsylvania,US,41.78869215,-76.51570822,"Bradford, Pennsylvania, US",0,0,0,0,0,0,0,0,0,0,0,0,0,0,0,0,0,0,0,0,0,0,0,0,0,0,0,0,0,0,0,0,0,0,0,0,0,0,0,0,0,0,0,0,0,0,0,0,0,0,0,0,0,0,0,0,0,0,0,0,0,0,1,1,2,2,3,3,3,7,8,8,9,10,10,10,14,15,15,16,18,18,19,19,19,19,20,24,25,25,31,31,28,28,28,28,28,28,29,31,33,35,35,35,35,36,36,37,38,38,38,37,39,41,41,41,41,41,41,41,43,43,44,44,44,45,46,46,46,46,46,46,48,46,46,46,46,46,46,46,46,46,46,47,47,47,47,47,49,49,49,50
84042017,US,USA,840,42017.0,Bucks,Pennsylvania,US,40.33682119,-75.10836643,"Bucks, Pennsylvania, US",0,0,0,0,0,0,0,0,0,0,0,0,0,0,0,0,0,0,0,0,0,0,0,0,0,0,0,0,0,0,0,0,0,0,0,0,0,0,0,0,0,0,0,0,0,0,0,0,0,2,2,3,3,3,5,8,9,12,24,28,34,43,69,86,110,144,152,216,249,288,319,373,450,517,580,634,713,816,931,1022,1107,1170,1229,1273,1399,1490,1546,1689,1797,1886,1977,2067,2321,2469,2541,2541,2585,2675,2776,2907,3070,3182,3286,3356,3505,3508,3613,3750,3852,3966,4028,4116,4166,4248,4325,4391,4439,4516,4573,4662,4726,4764,4839,4867,4894,4916,4930,4966,5012,5050,5082,5100,5116,5137,5158,5197,5243,5261,5278,5304,5340,5365,5396,5419,5428,5439,5452,5466,5498,5510,5535,5547
84042019,US,USA,840,42019.0,Butler,Pennsylvania,US,40.91152759,-79.91351055,"Butler, Pennsylvania, US",0,0,0,0,0,0,0,0,0,0,0,0,0,0,0,0,0,0,0,0,0,0,0,0,0,0,0,0,0,0,0,0,0,0,0,0,0,0,0,0,0,0,0,0,0,0,0,0,0,0,0,0,0,0,0,0,0,0,0,1,1,5,6,12,19,26,41,47,49,60,64,69,75,84,87,91,107,113,113,123,128,133,143,143,150,154,157,160,161,161,162,164,164,168,168,170,170,174,175,178,180,180,180,180,184,185,190,192,194,195,195,198,197,199,202,202,203,203,206,208,209,209,216,219,220,220,222,226,227,229,230,230,232,235,240,239,244,247,247,249,250,255,256,257,257,257,260,263,263,263,263,268
84042021,US,USA,840,42021.0,Cambria,Pennsylvania,US,40.49527404,-78.71377428,"Cambria, Pennsylvania, US",0,0,0,0,0,0,0,0,0,0,0,0,0,0,0,0,0,0,0,0,0,0,0,0,0,0,0,0,0,0,0,0,0,0,0,0,0,0,0,0,0,0,0,0,0,0,0,0,0,0,0,0,0,0,0,0,0,0,0,0,0,1,1,1,1,1,1,1,2,2,3,4,4,6,7,7,7,9,10,11,13,13,14,14,14,14,14,17,19,19,20,21,20,20,21,21,21,22,25,28,31,32,33,34,34,35,37,40,42,44,44,44,45,45,49,53,54,54,54,54,55,55,56,57,57,57,57,57,57,57,57,58,59,59,59,59,59,59,59,60,60,61,62,61,61,61,61,61,61,62,61,61
84042023,US,USA,840,42023.0,Cameron,Pennsylvania,US,41.43625568,-78.20376845,"Cameron, Pennsylvania, US",0,0,0,0,0,0,0,0,0,0,0,0,0,0,0,0,0,0,0,0,0,0,0,0,0,0,0,0,0,0,0,0,0,0,0,0,0,0,0,0,0,0,0,0,0,0,0,0,0,0,0,0,0,0,0,0,0,0,0,0,0,0,0,0,0,0,1,1,1,1,1,1,1,1,1,1,1,1,1,1,1,1,1,1,1,1,1,1,1,1,1,1,1,1,1,1,1,1,1,1,1,1,1,1,2,2,2,2,2,2,2,2,2,2,2,2,2,2,2,2,2,2,2,2,2,2,2,2,2,2,2,2,2,2,2,2,2,2,2,2,2,2,2,2,2,2,2,2,2,2,2,2
84042025,US,USA,840,42025.0,Carbon,Pennsylvania,US,40.91545395,-75.7068525,"Carbon, Pennsylvania, US",0,0,0,0,0,0,0,0,0,0,0,0,0,0,0,0,0,0,0,0,0,0,0,0,0,0,0,0,0,0,0,0,0,0,0,0,0,0,0,0,0,0,0,0,0,0,0,0,0,0,0,0,0,0,0,0,0,0,0,0,0,0,1,1,2,2,3,9,13,17,23,26,34,46,50,59,67,76,83,93,98,102,102,103,112,113,118,136,140,144,150,154,155,160,162,163,164,169,170,175,181,182,183,185,185,186,189,192,195,198,198,198,205,206,206,210,214,214,214,219,221,224,227,229,231,231,232,232,234,235,235,237,241,239,250,245,248,249,249,253,255,255,257,257,259,259,259,262,262,264,267,267
84042027,US,USA,840,42027.0,Centre,Pennsylvania,US,40.92058903,-77.82200624,"Centre, Pennsylvania, US",0,0,0,0,0,0,0,0,0,0,0,0,0,0,0,0,0,0,0,0,0,0,0,0,0,0,0,0,0,0,0,0,0,0,0,0,0,0,0,0,0,0,0,0,0,0,0,0,0,0,0,0,0,0,0,0,0,0,1,1,1,3,7,8,9,11,15,22,24,26,27,28,32,39,43,44,55,57,59,61,69,70,70,70,72,73,73,73,73,73,77,77,76,77,81,81,87,93,95,96,96,96,102,105,106,113,116,117,117,119,119,122,126,128,129,129,131,133,132,133,136,138,143,146,147,148,149,150,151,152,153,154,154,154,154,154,155,156,157,157,158,158,165,167,169,171,177,172,172,176,180,180
84042029,US,USA,840,42029.0,Chester,Pennsylvania,US,39.97291773,-75.74768357,"Chester, Pennsylvania, US",0,0,0,0,0,0,0,0,0,0,0,0,0,0,0,0,0,0,0,0,0,0,0,0,0,0,0,0,0,0,0,0,0,0,0,0,0,0,0,0,0,0,0,0,0,0,0,0,0,0,0,1,2,2,2,6,9,10,17,19,23,40,40,54,84,107,116,137,146,159,183,210,226,250,269,307,335,373,425,485,532,562,593,636,675,722,739,796,877,915,943,950,989,1064,1134,1177,1214,1256,1304,1375,1432,1469,1502,1560,1601,1636,1673,1728,1774,1865,1884,1929,1955,2008,2060,2100,2118,2153,2199,2217,2267,2320,2364,2390,2428,2454,2504,2555,2607,2669,2729,2784,2823,2863,2902,2959,3014,3053,3102,3134,3161,3189,3247,3269,3295,3315,3343,3367,3397,3437,3457,3486
84042031,US,USA,840,42031.0,Clarion,Pennsylvania,US,41.19265812,-79.42413524,"Clarion, Pennsylvania, US",0,0,0,0,0,0,0,0,0,0,0,0,0,0,0,0,0,0,0,0,0,0,0,0,0,0,0,0,0,0,0,0,0,0,0,0,0,0,0,0,0,0,0,0,0,0,0,0,0,0,0,0,0,0,0,0,0,0,0,0,0,0,0,0,0,0,1,1,1,3,4,4,4,4,5,6,9,8,8,10,15,15,16,16,16,17,18,18,18,18,18,19,20,22,22,22,22,23,23,23,23,23,23,23,23,23,23,23,23,23,23,23,24,24,24,24,24,24,24,25,25,25,28,29,29,29,29,25,26,27,27,27,27,27,27,27,27,27,27,29,30,30,30,31,31,31,31,31,31,31,31,31
84042033,US,USA,840,42033.0,Clearfield,Pennsylvania,US,41.00110782,-78.47592663,"Clearfield, Pennsylvania, US",0,0,0,0,0,0,0,0,0,0,0,0,0,0,0,0,0,0,0,0,0,0,0,0,0,0,0,0,0,0,0,0,0,0,0,0,0,0,0,0,0,0,0,0,0,0,0,0,0,0,0,0,0,0,0,0,0,0,0,0,0,0,1,2,2,2,2,2,4,4,4,4,5,7,7,7,7,7,7,8,9,9,9,9,9,9,9,9,11,11,11,11,11,11,11,11,11,11,14,16,16,16,21,21,21,21,22,24,24,25,25,30,31,33,33,33,33,33,33,33,33,33,34,34,34,37,37,37,38,39,39,40,42,42,42,43,44,44,44,48,48,49,50,52,55,55,57,57,61,63,66,66
84042035,US,USA,840,42035.0,Clinton,Pennsylvania,US,41.23255967,-77.63785995,"Clinton, Pennsylvania, US",0,0,0,0,0,0,0,0,0,0,0,0,0,0,0,0,0,0,0,0,0,0,0,0,0,0,0,0,0,0,0,0,0,0,0,0,0,0,0,0,0,0,0,0,0,0,0,0,0,0,0,0,0,0,0,0,0,0,0,0,0,0,0,0,0,0,0,0,0,0,0,0,1,1,1,3,3,3,4,6,7,8,8,8,8,8,10,11,11,11,11,13,14,17,18,21,25,29,30,31,32,34,32,33,33,34,35,37,41,41,41,41,41,43,43,43,44,44,45,45,48,48,49,50,51,54,54,55,55,56,56,57,60,60,60,60,60,60,61,61,62,61,61,63,63,64,64,64,65,67,70,70
84042037,US,USA,840,42037.0,Columbia,Pennsylvania,US,41.04821986,-76.40565017,"Columbia, Pennsylvania, US",0,0,0,0,0,0,0,0,0,0,0,0,0,0,0,0,0,0,0,0,0,0,0,0,0,0,0,0,0,0,0,0,0,0,0,0,0,0,0,0,0,0,0,0,0,0,0,0,0,0,0,0,0,0,0,0,0,0,0,0,1,1,1,1,3,3,4,6,6,7,8,11,15,20,22,26,42,54,65,81,99,106,113,125,131,146,166,184,202,208,225,239,245,252,257,269,277,279,283,283,289,290,291,296,298,302,306,307,323,324,328,330,330,333,334,336,336,337,337,340,342,342,342,344,343,343,346,346,346,346,348,348,349,349,352,352,361,364,364,367,368,369,371,376,378,380,385,387,389,390,391,392
84042039,US,USA,840,42039.0,Crawford,Pennsylvania,US,41.68447709,-80.10760592,"Crawford, Pennsylvania, US",0,0,0,0,0,0,0,0,0,0,0,0,0,0,0,0,0,0,0,0,0,0,0,0,0,0,0,0,0,0,0,0,0,0,0,0,0,0,0,0,0,0,0,0,0,0,0,0,0,0,0,0,0,0,0,0,0,0,0,0,0,0,0,0,1,1,2,3,4,4,5,5,5,5,7,9,8,8,13,13,15,15,16,16,16,16,16,16,16,16,17,17,19,19,19,19,19,19,19,19,19,19,19,19,19,20,20,20,20,20,21,21,21,21,21,21,21,21,21,21,21,21,21,22,22,22,23,23,30,29,29,29,29,29,30,30,30,30,30,31,31,32,35,35,36,36,35,35,35,38,40,40
84042041,US,USA,840,42041.0,Cumberland,Pennsylvania,US,40.1625372,-77.26130755,"Cumberland, Pennsylvania, US",0,0,0,0,0,0,0,0,0,0,0,0,0,0,0,0,0,0,0,0,0,0,0,0,0,0,0,0,0,0,0,0,0,0,0,0,0,0,0,0,0,0,0,0,0,0,0,0,0,0,0,3,3,3,5,10,10,11,11,11,11,12,13,13,15,16,22,22,24,36,38,41,45,54,58,68,77,84,88,96,105,110,122,124,131,137,154,176,182,186,194,207,229,240,250,267,282,296,324,343,349,365,373,375,382,386,403,414,425,434,451,461,463,477,492,515,522,525,540,545,565,572,584,592,598,602,611,618,621,626,629,635,644,654,657,659,665,669,672,683,688,692,709,725,728,738,746,751,758,768,774,786
84042043,US,USA,840,42043.0,Dauphin,Pennsylvania,US,40.41377078,-76.77993242,"Dauphin, Pennsylvania, US",0,0,0,0,0,0,0,0,0,0,0,0,0,0,0,0,0,0,0,0,0,0,0,0,0,0,0,0,0,0,0,0,0,0,0,0,0,0,0,0,0,0,0,0,0,0,0,0,0,0,0,0,0,0,0,0,0,0,0,1,1,1,4,10,13,18,23,35,36,45,59,67,79,99,118,132,155,168,180,199,213,229,240,249,271,287,311,343,368,386,400,422,445,468,492,519,529,553,558,584,601,617,634,652,695,711,735,764,797,823,830,851,871,895,912,938,963,978,989,1012,1034,1049,1061,1099,1123,1137,1174,1212,1231,1258,1277,1303,1359,1385,1404,1434,1451,1481,1499,1525,1541,1561,1587,1606,1634,1655,1674,1693,1708,1725,1745,1762
84042045,US,USA,840,42045.0,Delaware,Pennsylvania,US,39.91680171,-75.40243663,"Delaware, Pennsylvania, US",0,0,0,0,0,0,0,0,0,0,0,0,0,0,0,0,0,0,0,0,0,0,0,0,0,0,0,0,0,0,0,0,0,0,0,0,0,0,0,0,0,0,0,0,1,1,1,1,1,1,1,6,6,6,7,9,14,14,23,33,43,54,84,101,156,185,226,276,303,338,390,470,542,616,708,822,898,1034,1222,1377,1510,1594,1750,1851,1935,2055,2226,2317,2460,2545,2654,2757,2902,3055,3161,3281,3361,3463,3619,3696,3848,3999,4113,4198,4269,4373,4497,4680,4836,4976,5046,5084,5157,5252,5409,5555,5619,5689,5754,5844,5969,6060,6114,6179,6210,6243,6289,6337,6379,6420,6461,6481,6496,6548,6587,6608,6659,6688,6698,6733,6754,6805,6837,6868,6888,6921,6936,6967,6981,7003,7023,7038
84042047,US,USA,840,42047.0,Elk,Pennsylvania,US,41.42822061,-78.64524744,"Elk, Pennsylvania, US",0,0,0,0,0,0,0,0,0,0,0,0,0,0,0,0,0,0,0,0,0,0,0,0,0,0,0,0,0,0,0,0,0,0,0,0,0,0,0,0,0,0,0,0,0,0,0,0,0,0,0,0,0,0,0,0,0,0,0,0,0,0,0,0,0,0,0,0,0,0,0,0,0,0,0,0,2,2,2,2,2,2,2,2,2,2,2,2,2,2,2,2,2,2,2,3,3,3,3,3,3,4,4,4,4,4,5,5,5,5,5,5,6,6,6,6,6,6,6,6,6,6,6,6,6,6,6,6,6,6,6,6,6,6,6,6,6,6,6,6,6,6,6,6,6,6,6,6,6,8,8,8
84042049,US,USA,840,42049.0,Erie,Pennsylvania,US,41.99253829,-80.03301954,"Erie, Pennsylvania, US",0,0,0,0,0,0,0,0,0,0,0,0,0,0,0,0,0,0,0,0,0,0,0,0,0,0,0,0,0,0,0,0,0,0,0,0,0,0,0,0,0,0,0,0,0,0,0,0,0,0,0,0,0,0,0,0,1,1,1,1,2,3,5,5,5,7,7,7,13,14,15,17,17,19,19,27,29,29,32,36,39,39,39,41,42,46,48,58,58,60,60,62,68,72,79,77,82,86,87,87,87,90,91,91,93,95,101,113,120,124,123,124,125,127,129,134,137,145,147,163,177,190,210,209,217,223,235,242,253,274,279,295,307,314,327,332,363,367,378,396,408,427,439,451,459,468,472,478,497,515,524,532
84042051,US,USA,840,42051.0,Fayette,Pennsylvania,US,39.92041012,-79.64291195,"Fayette, Pennsylvania, US",0,0,0,0,0,0,0,0,0,0,0,0,0,0,0,0,0,0,0,0,0,0,0,0,0,0,0,0,0,0,0,0,0,0,0,0,0,0,0,0,0,0,0,0,0,0,0,0,0,0,0,0,0,0,0,0,0,0,0,0,1,1,2,4,8,9,10,10,11,14,14,15,20,23,27,29,32,35,45,49,50,54,57,58,58,60,66,66,66,67,69,70,71,75,79,79,79,79,80,80,81,82,83,83,84,84,84,84,85,85,85,85,85,87,87,88,89,91,92,93,93,93,94,94,94,95,95,95,95,95,95,95,95,95,95,95,95,95,95,95,95,96,95,95,95,95,95,98,100,103,103,104
84042053,US,USA,840,42053.0,Forest,Pennsylvania,US,41.51095103,-79.23229292,"Forest, Pennsylvania, US",0,0,0,0,0,0,0,0,0,0,0,0,0,0,0,0,0,0,0,0,0,0,0,0,0,0,0,0,0,0,0,0,0,0,0,0,0,0,0,0,0,0,0,0,0,0,0,0,0,0,0,0,0,0,0,0,0,0,0,0,0,0,0,0,0,0,0,0,0,0,0,1,1,2,3,4,5,5,5,5,5,5,5,5,5,7,7,7,7,7,7,7,7,7,7,7,7,7,7,7,7,7,7,7,7,7,7,7,7,7,7,7,7,7,7,7,7,7,7,7,7,7,7,7,7,7,7,7,7,7,7,7,7,7,7,7,7,7,7,7,7,7,7,7,7,7,7,7,7,7,7,7
84042055,US,USA,840,42055.0,Franklin,Pennsylvania,US,39.92956518,-77.72157791,"Franklin, Pennsylvania, US",0,0,0,0,0,0,0,0,0,0,0,0,0,0,0,0,0,0,0,0,0,0,0,0,0,0,0,0,0,0,0,0,0,0,0,0,0,0,0,0,0,0,0,0,0,0,0,0,0,0,0,0,0,0,0,0,0,0,1,1,1,1,3,5,5,5,7,11,12,19,21,23,26,27,30,32,39,43,52,57,59,64,66,69,78,80,89,106,111,115,143,152,151,164,181,205,227,237,264,284,313,325,351,377,396,406,425,452,478,493,513,522,545,563,580,601,621,631,644,662,677,697,711,734,740,746,756,759,762,767,774,777,781,782,785,788,792,795,798,800,807,827,837,843,842,843,849,852,855,872,876,879
84042057,US,USA,840,42057.0,Fulton,Pennsylvania,US,39.92913544,-78.11163677,"Fulton, Pennsylvania, US",0,0,0,0,0,0,0,0,0,0,0,0,0,0,0,0,0,0,0,0,0,0,0,0,0,0,0,0,0,0,0,0,0,0,0,0,0,0,0,0,0,0,0,0,0,0,0,0,0,0,0,0,0,0,0,0,0,0,0,0,0,0,0,0,0,0,0,0,0,0,0,0,0,0,1,1,1,1,1,1,1,1,1,2,2,2,2,2,2,2,2,2,2,2,3,3,3,3,5,5,5,6,6,6,7,7,7,7,8,8,8,8,8,11,11,11,11,11,12,13,14,14,14,14,14,15,15,15,15,15,15,15,15,15,16,16,16,16,16,16,16,16,16,16,16,16,17,17,17,17,18,18
84042059,US,USA,840,42059.0,Greene,Pennsylvania,US,39.85746531,-80.22357106,"Greene, Pennsylvania, US",0,0,0,0,0,0,0,0,0,0,0,0,0,0,0,0,0,0,0,0,0,0,0,0,0,0,0,0,0,0,0,0,0,0,0,0,0,0,0,0,0,0,0,0,0,0,0,0,0,0,0,0,0,0,0,0,0,0,0,0,0,0,0,2,3,4,6,6,7,9,9,11,11,12,12,12,15,17,21,21,23,23,23,23,23,24,24,24,24,25,25,25,25,25,25,25,25,26,26,26,26,27,27,27,27,27,27,27,27,27,27,27,27,27,27,27,27,27,27,27,27,27,27,27,27,27,27,27,27,27,27,27,27,27,27,27,27,27,27,28,28,30,30,30,30,30,30,30,30,30,33,35
84042061,US,USA,840,42061.0,Huntingdon,Pennsylvania,US,40.42162652,-77.97673273,"Huntingdon, Pennsylvania, US",0,0,0,0,0,0,0,0,0,0,0,0,0,0,0,0,0,0,0,0,0,0,0,0,0,0,0,0,0,0,0,0,0,0,0,0,0,0,0,0,0,0,0,0,0,0,0,0,0,0,0,0,0,0,0,0,0,0,0,0,0,0,0,0,0,0,1,1,1,1,1,2,3,4,4,4,5,6,8,8,10,10,11,11,12,12,12,12,13,13,13,15,20,20,22,22,24,26,29,38,40,48,56,57,59,60,109,117,119,181,187,190,197,200,204,208,214,214,214,215,221,223,227,228,228,228,228,228,228,230,230,231,231,232,234,234,236,236,236,236,237,237,237,239,239,239,239,239,239,240,240,240
84042063,US,USA,840,42063.0,Indiana,Pennsylvania,US,40.65241041,-79.08963285,"Indiana, Pennsylvania, US",0,0,0,0,0,0,0,0,0,0,0,0,0,0,0,0,0,0,0,0,0,0,0,0,0,0,0,0,0,0,0,0,0,0,0,0,0,0,0,0,0,0,0,0,0,0,0,0,0,0,0,0,0,0,0,0,0,0,0,0,0,0,0,0,1,2,2,2,2,6,6,6,7,9,13,17,21,21,21,26,40,40,43,43,43,44,45,47,51,53,55,56,59,62,63,63,63,62,63,63,63,63,69,70,74,75,75,75,76,76,76,76,78,82,84,84,84,84,86,86,88,89,89,89,89,89,90,90,90,91,91,91,91,91,91,91,91,92,92,92,92,92,93,93,93,93,95,95,97,98,98,98
84042065,US,USA,840,42065.0,Jefferson,Pennsylvania,US,41.12913106,-78.9986361,"Jefferson, Pennsylvania, US",0,0,0,0,0,0,0,0,0,0,0,0,0,0,0,0,0,0,0,0,0,0,0,0,0,0,0,0,0,0,0,0,0,0,0,0,0,0,0,0,0,0,0,0,0,0,0,0,0,0,0,0,0,0,0,0,0,0,0,0,0,0,0,0,0,0,0,0,0,0,0,0,0,0,0,0,1,1,1,1,1,2,2,2,2,2,2,2,2,3,3,3,4,4,4,4,4,4,4,4,4,6,6,6,6,7,7,7,7,7,7,7,7,7,7,7,7,7,7,7,7,7,7,7,7,7,7,7,7,9,9,9,12,14,14,15,16,16,16,16,16,16,18,18,18,19,19,19,20,20,20,20
84042067,US,USA,840,42067.0,Juniata,Pennsylvania,US,40.53358749,-77.39975129999998,"Juniata, Pennsylvania, US",0,0,0,0,0,0,0,0,0,0,0,0,0,0,0,0,0,0,0,0,0,0,0,0,0,0,0,0,0,0,0,0,0,0,0,0,0,0,0,0,0,0,0,0,0,0,0,0,0,0,0,0,0,0,0,0,0,0,0,0,0,0,1,1,1,1,1,1,3,3,2,2,5,7,7,11,14,18,23,30,38,38,39,43,47,56,63,66,70,72,72,73,77,77,77,78,79,81,82,83,84,84,86,86,86,86,92,93,93,93,93,94,94,94,94,94,94,94,94,94,94,94,94,95,95,95,95,95,95,95,95,95,95,95,95,95,96,97,99,101,102,105,105,107,108,108,108,108,109,109,109,108
84042069,US,USA,840,42069.0,Lackawanna,Pennsylvania,US,41.43564672,-75.60379201,"Lackawanna, Pennsylvania, US",0,0,0,0,0,0,0,0,0,0,0,0,0,0,0,0,0,0,0,0,0,0,0,0,0,0,0,0,0,0,0,0,0,0,0,0,0,0,0,0,0,0,0,0,0,0,0,0,0,0,0,0,0,0,0,0,1,2,4,5,6,7,15,18,28,35,51,56,62,78,85,108,119,146,172,190,235,266,312,346,392,427,459,501,527,559,592,620,636,646,666,682,707,735,772,793,833,854,873,913,934,968,999,1017,1038,1076,1093,1114,1134,1172,1187,1211,1232,1256,1273,1327,1344,1363,1374,1400,1432,1451,1476,1491,1494,1503,1511,1516,1528,1543,1547,1551,1555,1556,1569,1575,1579,1583,1584,1587,1591,1595,1598,1600,1601,1602,1608,1611,1611,1617,1622,1622
84042071,US,USA,840,42071.0,Lancaster,Pennsylvania,US,40.03904563,-76.24770128,"Lancaster, Pennsylvania, US",0,0,0,0,0,0,0,0,0,0,0,0,0,0,0,0,0,0,0,0,0,0,0,0,0,0,0,0,0,0,0,0,0,0,0,0,0,0,0,0,0,0,0,0,0,0,0,0,0,0,0,0,0,0,0,0,1,2,2,4,6,5,10,12,21,33,45,67,97,123,157,203,232,291,371,408,490,561,596,648,698,772,828,865,914,970,1030,1113,1188,1236,1295,1326,1359,1451,1501,1577,1633,1678,1703,1765,1820,1904,1936,1991,2018,2041,2070,2122,2185,2223,2256,2295,2325,2364,2428,2470,2508,2552,2593,2599,2690,2736,2790,2854,2896,2985,3031,3056,3105,3131,3161,3189,3218,3267,3301,3337,3404,3461,3503,3554,3600,3632,3682,3719,3752,3777,3802,3830,3867,3911,3949,3999
84042073,US,USA,840,42073.0,Lawrence,Pennsylvania,US,40.99206278,-80.33393706,"Lawrence, Pennsylvania, US",0,0,0,0,0,0,0,0,0,0,0,0,0,0,0,0,0,0,0,0,0,0,0,0,0,0,0,0,0,0,0,0,0,0,0,0,0,0,0,0,0,0,0,0,0,0,0,0,0,0,0,0,0,0,0,0,0,0,0,0,0,0,0,1,1,4,8,8,10,13,13,16,19,22,23,24,29,32,37,45,46,49,51,51,55,55,59,60,59,59,60,61,61,61,61,61,63,63,64,65,65,65,65,65,67,68,69,69,69,70,70,71,71,71,72,72,72,72,73,73,73,73,74,74,74,74,74,74,76,79,80,80,81,83,82,82,84,85,85,85,87,86,86,87,87,87,87,88,89,90,90,90
84042075,US,USA,840,42075.0,Lebanon,Pennsylvania,US,40.36680311,-76.45651841,"Lebanon, Pennsylvania, US",0,0,0,0,0,0,0,0,0,0,0,0,0,0,0,0,0,0,0,0,0,0,0,0,0,0,0,0,0,0,0,0,0,0,0,0,0,0,0,0,0,0,0,0,0,0,0,0,0,0,0,0,0,0,0,0,0,1,1,2,3,3,3,3,4,12,15,19,27,28,36,45,54,87,106,124,145,169,187,218,232,270,284,328,349,380,424,458,484,502,525,535,544,575,592,612,621,635,648,676,694,710,735,756,766,774,785,797,805,811,815,825,849,856,863,873,874,877,880,885,887,892,900,909,912,922,936,944,950,958,969,972,980,994,997,1000,1021,1062,1072,1086,1091,1106,1140,1162,1182,1190,1193,1200,1210,1226,1240,1251
84042077,US,USA,840,42077.0,Lehigh,Pennsylvania,US,40.6154815,-75.59435245,"Lehigh, Pennsylvania, US",0,0,0,0,0,0,0,0,0,0,0,0,0,0,0,0,0,0,0,0,0,0,0,0,0,0,0,0,0,0,0,0,0,0,0,0,0,0,0,0,0,0,0,0,0,0,0,0,0,0,0,0,0,0,1,1,1,1,2,13,19,25,27,38,63,93,109,151,231,272,374,479,584,804,877,1006,1146,1319,1466,1562,1620,1684,1747,1803,1922,1999,2092,2141,2203,2245,2295,2374,2418,2478,2551,2601,2636,2685,2719,2796,2850,2896,2924,2963,2999,3063,3102,3140,3169,3241,3259,3286,3318,3378,3396,3440,3470,3491,3513,3550,3586,3613,3628,3651,3667,3676,3699,3719,3738,3747,3765,3770,3780,3802,3817,3829,3846,3858,3871,3890,3895,3907,3926,3939,3953,3957,3973,3978,3997,4024,4072,4085
84042079,US,USA,840,42079.0,Luzerne,Pennsylvania,US,41.17823008,-75.98447579,"Luzerne, Pennsylvania, US",0,0,0,0,0,0,0,0,0,0,0,0,0,0,0,0,0,0,0,0,0,0,0,0,0,0,0,0,0,0,0,0,0,0,0,0,0,0,0,0,0,0,0,0,0,0,0,0,0,0,0,0,0,0,1,1,1,1,2,6,7,10,21,27,36,55,65,94,150,212,282,384,484,648,741,849,982,1134,1241,1325,1372,1411,1446,1523,1567,1611,1668,1712,1741,1767,1800,1848,1880,1921,1962,2008,2035,2078,2111,2143,2173,2211,2240,2255,2280,2306,2332,2347,2356,2416,2426,2449,2467,2477,2491,2513,2526,2532,2554,2572,2594,2620,2631,2645,2651,2662,2677,2689,2711,2722,2736,2739,2750,2766,2773,2782,2791,2793,2793,2798,2810,2813,2823,2824,2830,2835,2840,2841,2845,2850,2861,2864
84042081,US,USA,840,42081.0,Lycoming,Pennsylvania,US,41.34310539,-77.06629984,"Lycoming, Pennsylvania, US",0,0,0,0,0,0,0,0,0,0,0,0,0,0,0,0,0,0,0,0,0,0,0,0,0,0,0,0,0,0,0,0,0,0,0,0,0,0,0,0,0,0,0,0,0,0,0,0,0,0,0,0,0,0,0,0,0,0,0,0,0,0,0,1,1,2,2,3,4,6,7,7,8,10,9,10,12,15,17,18,20,23,28,29,30,30,32,36,37,40,42,43,44,48,53,55,57,58,61,68,71,81,85,86,86,90,99,109,127,131,132,132,139,139,141,146,147,149,149,152,152,155,158,158,160,161,161,162,162,164,164,164,164,166,166,166,166,167,168,168,168,168,168,171,171,171,172,172,172,172,172,173
84042083,US,USA,840,42083.0,McKean,Pennsylvania,US,41.80938602,-78.56478358,"McKean,Pennsylvania,US",0,0,0,0,0,0,0,0,0,0,0,0,0,0,0,0,0,0,0,0,0,0,0,0,0,0,0,0,0,0,0,0,0,0,0,0,0,0,0,0,0,0,0,0,0,0,0,0,0,0,0,0,0,0,0,0,0,0,0,0,0,0,0,0,0,0,1,1,1,1,1,1,1,1,1,1,1,1,1,1,2,2,3,4,4,4,4,4,4,4,5,5,5,5,5,5,5,5,6,6,6,6,6,6,6,6,6,6,6,6,6,8,8,8,10,10,11,11,11,11,11,11,11,11,12,12,12,12,12,12,12,12,12,12,13,13,13,13,13,13,13,13,13,13,13,13,13,13,13,13,13,14
84042085,US,USA,840,42085.0,Mercer,Pennsylvania,US,41.30248872,-80.25816981,"Mercer, Pennsylvania, US",0,0,0,0,0,0,0,0,0,0,0,0,0,0,0,0,0,0,0,0,0,0,0,0,0,0,0,0,0,0,0,0,0,0,0,0,0,0,0,0,0,0,0,0,0,0,0,0,0,0,0,0,0,0,0,0,0,0,0,0,1,1,2,2,3,4,6,7,7,8,8,9,10,14,18,18,26,27,30,36,38,40,43,44,47,50,56,57,59,59,59,59,60,64,64,65,65,66,65,65,65,66,66,66,67,69,70,70,73,73,75,77,78,81,83,91,91,94,96,96,97,102,103,104,105,105,106,106,107,107,107,107,107,107,110,110,111,111,111,113,114,114,114,114,114,115,117,117,118,118,118,119
84042087,US,USA,840,42087.0,Mifflin,Pennsylvania,US,40.61116939,-77.61070738,"Mifflin, Pennsylvania, US",0,0,0,0,0,0,0,0,0,0,0,0,0,0,0,0,0,0,0,0,0,0,0,0,0,0,0,0,0,0,0,0,0,0,0,0,0,0,0,0,0,0,0,0,0,0,0,0,0,0,0,0,0,0,0,0,0,0,0,0,0,0,0,0,0,0,0,2,1,2,1,1,2,4,9,9,6,10,10,11,10,12,17,16,15,15,17,19,20,20,21,22,24,26,26,27,30,34,36,38,37,38,39,39,42,45,48,50,50,52,52,52,53,54,57,57,57,57,57,57,57,57,57,58,58,58,58,58,58,59,59,59,59,59,59,59,59,59,59,59,59,59,59,59,59,59,60,60,61,61,61,61
84042089,US,USA,840,42089.0,Monroe,Pennsylvania,US,41.05934058,-75.34031025,"Monroe, Pennsylvania, US",0,0,0,0,0,0,0,0,0,0,0,0,0,0,0,0,0,0,0,0,0,0,0,0,0,0,0,0,0,0,0,0,0,0,0,0,0,0,0,0,0,0,0,0,0,0,0,0,1,2,2,3,3,3,8,8,8,15,19,25,31,43,45,51,67,98,106,135,182,236,278,321,397,484,528,572,610,671,716,752,774,795,816,847,872,898,929,943,963,970,995,1015,1024,1037,1054,1065,1083,1097,1111,1127,1147,1165,1172,1173,1186,1190,1194,1198,1206,1218,1224,1229,1228,1240,1242,1248,1254,1259,1267,1278,1291,1295,1302,1304,1305,1305,1310,1311,1315,1318,1319,1320,1325,1326,1333,1335,1338,1338,1341,1342,1344,1346,1347,1347,1347,1350,1356,1357,1363,1366,1370,1376
84042091,US,USA,840,42091.0,Montgomery,Pennsylvania,US,40.21053671,-75.36652296,"Montgomery, Pennsylvania, US",0,0,0,0,0,0,0,0,0,0,0,0,0,0,0,0,0,0,0,0,0,0,0,0,0,0,0,0,0,0,0,0,0,0,0,0,0,0,0,0,0,0,0,0,0,0,4,5,8,9,13,18,20,20,30,34,42,55,68,77,110,136,159,219,313,374,411,488,540,570,649,735,875,982,1111,1230,1359,1521,1693,1889,2053,2164,2285,2354,2475,2544,2684,2781,2913,3040,3154,3294,3395,3525,3627,3733,3817,4043,4177,4307,4406,4487,4552,4645,4687,4827,4915,5037,5116,5260,5292,5442,5513,5583,5697,5797,5872,6012,6063,6154,6268,6366,6464,6525,6576,6598,6738,6811,6906,7006,7061,7093,7172,7242,7351,7416,7542,7582,7610,7672,7709,7754,7834,7865,7898,7930,7950,7990,8014,8046,8076,8103
84042093,US,USA,840,42093.0,Montour,Pennsylvania,US,41.03023987,-76.66345939,"Montour, Pennsylvania, US",0,0,0,0,0,0,0,0,0,0,0,0,0,0,0,0,0,0,0,0,0,0,0,0,0,0,0,0,0,0,0,0,0,0,0,0,0,0,0,0,0,0,0,0,0,0,0,0,0,0,0,0,0,0,0,0,0,0,0,1,1,1,3,4,4,4,5,4,10,9,13,15,16,19,37,37,37,37,37,37,37,37,39,44,44,48,48,49,48,48,47,47,47,47,47,47,48,47,47,47,48,49,50,50,50,50,50,50,49,49,49,49,50,50,50,50,50,50,50,50,51,51,50,50,50,50,50,50,50,50,52,53,53,53,53,53,53,53,53,53,53,55,56,64,64,65,65,67,68,68,68,68
84042095,US,USA,840,42095.0,Northampton,Pennsylvania,US,40.75182733,-75.30471829,"Northampton, Pennsylvania, US",0,0,0,0,0,0,0,0,0,0,0,0,0,0,0,0,0,0,0,0,0,0,0,0,0,0,0,0,0,0,0,0,0,0,0,0,0,0,0,0,0,0,0,0,0,0,0,0,0,0,1,1,1,1,1,1,1,5,10,17,21,23,33,44,56,79,94,126,184,245,312,378,466,588,636,716,774,857,949,994,1039,1082,1130,1176,1251,1296,1335,1396,1441,1469,1544,1591,1656,1716,1780,1813,1834,1970,2008,2050,2103,2182,2214,2240,2279,2313,2355,2390,2429,2453,2465,2499,2518,2566,2600,2659,2703,2727,2758,2779,2814,2842,2866,2911,2920,2933,2958,3022,3045,3062,3083,3082,3108,3120,3124,3136,3144,3151,3168,3175,3193,3202,3217,3232,3240,3246,3250,3255,3270,3284,3304,3309
84042097,US,USA,840,42097.0,Northumberland,Pennsylvania,US,40.84785433,-76.70798222,"Northumberland, Pennsylvania, US",0,0,0,0,0,0,0,0,0,0,0,0,0,0,0,0,0,0,0,0,0,0,0,0,0,0,0,0,0,0,0,0,0,0,0,0,0,0,0,0,0,0,0,0,0,0,0,0,0,0,0,0,0,0,0,0,0,0,0,0,0,0,0,0,0,0,1,1,1,1,6,8,8,9,14,15,22,22,24,29,31,37,40,48,56,60,60,67,67,73,77,77,82,84,87,90,90,92,92,93,95,98,99,100,107,111,112,118,119,124,125,126,128,132,136,139,141,143,145,150,150,155,164,170,174,177,182,186,186,190,192,194,198,199,201,206,208,209,209,211,211,213,219,222,224,228,231,234,252,254,256,271
84042099,US,USA,840,42099.0,Perry,Pennsylvania,US,40.40206612,-77.26297447,"Perry, Pennsylvania, US",0,0,0,0,0,0,0,0,0,0,0,0,0,0,0,0,0,0,0,0,0,0,0,0,0,0,0,0,0,0,0,0,0,0,0,0,0,0,0,0,0,0,0,0,0,0,0,0,0,0,0,0,0,0,0,0,0,0,0,0,0,0,0,0,0,0,1,1,1,1,1,3,4,5,5,5,9,13,15,16,16,16,17,17,17,17,18,20,20,20,20,23,23,25,26,26,26,27,30,30,32,33,34,34,34,34,34,34,34,35,35,35,35,36,36,40,40,41,41,42,43,43,45,47,47,48,53,54,56,57,59,61,62,62,64,67,67,68,68,68,68,69,70,71,72,72,73,76,77,79,82,83
84042101,US,USA,840,42101.0,Philadelphia,Pennsylvania,US,40.00338507,-75.1379271,"Philadelphia, Pennsylvania, US",0,0,0,0,0,0,0,0,0,0,0,0,0,0,0,0,0,0,0,0,0,0,0,0,0,0,0,0,0,0,0,0,0,0,0,0,0,0,0,0,0,0,0,0,0,0,0,0,1,1,1,3,4,4,10,19,34,44,67,85,96,175,252,342,475,637,803,890,1072,1315,1675,2100,2430,3008,3189,3728,4272,4777,5029,5521,6022,6386,6813,7130,7441,8045,8563,9014,9214,9553,10028,10028,11226,11877,11877,12566,12868,13445,13803,14468,15137,15137,15137,16040,16410,16697,17047,17517,17881,18211,18313,18537,18779,19093,19349,19606,19606,19953,20132,20359,20700,21009,21234,21234,21234,21738,21975,22150,22405,22629,22629,22881,23034,23160,23281,23407,23529,23529,23691,23822,23951,24107,24228,24338,24338,24475,24591,24655,24723,24841,24841,24841
84042103,US,USA,840,42103.0,Pike,Pennsylvania,US,41.33155042,-75.03208106,"Pike, Pennsylvania, US",0,0,0,0,0,0,0,0,0,0,0,0,0,0,0,0,0,0,0,0,0,0,0,0,0,0,0,0,0,0,0,0,0,0,0,0,0,0,0,0,0,0,0,0,0,0,0,0,0,0,1,1,1,1,1,1,2,3,3,3,3,3,4,8,15,23,27,33,39,48,57,68,83,97,114,125,136,148,163,190,208,212,221,256,268,276,290,295,301,304,314,317,327,338,347,349,352,362,369,378,383,394,405,408,412,415,419,422,427,432,433,441,451,454,458,460,460,461,469,470,473,475,476,477,477,476,476,476,476,476,476,477,478,478,478,478,481,482,482,482,483,482,482,482,482,482,485,486,487,487,487,489
84042105,US,USA,840,42105.0,Potter,Pennsylvania,US,41.74471626,-77.89559864,"Potter, Pennsylvania, US",0,0,0,0,0,0,0,0,0,0,0,0,0,0,0,0,0,0,0,0,0,0,0,0,0,0,0,0,0,0,0,0,0,0,0,0,0,0,0,0,0,0,0,0,0,0,0,0,0,0,0,0,0,0,0,0,0,0,1,1,1,1,1,1,1,1,2,2,2,2,2,2,2,3,3,3,3,3,3,3,4,4,4,4,4,4,4,4,4,4,4,4,4,4,4,4,4,4,4,4,4,4,4,4,4,4,4,4,4,4,4,4,4,4,4,4,4,4,4,4,4,4,4,4,4,4,4,4,4,4,4,4,4,4,6,8,11,11,11,11,12,12,13,13,13,13,13,13,13,13,13,13
84042107,US,USA,840,42107.0,Schuylkill,Pennsylvania,US,40.70497338,-76.2150785,"Schuylkill, Pennsylvania, US",0,0,0,0,0,0,0,0,0,0,0,0,0,0,0,0,0,0,0,0,0,0,0,0,0,0,0,0,0,0,0,0,0,0,0,0,0,0,0,0,0,0,0,0,0,0,0,0,0,0,0,0,0,0,0,0,0,0,0,0,1,3,5,7,9,13,16,21,30,38,47,54,63,77,90,103,119,136,149,164,179,188,192,200,212,236,244,254,261,267,277,283,290,300,311,321,324,330,343,368,375,384,395,398,405,419,422,430,437,451,453,459,478,490,506,512,525,529,534,541,548,560,576,585,592,600,601,606,616,623,631,631,643,646,651,653,656,656,657,659,664,668,677,681,685,691,696,698,702,703,713,714
84042109,US,USA,840,42109.0,Snyder,Pennsylvania,US,40.77129231,-77.06840691,"Snyder, Pennsylvania, US",0,0,0,0,0,0,0,0,0,0,0,0,0,0,0,0,0,0,0,0,0,0,0,0,0,0,0,0,0,0,0,0,0,0,0,0,0,0,0,0,0,0,0,0,0,0,0,0,0,0,0,0,0,0,0,0,0,0,0,0,0,0,0,0,0,0,1,2,2,2,3,3,4,6,8,8,9,9,9,12,16,20,23,24,24,24,25,27,27,28,30,31,31,31,32,33,33,33,33,33,33,33,33,33,33,33,33,33,33,33,33,33,33,33,33,33,33,33,33,33,33,35,38,38,38,38,39,39,39,42,45,45,45,45,51,53,54,55,55,57,59,59,59,59,59,60,60,60,61,61,61,61
84042111,US,USA,840,42111.0,Somerset,Pennsylvania,US,39.97172723,-79.02699593,"Somerset, Pennsylvania, US",0,0,0,0,0,0,0,0,0,0,0,0,0,0,0,0,0,0,0,0,0,0,0,0,0,0,0,0,0,0,0,0,0,0,0,0,0,0,0,0,0,0,0,0,0,0,0,0,0,0,0,0,0,0,0,0,0,0,0,0,0,0,1,2,2,2,2,2,2,2,3,3,3,3,4,6,7,7,7,10,10,12,13,13,14,14,15,17,18,19,19,19,20,22,25,25,25,26,26,26,26,29,29,30,30,32,32,32,32,32,32,32,32,32,32,32,33,36,36,37,37,37,37,37,37,37,37,37,37,38,38,38,38,38,38,38,39,39,39,39,39,39,39,40,40,41,41,41,42,46,47,47
84042113,US,USA,840,42113.0,Sullivan,Pennsylvania,US,41.44634738,-76.51246591,"Sullivan, Pennsylvania, US",0,0,0,0,0,0,0,0,0,0,0,0,0,0,0,0,0,0,0,0,0,0,0,0,0,0,0,0,0,0,0,0,0,0,0,0,0,0,0,0,0,0,0,0,0,0,0,0,0,0,0,0,0,0,0,0,0,0,0,0,0,0,0,0,0,0,0,0,0,0,0,0,0,1,1,1,1,1,1,1,1,1,1,1,1,1,1,1,1,1,1,1,1,1,1,1,1,1,1,1,1,1,1,1,1,1,1,1,1,1,1,1,1,1,2,2,2,2,2,2,2,2,2,2,2,2,2,2,3,3,3,3,3,3,3,3,3,3,3,3,3,3,3,3,3,3,3,3,3,3,3,3
84042115,US,USA,840,42115.0,Susquehanna,Pennsylvania,US,41.82147784,-75.80071959,"Susquehanna, Pennsylvania, US",0,0,0,0,0,0,0,0,0,0,0,0,0,0,0,0,0,0,0,0,0,0,0,0,0,0,0,0,0,0,0,0,0,0,0,0,0,0,0,0,0,0,0,0,0,0,0,0,0,0,0,0,0,0,0,0,0,0,0,0,0,0,0,0,1,1,1,1,1,1,2,3,4,5,6,6,11,14,16,22,23,25,31,32,40,49,58,59,63,66,71,71,72,76,77,79,81,82,81,84,84,84,85,86,86,87,86,86,81,81,81,81,81,82,82,83,83,85,85,87,90,93,95,96,96,97,98,99,109,109,109,110,110,111,123,124,133,148,154,154,155,164,166,169,170,171,172,172,173,178,178,178
84042117,US,USA,840,42117.0,Tioga,Pennsylvania,US,41.77255149,-77.25433032,"Tioga, Pennsylvania, US",0,0,0,0,0,0,0,0,0,0,0,0,0,0,0,0,0,0,0,0,0,0,0,0,0,0,0,0,0,0,0,0,0,0,0,0,0,0,0,0,0,0,0,0,0,0,0,0,0,0,0,0,0,0,0,0,0,0,0,0,0,0,0,0,0,0,1,1,1,2,2,2,3,3,3,8,10,10,10,11,12,13,14,13,13,13,14,14,14,14,15,15,14,14,14,14,14,14,14,16,16,16,16,16,16,16,16,16,16,16,16,16,16,16,16,16,16,16,16,16,16,16,16,16,16,16,16,16,17,17,17,17,19,19,19,19,19,19,19,19,19,20,20,20,20,20,20,20,20,20,20,22
84042119,US,USA,840,42119.0,Union,Pennsylvania,US,40.96188846,-77.05996014,"Union, Pennsylvania, US",0,0,0,0,0,0,0,0,0,0,0,0,0,0,0,0,0,0,0,0,0,0,0,0,0,0,0,0,0,0,0,0,0,0,0,0,0,0,0,0,0,0,0,0,0,0,0,0,0,0,0,0,0,0,0,0,0,0,0,0,0,0,0,0,0,1,0,0,4,4,2,2,3,5,6,6,7,8,11,12,14,19,21,23,23,25,26,27,27,28,29,30,30,31,31,31,31,33,33,36,37,38,38,38,38,39,40,40,40,40,41,41,42,43,44,46,47,51,50,56,61,61,52,53,54,56,56,56,57,59,59,62,60,63,65,70,71,73,73,74,75,79,81,81,83,88,84,83,83,84,85,88
84042121,US,USA,840,42121.0,Venango,Pennsylvania,US,41.40323442,-79.75845449,"Venango, Pennsylvania, US",0,0,0,0,0,0,0,0,0,0,0,0,0,0,0,0,0,0,0,0,0,0,0,0,0,0,0,0,0,0,0,0,0,0,0,0,0,0,0,0,0,0,0,0,0,0,0,0,0,0,0,0,0,0,0,0,0,0,0,0,0,0,0,0,0,0,0,1,1,3,3,3,3,3,3,5,5,5,5,5,6,6,6,6,6,6,6,6,6,6,6,6,7,7,7,7,7,7,7,7,7,7,7,7,7,7,7,7,7,7,7,7,7,7,7,7,8,8,8,8,8,8,8,8,8,8,8,8,8,9,9,9,9,9,10,15,15,15,15,16,16,16,17,17,17,17,17,17,17,17,17,17
84042123,US,USA,840,42123.0,Warren,Pennsylvania,US,41.81304978,-79.26969577,"Warren, Pennsylvania, US",0,0,0,0,0,0,0,0,0,0,0,0,0,0,0,0,0,0,0,0,0,0,0,0,0,0,0,0,0,0,0,0,0,0,0,0,0,0,0,0,0,0,0,0,0,0,0,0,0,0,0,0,0,0,0,0,0,0,0,0,0,0,0,1,1,1,1,1,1,1,1,1,1,1,1,1,1,1,1,1,1,1,1,1,1,1,1,1,1,1,2,2,1,1,1,1,1,1,1,1,1,1,1,1,1,1,1,1,1,1,1,1,2,2,2,2,2,2,2,2,3,3,3,3,3,3,3,3,3,3,3,3,3,4,5,5,5,5,5,5,5,5,5,5,5,5,5,5,5,5,5,5
84042125,US,USA,840,42125.0,Washington,Pennsylvania,US,40.19208869,-80.24582867,"Washington, Pennsylvania, US",0,0,0,0,0,0,0,0,0,0,0,0,0,0,0,0,0,0,0,0,0,0,0,0,0,0,0,0,0,0,0,0,0,0,0,0,0,0,0,0,0,0,0,0,0,0,0,0,0,0,0,1,1,1,1,2,2,3,3,5,7,7,9,10,12,14,23,24,26,33,35,38,40,46,50,53,57,59,63,66,66,68,69,70,71,73,75,79,82,83,86,87,92,96,99,101,107,109,113,115,116,118,119,120,120,121,120,121,124,124,124,126,127,129,129,130,131,133,130,130,130,134,135,138,138,138,138,139,139,139,139,140,140,140,140,141,146,147,149,150,151,151,153,155,155,156,156,158,158,162,165,168
84042127,US,USA,840,42127.0,Wayne,Pennsylvania,US,41.64938475,-75.29956506,"Wayne, Pennsylvania, US",0,0,0,0,0,0,0,0,0,0,0,0,0,0,0,0,0,0,0,0,0,0,0,0,0,0,0,0,0,0,0,0,0,0,0,0,0,0,0,0,0,0,0,0,1,1,1,1,1,1,1,1,1,1,1,1,1,1,1,1,2,3,4,4,6,6,6,7,10,10,14,17,23,28,33,35,40,47,49,53,57,63,67,70,75,77,81,84,84,85,86,86,87,88,92,92,93,93,95,100,102,104,109,109,109,110,113,113,116,117,117,117,107,107,107,108,108,108,110,110,112,115,117,117,118,118,118,118,119,119,119,120,120,120,121,123,123,126,124,124,123,125,125,126,126,126,126,126,128,129,130,130
84042129,US,USA,840,42129.0,Westmoreland,Pennsylvania,US,40.31377979999999,-79.46615476,"Westmoreland, Pennsylvania, US",0,0,0,0,0,0,0,0,0,0,0,0,0,0,0,0,0,0,0,0,0,0,0,0,0,0,0,0,0,0,0,0,0,0,0,0,0,0,0,0,0,0,0,0,0,0,0,0,0,0,0,0,0,0,0,0,0,2,4,4,4,6,11,16,24,30,41,47,55,61,72,84,110,135,147,157,177,183,190,202,218,223,228,231,237,240,249,280,284,286,291,300,307,317,360,374,377,383,386,391,393,396,401,403,405,409,411,413,415,417,418,419,419,422,423,423,427,432,431,432,434,436,437,440,441,442,442,443,444,447,449,449,451,453,455,456,457,459,461,467,473,474,483,487,490,492,493,498,502,510,519,530
84042131,US,USA,840,42131.0,Wyoming,Pennsylvania,US,41.51955538,-76.01074915,"Wyoming, Pennsylvania, US",0,0,0,0,0,0,0,0,0,0,0,0,0,0,0,0,0,0,0,0,0,0,0,0,0,0,0,0,0,0,0,0,0,0,0,0,0,0,0,0,0,0,0,0,0,0,0,0,0,0,0,0,0,0,0,0,0,0,0,0,0,0,0,0,0,0,0,0,0,0,0,1,2,5,5,5,5,5,6,6,8,9,12,11,13,14,16,16,17,17,17,17,17,17,17,17,18,18,19,20,21,25,25,27,27,27,27,28,30,30,30,31,31,31,28,29,29,30,30,30,32,33,33,33,33,33,33,34,34,34,34,34,34,34,34,34,34,34,35,36,36,36,36,36,36,36,36,36,36,36,36,37
84042133,US,USA,840,42133.0,York,Pennsylvania,US,39.9210089,-76.73040131,"York, Pennsylvania, US",0,0,0,0,0,0,0,0,0,0,0,0,0,0,0,0,0,0,0,0,0,0,0,0,0,0,0,0,0,0,0,0,0,0,0,0,0,0,0,0,0,0,0,0,0,0,0,0,0,0,0,0,0,0,0,0,2,2,6,9,10,10,18,20,21,30,37,43,54,66,79,102,121,144,171,189,218,233,250,283,293,307,331,371,381,393,443,463,481,493,517,531,546,563,578,593,606,614,624,641,651,664,679,702,716,722,740,753,767,773,784,793,803,817,828,835,851,857,866,872,883,895,904,924,930,943,956,970,991,1000,1007,1013,1028,1037,1038,1040,1049,1082,1086,1094,1102,1117,1141,1157,1162,1169,1183,1195,1209,1229,1255,1296
84044001,US,USA,840,44001.0,Bristol,Rhode Island,US,41.71018079,-71.28652315,"Bristol, Rhode Island, US",0,0,0,0,0,0,0,0,0,0,0,0,0,0,0,0,0,0,0,0,0,0,0,0,0,0,0,0,0,0,0,0,0,0,0,0,0,0,0,0,0,0,0,0,0,0,0,0,0,0,0,0,0,0,0,0,0,0,0,4,14,24,24,24,6,6,6,12,12,14,18,21,21,21,24,25,27,31,31,37,39,39,39,39,49,50,57,57,59,67,68,88,95,102,107,111,115,115,145,143,142,144,152,154,154,154,154,154,154,154,171,172,172,172,172,172,172,172,172,198,204,209,213,213,213,213,223,222,224,224,224,224,224,224,224,224,224,224,231,231,231,231,231,231,231,240,240,240,240,240,240,240
84044003,US,USA,840,44003.0,Kent,Rhode Island,US,41.67106337,-71.57641596,"Kent, Rhode Island, US",0,0,0,0,0,0,0,0,0,0,0,0,0,0,0,0,0,0,0,0,0,0,0,0,0,0,0,0,0,0,0,0,0,0,0,0,0,0,0,0,0,0,0,0,0,0,0,0,0,0,0,0,0,0,0,0,0,0,0,4,7,7,7,7,9,9,9,27,27,31,39,59,59,59,82,92,105,137,137,151,169,169,169,169,244,249,299,299,316,366,386,412,432,466,496,526,565,574,598,622,638,675,697,703,703,703,703,703,703,703,859,850,883,883,883,883,883,883,883,958,974,985,1005,1013,1013,1013,1032,1038,1052,1052,1052,1052,1052,1052,1052,1052,1052,1052,1105,1105,1105,1105,1105,1105,1105,1128,1128,1128,1128,1128,1128,1128
84044005,US,USA,840,44005.0,Newport,Rhode Island,US,41.5642026,-71.26569799,"Newport, Rhode Island, US",0,0,0,0,0,0,0,0,0,0,0,0,0,0,0,0,0,0,0,0,0,0,0,0,0,0,0,0,0,0,0,0,0,0,0,0,0,0,0,0,0,0,0,0,0,0,0,0,0,0,0,0,0,0,0,0,0,0,0,8,8,9,9,9,12,12,12,19,19,23,23,33,33,33,39,42,52,56,56,56,74,74,74,74,93,94,103,103,103,107,110,114,117,124,130,135,138,138,148,149,155,156,158,161,161,161,161,161,161,161,182,185,197,197,197,197,197,197,197,206,209,212,226,228,228,228,235,237,244,244,244,244,244,244,244,244,244,244,269,269,269,269,269,269,269,277,277,277,277,277,277,277
84044007,US,USA,840,44007.0,Providence,Rhode Island,US,41.87064746,-71.57753536,"Providence, Rhode Island, US",0,0,0,0,0,0,0,0,0,0,0,0,0,0,0,0,0,0,0,0,0,0,0,0,0,0,0,0,0,0,0,0,0,0,0,0,0,0,0,1,2,2,2,2,2,3,3,3,3,5,3,3,20,20,21,23,33,44,44,30,37,52,52,52,91,91,91,156,156,208,301,418,418,418,491,538,622,832,832,955,1278,1278,1278,1278,1957,2072,2703,2703,3014,3491,3727,4064,4350,4603,4916,5266,5427,5520,5967,6290,6579,6822,7028,7138,7138,7138,7138,7138,7138,7138,8674,8798,9112,9112,9112,9112,9112,9112,9112,9976,10160,10320,10519,10607,10607,10607,10874,10968,11052,11052,11052,11052,11052,11052,11052,11052,11052,11052,11959,11959,11959,11959,11959,11959,11959,12363,12363,12363,12363,12363,12363,12363
84044009,US,USA,840,44009.0,Washington,Rhode Island,US,41.45961631,-71.61435303,"Washington, Rhode Island, US",0,0,0,0,0,0,0,0,0,0,0,0,0,0,0,0,0,0,0,0,0,0,0,0,0,0,0,0,0,0,0,0,0,0,0,0,0,0,0,0,0,0,0,0,0,0,0,0,0,0,0,0,0,0,0,0,0,0,0,8,9,9,9,9,14,14,14,23,23,28,25,34,34,34,48,53,70,120,120,120,140,140,140,140,152,162,225,183,184,198,209,268,256,272,282,292,303,313,324,330,344,350,356,363,363,363,363,363,363,363,406,411,425,425,425,425,425,425,425,462,471,482,485,486,486,486,493,496,499,499,499,499,499,499,499,499,499,499,513,513,513,513,513,513,513,516,516,516,516,516,516,516
84045001,US,USA,840,45001.0,Abbeville,South Carolina,US,34.22333378,-82.46170658,"Abbeville, South Carolina, US",0,0,0,0,0,0,0,0,0,0,0,0,0,0,0,0,0,0,0,0,0,0,0,0,0,0,0,0,0,0,0,0,0,0,0,0,0,0,0,0,0,0,0,0,0,0,0,0,0,0,0,0,0,0,0,0,0,1,1,1,1,1,1,3,3,4,3,3,3,4,4,6,6,6,6,6,5,5,7,7,9,9,9,9,10,10,10,15,17,17,17,22,23,24,24,27,29,29,29,31,31,31,33,33,33,33,34,34,34,34,34,34,34,34,34,34,35,35,36,36,36,36,35,35,35,35,35,37,39,39,42,44,46,46,46,47,47,51,58,60,60,63,62,63,67,70,73,73,73,73,86,88
84045003,US,USA,840,45003.0,Aiken,South Carolina,US,33.54338026,-81.63645384,"Aiken, South Carolina, US",0,0,0,0,0,0,0,0,0,0,0,0,0,0,0,0,0,0,0,0,0,0,0,0,0,0,0,0,0,0,0,0,0,0,0,0,0,0,0,0,0,0,0,0,0,0,0,0,0,0,0,0,0,0,0,0,0,0,1,1,1,1,2,2,2,6,7,9,9,13,18,22,22,24,27,27,28,28,42,48,50,50,51,60,60,63,66,67,69,70,70,82,84,86,89,89,92,94,97,99,101,105,108,108,108,108,109,112,116,118,119,123,132,135,137,150,154,155,156,160,161,166,169,173,178,181,184,189,191,194,197,206,208,208,208,216,216,208,212,213,216,222,225,228,232,234,240,246,256,261,267,274
84045005,US,USA,840,45005.0,Allendale,South Carolina,US,32.98837386,-81.35321066,"Allendale, South Carolina, US",0,0,0,0,0,0,0,0,0,0,0,0,0,0,0,0,0,0,0,0,0,0,0,0,0,0,0,0,0,0,0,0,0,0,0,0,0,0,0,0,0,0,0,0,0,0,0,0,0,0,0,0,0,0,0,0,0,0,0,0,0,0,0,0,0,0,0,0,0,0,1,1,1,2,2,2,2,2,2,4,4,5,5,5,5,5,6,6,6,6,6,6,7,8,8,8,8,10,10,10,11,11,12,14,18,18,19,23,24,25,26,27,29,29,30,31,33,33,33,33,34,34,34,34,34,34,34,34,34,34,35,38,38,38,38,39,39,39,39,39,39,40,40,40,40,40,41,41,41,45,45,45
84045007,US,USA,840,45007.0,Anderson,South Carolina,US,34.51828081,-82.63959517,"Anderson, South Carolina, US",0,0,0,0,0,0,0,0,0,0,0,0,0,0,0,0,0,0,0,0,0,0,0,0,0,0,0,0,0,0,0,0,0,0,0,0,0,0,0,0,0,0,0,0,0,0,0,0,0,0,0,0,0,0,2,2,2,2,6,10,10,15,16,19,19,21,24,29,31,39,47,57,62,68,69,72,75,75,96,100,102,106,109,111,114,119,127,133,132,134,134,135,137,140,138,145,149,152,157,160,164,169,171,171,172,173,182,181,184,185,186,188,191,201,202,206,207,206,211,213,217,219,218,218,218,221,222,226,234,234,239,241,244,244,244,263,263,279,280,289,287,295,306,316,341,347,352,361,375,400,423,441
84045009,US,USA,840,45009.0,Bamberg,South Carolina,US,33.21927586,-81.05659969,"Bamberg, South Carolina, US",0,0,0,0,0,0,0,0,0,0,0,0,0,0,0,0,0,0,0,0,0,0,0,0,0,0,0,0,0,0,0,0,0,0,0,0,0,0,0,0,0,0,0,0,0,0,0,0,0,0,0,0,0,0,0,0,0,0,0,0,0,0,0,0,0,0,0,0,0,2,4,5,5,5,5,5,6,6,6,6,7,7,7,7,7,7,7,7,7,7,7,7,7,7,7,8,8,9,9,10,10,12,12,13,13,14,14,14,15,16,16,16,16,16,16,16,17,17,18,18,20,20,20,20,21,21,21,21,21,22,22,22,23,23,23,33,33,36,36,36,36,39,40,41,45,48,50,50,53,54,60,66
84045011,US,USA,840,45011.0,Barnwell,South Carolina,US,33.26679302,-81.43584352,"Barnwell, South Carolina, US",0,0,0,0,0,0,0,0,0,0,0,0,0,0,0,0,0,0,0,0,0,0,0,0,0,0,0,0,0,0,0,0,0,0,0,0,0,0,0,0,0,0,0,0,0,0,0,0,0,0,0,0,0,0,0,0,0,0,0,0,0,0,0,0,0,0,0,0,1,1,2,2,2,2,3,3,3,3,4,5,5,5,5,5,5,5,5,5,5,6,6,8,10,10,14,15,15,17,17,20,21,24,25,25,27,28,29,32,33,33,33,35,36,36,39,40,40,40,41,41,41,41,43,43,43,43,43,44,44,45,46,48,48,48,48,52,52,54,54,54,54,54,54,54,54,55,56,56,56,57,59,59
84045013,US,USA,840,45013.0,Beaufort,South Carolina,US,32.39226291,-80.72619758,"Beaufort, South Carolina, US",0,0,0,0,0,0,0,0,0,0,0,0,0,0,0,0,0,0,0,0,0,0,0,0,0,0,0,0,0,0,0,0,0,0,0,0,0,0,0,0,0,0,0,0,0,0,0,0,0,0,0,0,3,3,3,4,6,7,8,13,14,21,22,26,26,35,39,50,74,91,101,130,131,148,156,163,169,169,184,186,191,194,194,198,205,206,214,220,225,225,225,236,241,244,253,255,254,259,262,263,269,269,270,269,270,269,269,273,273,279,280,282,282,284,288,291,292,294,299,304,306,314,332,335,336,342,346,351,361,376,385,389,398,398,398,417,417,430,444,464,483,507,540,566,590,615,647,673,721,760,816,857
84045015,US,USA,840,45015.0,Berkeley,South Carolina,US,33.20222596,-79.94654523,"Berkeley, South Carolina, US",0,0,0,0,0,0,0,0,0,0,0,0,0,0,0,0,0,0,0,0,0,0,0,0,0,0,0,0,0,0,0,0,0,0,0,0,0,0,0,0,0,0,0,0,0,0,0,0,0,0,0,0,0,0,0,0,0,0,1,1,2,4,4,5,5,10,13,14,14,15,18,33,42,45,46,52,55,55,61,67,67,83,90,98,101,116,123,124,132,138,138,143,152,162,181,181,171,174,174,180,183,185,186,190,188,189,189,191,192,192,195,197,198,199,201,203,201,203,203,205,209,211,214,215,218,219,219,224,228,230,233,235,242,242,242,257,257,273,282,291,315,335,346,364,386,406,427,434,458,515,563,599
84045017,US,USA,840,45017.0,Calhoun,South Carolina,US,33.66926881,-80.77722168,"Calhoun, South Carolina, US",0,0,0,0,0,0,0,0,0,0,0,0,0,0,0,0,0,0,0,0,0,0,0,0,0,0,0,0,0,0,0,0,0,0,0,0,0,0,0,0,0,0,0,0,0,0,0,0,0,0,0,0,0,0,0,1,1,1,1,1,1,1,1,1,1,1,1,2,2,3,3,3,3,4,5,5,5,5,6,6,6,6,6,6,5,5,6,6,6,6,6,6,6,6,6,6,6,6,6,7,7,7,7,7,7,7,7,7,8,8,8,8,9,9,9,9,9,9,9,9,9,9,9,9,9,10,10,10,11,14,15,16,15,15,15,19,19,21,22,23,23,24,27,30,33,38,46,47,48,58,62,69
84045019,US,USA,840,45019.0,Charleston,South Carolina,US,32.82487866,-79.96512315,"Charleston, South Carolina, US",0,0,0,0,0,0,0,0,0,0,0,0,0,0,0,0,0,0,0,0,0,0,0,0,0,0,0,0,0,0,0,0,0,0,0,0,0,0,0,0,0,0,0,0,0,1,1,1,1,1,1,1,1,1,1,3,4,5,6,9,13,31,36,52,52,92,108,117,123,142,190,231,247,274,274,300,305,305,313,328,331,339,351,353,360,383,385,385,390,391,391,406,412,416,424,436,435,438,441,444,452,456,457,464,463,464,467,481,482,481,491,497,491,491,501,506,507,509,515,515,523,540,550,558,561,568,576,578,586,609,617,634,646,646,646,709,709,776,811,835,869,910,959,1015,1092,1165,1230,1264,1403,1554,1728,1836
84045021,US,USA,840,45021.0,Cherokee,South Carolina,US,35.05122251,-81.61828622,"Cherokee, South Carolina, US",0,0,0,0,0,0,0,0,0,0,0,0,0,0,0,0,0,0,0,0,0,0,0,0,0,0,0,0,0,0,0,0,0,0,0,0,0,0,0,0,0,0,0,0,0,0,0,0,0,0,0,0,0,0,0,0,0,0,0,0,0,0,0,0,0,0,0,0,0,0,0,1,1,2,2,4,4,4,5,8,8,8,8,8,8,12,13,13,13,14,14,14,13,13,14,14,15,15,15,17,17,17,17,18,18,19,21,21,22,22,22,22,22,22,23,23,23,24,25,25,25,26,27,29,29,32,32,32,34,34,39,43,43,43,43,49,49,69,70,74,76,78,86,91,92,93,93,96,97,99,103,106
84045023,US,USA,840,45023.0,Chester,South Carolina,US,34.69249168,-81.1583216,"Chester, South Carolina, US",0,0,0,0,0,0,0,0,0,0,0,0,0,0,0,0,0,0,0,0,0,0,0,0,0,0,0,0,0,0,0,0,0,0,0,0,0,0,0,0,0,0,0,0,0,0,0,0,0,0,0,0,0,0,0,0,0,0,0,0,0,1,1,1,1,1,2,2,2,2,3,6,7,12,12,14,15,15,16,17,18,19,20,20,22,22,23,23,24,25,25,25,26,26,27,27,27,27,27,30,30,32,34,34,35,34,35,39,39,38,40,39,39,39,40,41,42,42,41,41,41,44,46,51,52,55,59,59,62,74,80,83,87,87,87,96,96,103,109,110,110,113,114,116,120,123,125,127,127,131,134,138
84045025,US,USA,840,45025.0,Chesterfield,South Carolina,US,34.64137396,-80.15640140000002,"Chesterfield, South Carolina, US",0,0,0,0,0,0,0,0,0,0,0,0,0,0,0,0,0,0,0,0,0,0,0,0,0,0,0,0,0,0,0,0,0,0,0,0,0,0,0,0,0,0,0,0,0,0,0,0,0,0,0,0,0,0,0,0,0,0,0,0,0,0,1,3,3,4,4,4,6,6,9,10,10,13,13,15,16,16,21,22,22,22,23,27,28,29,31,35,36,36,36,37,39,40,44,44,46,47,48,51,58,59,59,60,61,65,69,72,75,79,80,80,85,90,93,94,96,98,101,105,108,118,129,131,132,141,149,151,165,180,196,200,203,203,203,236,236,247,250,256,265,272,281,284,291,292,293,295,300,306,309,311
84045027,US,USA,840,45027.0,Clarendon,South Carolina,US,33.66610974,-80.21647898,"Clarendon, South Carolina, US",0,0,0,0,0,0,0,0,0,0,0,0,0,0,0,0,0,0,0,0,0,0,0,0,0,0,0,0,0,0,0,0,0,0,0,0,0,0,0,0,0,0,0,0,0,0,0,0,0,0,0,0,0,0,0,0,0,0,1,1,1,4,5,5,5,6,7,16,18,25,28,31,34,45,54,58,68,68,75,80,85,85,86,89,90,98,106,109,112,120,120,138,151,163,172,181,185,194,201,210,214,218,229,232,237,248,253,258,262,263,265,267,266,266,274,274,286,290,293,290,290,289,289,293,293,294,295,296,296,301,301,301,302,302,302,304,304,306,306,309,311,320,325,327,335,343,342,347,346,349,357,359
84045029,US,USA,840,45029.0,Colleton,South Carolina,US,32.87582989,-80.67641292,"Colleton, South Carolina, US",0,0,0,0,0,0,0,0,0,0,0,0,0,0,0,0,0,0,0,0,0,0,0,0,0,0,0,0,0,0,0,0,0,0,0,0,0,0,0,0,0,0,0,0,0,0,0,0,0,0,0,0,0,0,0,0,0,0,0,1,1,1,1,1,1,2,4,4,5,5,5,6,6,9,8,10,10,10,15,15,15,16,17,18,21,21,21,23,23,23,23,23,23,24,26,26,26,26,26,27,33,32,32,32,32,32,32,32,32,32,32,32,33,41,48,51,52,58,58,60,63,66,69,75,74,76,76,86,92,101,105,110,114,114,114,128,128,142,144,148,159,165,177,190,198,201,209,211,214,217,234,244
84045031,US,USA,840,45031.0,Darlington,South Carolina,US,34.33358335,-79.96027485,"Darlington, South Carolina, US",0,0,0,0,0,0,0,0,0,0,0,0,0,0,0,0,0,0,0,0,0,0,0,0,0,0,0,0,0,0,0,0,0,0,0,0,0,0,0,0,0,0,0,0,0,0,0,0,0,0,0,0,0,0,0,0,0,0,1,2,5,7,8,8,8,8,8,10,11,11,11,15,15,19,19,27,29,29,31,33,37,39,43,44,44,49,52,59,64,69,69,85,92,99,103,104,107,110,114,126,130,135,140,144,149,151,157,171,173,174,179,179,177,181,194,212,218,222,227,232,240,242,244,246,247,254,260,262,276,284,295,299,308,308,308,316,316,328,330,333,334,342,343,347,350,353,357,363,366,371,373,376
84045033,US,USA,840,45033.0,Dillon,South Carolina,US,34.39007791,-79.37741872,"Dillon, South Carolina, US",0,0,0,0,0,0,0,0,0,0,0,0,0,0,0,0,0,0,0,0,0,0,0,0,0,0,0,0,0,0,0,0,0,0,0,0,0,0,0,0,0,0,0,0,0,0,0,0,0,0,0,0,0,0,0,0,0,0,0,1,1,1,1,1,1,1,1,1,1,1,1,1,1,1,1,1,1,1,3,5,5,5,5,5,7,10,11,17,20,22,22,23,28,34,35,41,44,44,47,52,54,67,72,74,74,74,78,84,88,95,102,102,104,113,115,124,129,131,132,135,138,146,147,147,148,152,155,155,156,162,165,166,170,170,170,177,177,188,189,189,190,192,198,200,201,202,202,207,217,219,223,226
84045035,US,USA,840,45035.0,Dorchester,South Carolina,US,33.0794369,-80.40502652,"Dorchester, South Carolina, US",0,0,0,0,0,0,0,0,0,0,0,0,0,0,0,0,0,0,0,0,0,0,0,0,0,0,0,0,0,0,0,0,0,0,0,0,0,0,0,0,0,0,0,0,0,0,0,0,0,0,0,0,0,0,0,0,0,1,1,1,1,2,3,4,4,9,10,10,12,17,27,35,36,45,44,52,51,51,58,65,67,71,73,73,78,78,83,84,88,88,83,85,84,84,86,90,92,91,94,97,100,100,101,100,101,103,104,105,105,106,108,109,109,110,110,111,113,114,114,118,120,126,137,142,140,142,151,150,161,164,166,169,165,165,165,189,189,206,216,219,214,223,230,245,265,276,277,286,307,323,353,387
84045037,US,USA,840,45037.0,Edgefield,South Carolina,US,33.77221995,-81.96231108,"Edgefield, South Carolina, US",0,0,0,0,0,0,0,0,0,0,0,0,0,0,0,0,0,0,0,0,0,0,0,0,0,0,0,0,0,0,0,0,0,0,0,0,0,0,0,0,0,0,0,0,0,0,0,0,0,0,0,0,0,0,0,0,0,0,0,1,1,1,1,1,1,1,1,2,2,2,4,4,5,5,6,6,6,6,6,10,10,10,10,9,10,10,10,11,12,12,12,21,21,22,23,24,25,26,29,29,29,31,32,32,32,35,36,36,39,39,39,39,41,41,41,43,44,44,44,45,46,47,48,48,49,49,49,51,51,51,51,51,51,51,51,54,54,56,56,55,56,57,58,59,60,61,61,61,61,63,65,69
84045039,US,USA,840,45039.0,Fairfield,South Carolina,US,34.39287073,-81.1195624,"Fairfield, South Carolina, US",0,0,0,0,0,0,0,0,0,0,0,0,0,0,0,0,0,0,0,0,0,0,0,0,0,0,0,0,0,0,0,0,0,0,0,0,0,0,0,0,0,0,0,0,0,0,0,0,0,0,0,0,0,0,0,1,1,1,1,1,1,2,2,3,3,4,4,4,5,6,7,8,8,12,14,16,17,17,17,18,21,21,23,24,24,25,25,25,25,25,25,26,27,28,29,33,33,33,34,36,36,42,68,68,71,74,75,76,80,80,81,82,83,96,108,120,122,128,134,139,152,155,158,159,160,160,163,163,168,174,179,181,181,181,181,203,203,206,211,216,219,224,223,225,227,231,232,233,238,246,253,257
84045041,US,USA,840,45041.0,Florence,South Carolina,US,34.02361754,-79.70189312,"Florence, South Carolina, US",0,0,0,0,0,0,0,0,0,0,0,0,0,0,0,0,0,0,0,0,0,0,0,0,0,0,0,0,0,0,0,0,0,0,0,0,0,0,0,0,0,0,0,0,0,0,0,0,0,0,0,0,0,0,0,0,0,0,1,1,1,3,5,5,5,11,12,14,15,19,21,26,29,35,36,39,45,45,53,64,66,72,79,82,87,103,121,128,150,153,153,176,195,225,242,265,268,273,288,304,325,329,336,348,353,358,370,399,412,424,444,455,469,487,505,519,524,540,547,550,563,574,588,603,602,605,612,622,637,643,655,675,678,678,678,707,707,717,724,727,730,751,770,793,814,826,833,855,871,878,901,921
84045043,US,USA,840,45043.0,Georgetown,South Carolina,US,33.43443342,-79.33202141,"Georgetown, South Carolina, US",0,0,0,0,0,0,0,0,0,0,0,0,0,0,0,0,0,0,0,0,0,0,0,0,0,0,0,0,0,0,0,0,0,0,0,0,0,0,0,0,0,0,0,0,0,0,0,0,0,0,0,0,0,0,0,0,0,0,0,0,0,2,2,2,2,3,6,10,11,13,14,15,16,17,18,21,22,22,25,28,32,31,31,33,33,34,34,34,33,34,34,35,36,37,39,39,39,40,40,43,43,44,45,46,46,48,50,49,50,50,51,53,51,51,51,52,52,52,52,53,53,54,56,60,69,71,71,71,74,73,76,77,78,78,78,82,82,85,94,100,103,117,132,150,164,181,180,202,233,227,240,258
84045045,US,USA,840,45045.0,Greenville,South Carolina,US,34.89502264,-82.37295012,"Greenville, South Carolina, US",0,0,0,0,0,0,0,0,0,0,0,0,0,0,0,0,0,0,0,0,0,0,0,0,0,0,0,0,0,0,0,0,0,0,0,0,0,0,0,0,0,0,0,0,0,0,0,0,0,0,0,0,0,0,1,2,3,7,12,17,19,31,39,50,50,51,57,71,88,106,129,154,174,183,186,204,214,214,254,308,325,339,346,373,400,436,447,486,492,498,498,536,558,557,564,609,649,661,689,722,730,749,757,788,796,803,835,869,912,933,946,971,981,996,1021,1058,1095,1116,1145,1155,1180,1200,1231,1286,1300,1344,1364,1382,1461,1469,1619,1690,1751,1751,1751,1934,1934,2060,2175,2222,2371,2492,2624,2779,2920,3011,3072,3143,3306,3413,3536,3670
84045047,US,USA,840,45047.0,Greenwood,South Carolina,US,34.15272415,-82.12715789,"Greenwood, South Carolina, US",0,0,0,0,0,0,0,0,0,0,0,0,0,0,0,0,0,0,0,0,0,0,0,0,0,0,0,0,0,0,0,0,0,0,0,0,0,0,0,0,0,0,0,0,0,0,0,0,0,0,0,0,0,0,0,0,0,0,0,3,3,2,2,2,2,2,3,3,3,5,6,8,9,10,10,11,12,12,15,16,17,17,18,18,19,31,32,34,36,37,37,41,41,42,43,44,45,46,46,49,49,53,55,55,57,61,61,62,62,62,63,63,67,68,69,69,69,71,72,72,76,79,82,82,82,92,103,121,128,129,142,147,148,148,148,160,160,172,183,198,199,235,259,273,304,312,315,320,322,345,353,371
84045049,US,USA,840,45049.0,Hampton,South Carolina,US,32.77419582,-81.13845571,"Hampton, South Carolina, US",0,0,0,0,0,0,0,0,0,0,0,0,0,0,0,0,0,0,0,0,0,0,0,0,0,0,0,0,0,0,0,0,0,0,0,0,0,0,0,0,0,0,0,0,0,0,0,0,0,0,0,0,0,0,0,0,0,0,0,0,1,0,0,0,0,0,0,0,0,0,0,1,1,1,2,3,4,4,5,6,6,7,9,11,12,15,18,20,21,21,21,21,21,21,21,21,22,22,23,23,26,26,26,26,26,27,27,27,27,28,28,28,28,29,29,29,29,30,30,30,30,31,31,34,35,35,34,36,36,36,37,38,38,38,38,38,38,41,45,46,45,50,50,50,50,50,50,50,50,53,54,54
84045051,US,USA,840,45051.0,Horry,South Carolina,US,33.9212828,-78.99555293,"Horry, South Carolina, US",0,0,0,0,0,0,0,0,0,0,0,0,0,0,0,0,0,0,0,0,0,0,0,0,0,0,0,0,0,0,0,0,0,0,0,0,0,0,0,0,0,0,0,0,0,0,0,0,0,0,0,0,0,0,3,4,5,6,8,9,11,16,19,20,20,24,28,31,32,37,42,50,51,63,64,76,91,91,106,124,132,134,147,151,150,155,167,176,185,185,185,190,196,198,201,203,209,211,211,215,223,223,226,230,236,238,242,251,256,262,267,269,273,278,283,293,298,299,303,314,333,359,371,377,377,382,392,395,410,417,432,454,472,472,472,536,536,618,676,720,803,849,936,1037,1133,1194,1297,1417,1560,1697,1818,1931
84045053,US,USA,840,45053.0,Jasper,South Carolina,US,32.43171982,-81.02487495,"Jasper, South Carolina, US",0,0,0,0,0,0,0,0,0,0,0,0,0,0,0,0,0,0,0,0,0,0,0,0,0,0,0,0,0,0,0,0,0,0,0,0,0,0,0,0,0,0,0,0,0,0,0,0,0,0,0,0,0,0,0,0,0,0,0,0,1,1,2,2,2,3,3,3,3,3,4,7,8,9,9,11,12,12,12,12,12,12,12,14,14,14,15,16,15,15,15,15,15,17,17,19,19,19,19,19,21,21,21,21,21,21,21,21,23,25,25,25,25,25,25,26,26,27,27,28,28,30,36,38,38,39,39,39,39,41,42,42,43,43,43,45,45,47,48,50,50,52,54,54,54,55,56,57,65,67,72,76
84045055,US,USA,840,45055.0,Kershaw,South Carolina,US,34.33988254,-80.58763164,"Kershaw, South Carolina, US",0,0,0,0,0,0,0,0,0,0,0,0,0,0,0,0,0,0,0,0,0,0,0,0,0,0,0,0,0,0,0,0,0,0,0,0,0,0,0,0,0,0,0,0,0,1,1,1,5,7,4,5,11,11,15,22,25,29,36,43,44,54,58,63,63,70,77,83,99,105,116,129,136,141,148,152,159,159,170,177,178,179,181,187,187,189,190,195,197,201,201,205,208,211,215,218,223,229,234,237,237,243,245,245,247,245,250,250,253,253,257,259,257,257,261,265,265,270,272,275,281,289,299,300,300,305,312,317,324,329,332,338,339,339,339,368,368,379,384,391,397,404,419,430,444,448,461,469,485,502,519,531
84045057,US,USA,840,45057.0,Lancaster,South Carolina,US,34.68270843,-80.70513032,"Lancaster, South Carolina, US",0,0,0,0,0,0,0,0,0,0,0,0,0,0,0,0,0,0,0,0,0,0,0,0,0,0,0,0,0,0,0,0,0,0,0,0,0,0,0,0,0,0,0,0,0,0,0,0,0,1,1,1,2,2,2,2,2,3,3,3,5,7,7,6,6,8,9,13,14,15,17,26,31,39,41,43,46,46,51,61,62,65,66,67,68,71,73,73,79,79,79,80,79,80,85,87,88,90,93,96,99,100,101,99,96,99,101,103,104,110,111,115,110,108,110,109,111,111,108,108,116,120,121,121,121,122,124,126,129,130,135,140,166,166,166,189,189,201,203,214,220,232,230,239,246,248,259,270,277,298,313,322
84045059,US,USA,840,45059.0,Laurens,South Carolina,US,34.48244419,-82.00490796,"Laurens, South Carolina, US",0,0,0,0,0,0,0,0,0,0,0,0,0,0,0,0,0,0,0,0,0,0,0,0,0,0,0,0,0,0,0,0,0,0,0,0,0,0,0,0,0,0,0,0,0,0,0,0,0,0,0,0,0,0,0,0,0,0,0,0,0,0,0,0,0,0,2,3,3,3,4,4,6,6,6,6,6,6,9,11,13,14,14,14,14,18,19,19,20,20,20,21,21,21,22,29,35,38,38,39,40,40,40,41,42,42,44,46,46,47,48,47,47,50,57,57,57,57,57,57,57,57,57,58,58,59,60,63,65,67,67,68,69,69,69,77,77,88,92,97,101,109,120,129,140,163,171,179,189,202,219,237
84045061,US,USA,840,45061.0,Lee,South Carolina,US,34.16393091,-80.25690731,"Lee, South Carolina, US",0,0,0,0,0,0,0,0,0,0,0,0,0,0,0,0,0,0,0,0,0,0,0,0,0,0,0,0,0,0,0,0,0,0,0,0,0,0,0,0,0,0,0,0,0,0,0,0,0,0,0,0,0,0,0,0,1,1,1,1,1,2,2,2,2,2,5,5,5,5,5,8,13,16,17,18,19,19,24,27,27,29,31,33,34,35,40,40,42,42,42,42,45,48,51,51,55,58,58,63,65,68,68,68,69,70,80,92,99,106,115,117,122,123,127,158,164,170,174,175,178,181,187,191,198,207,208,209,212,217,218,218,221,221,221,227,227,229,229,231,233,232,233,233,236,236,238,238,245,246,251,254
84045063,US,USA,840,45063.0,Lexington,South Carolina,US,33.89665987,-81.27146426,"Lexington, South Carolina, US",0,0,0,0,0,0,0,0,0,0,0,0,0,0,0,0,0,0,0,0,0,0,0,0,0,0,0,0,0,0,0,0,0,0,0,0,0,0,0,0,0,0,0,0,0,0,0,0,0,0,0,0,1,1,2,3,4,5,8,12,12,17,19,18,18,25,30,35,41,54,61,70,78,95,117,124,130,130,161,184,202,212,212,208,218,267,267,271,273,274,274,286,294,302,317,329,334,347,358,361,370,414,420,432,440,442,458,465,472,478,484,482,492,503,512,509,516,518,516,519,525,537,548,553,558,572,581,589,597,625,645,657,677,677,677,766,766,836,879,913,941,992,1049,1098,1155,1184,1216,1254,1298,1377,1451,1491
84045065,US,USA,840,45065.0,McCormick,South Carolina,US,33.90161443,-82.30794338,"McCormick, South Carolina, US",0,0,0,0,0,0,0,0,0,0,0,0,0,0,0,0,0,0,0,0,0,0,0,0,0,0,0,0,0,0,0,0,0,0,0,0,0,0,0,0,0,0,0,0,0,0,0,0,0,0,0,0,0,0,0,0,0,0,0,0,0,0,0,0,0,0,0,0,0,0,0,1,1,1,1,2,2,2,3,3,3,3,3,4,4,5,5,6,6,6,6,6,6,6,6,6,6,6,6,6,6,6,6,7,7,7,7,7,7,7,7,7,7,7,7,7,7,7,7,7,7,8,8,8,8,8,8,8,8,8,9,9,9,9,9,10,10,10,11,11,11,11,11,11,11,11,11,11,11,11,11,11
84045067,US,USA,840,45067.0,Marion,South Carolina,US,34.07859748,-79.36400756,"Marion, South Carolina, US",0,0,0,0,0,0,0,0,0,0,0,0,0,0,0,0,0,0,0,0,0,0,0,0,0,0,0,0,0,0,0,0,0,0,0,0,0,0,0,0,0,0,0,0,0,0,0,0,0,0,0,0,0,0,0,0,0,0,0,0,0,0,0,1,1,1,1,1,2,2,2,2,2,2,2,4,5,5,5,5,6,7,7,8,8,8,14,13,15,15,15,22,22,24,29,32,33,32,32,34,36,37,37,40,41,41,43,44,47,48,49,50,48,47,48,51,51,52,53,56,57,60,63,64,65,66,67,67,68,68,69,71,72,72,72,74,74,84,84,83,83,86,88,95,103,105,108,113,118,122,141,146
84045069,US,USA,840,45069.0,Marlboro,South Carolina,US,34.59905577,-79.67561152,"Marlboro, South Carolina, US",0,0,0,0,0,0,0,0,0,0,0,0,0,0,0,0,0,0,0,0,0,0,0,0,0,0,0,0,0,0,0,0,0,0,0,0,0,0,0,0,0,0,0,0,0,0,0,0,0,0,0,0,0,0,0,0,0,0,0,1,1,0,1,1,1,1,1,2,2,2,2,3,3,3,3,6,8,8,10,11,13,14,15,15,15,19,25,25,28,29,29,32,33,35,38,40,41,42,43,45,46,49,50,52,54,54,56,57,57,57,59,59,60,67,71,73,73,75,76,80,88,91,109,111,112,117,132,137,149,161,171,173,183,183,183,198,198,206,211,211,215,221,226,231,236,237,237,241,245,253,261,267
84045071,US,USA,840,45071.0,Newberry,South Carolina,US,34.28629098,-81.59935761,"Newberry, South Carolina, US",0,0,0,0,0,0,0,0,0,0,0,0,0,0,0,0,0,0,0,0,0,0,0,0,0,0,0,0,0,0,0,0,0,0,0,0,0,0,0,0,0,0,0,0,0,0,0,0,0,0,0,0,0,0,0,0,0,0,0,1,1,1,1,1,1,1,2,2,2,2,2,4,5,8,7,7,7,7,11,13,13,13,13,15,16,22,23,23,21,21,20,21,21,22,22,23,23,23,24,26,27,28,30,30,31,31,31,32,31,31,31,32,31,30,30,31,31,33,33,33,36,44,44,46,46,48,49,51,55,60,63,62,63,63,63,71,71,79,82,87,88,90,93,95,99,105,108,110,116,117,125,132
84045073,US,USA,840,45073.0,Oconee,South Carolina,US,34.75225169,-83.06742317,"Oconee, South Carolina, US",0,0,0,0,0,0,0,0,0,0,0,0,0,0,0,0,0,0,0,0,0,0,0,0,0,0,0,0,0,0,0,0,0,0,0,0,0,0,0,0,0,0,0,0,0,0,0,0,0,0,0,0,0,0,0,0,0,0,0,0,0,2,2,2,2,3,3,4,4,5,5,5,5,8,8,8,9,9,12,12,13,14,14,14,14,14,14,16,17,17,17,19,20,20,20,22,24,24,24,24,24,25,26,27,29,31,32,36,37,37,37,39,39,41,42,41,41,41,41,41,41,42,43,47,47,47,48,49,50,50,50,54,55,55,55,55,55,58,61,61,65,70,73,76,81,87,94,95,100,105,110,136
84045075,US,USA,840,45075.0,Orangeburg,South Carolina,US,33.4391073,-80.79886287,"Orangeburg, South Carolina, US",0,0,0,0,0,0,0,0,0,0,0,0,0,0,0,0,0,0,0,0,0,0,0,0,0,0,0,0,0,0,0,0,0,0,0,0,0,0,0,0,0,0,0,0,0,0,0,0,0,0,0,0,0,0,0,0,0,0,2,3,3,8,8,9,9,12,14,16,21,22,24,24,25,26,27,28,30,30,35,37,37,37,37,38,38,40,41,41,43,44,44,51,52,53,56,61,60,63,68,72,77,81,87,92,94,95,95,99,99,101,101,104,106,108,108,112,112,113,115,117,119,122,135,139,143,152,160,161,168,179,189,201,210,210,210,242,242,255,273,283,287,301,309,330,359,394,415,417,430,457,471,506
84045077,US,USA,840,45077.0,Pickens,South Carolina,US,34.88807695,-82.72791551,"Pickens, South Carolina, US",0,0,0,0,0,0,0,0,0,0,0,0,0,0,0,0,0,0,0,0,0,0,0,0,0,0,0,0,0,0,0,0,0,0,0,0,0,0,0,0,0,0,0,0,0,0,0,0,0,0,0,0,0,0,0,0,0,0,1,1,1,1,1,6,6,7,10,11,13,14,14,15,17,17,18,20,21,21,22,27,28,28,28,34,34,37,36,38,39,39,38,41,44,44,44,49,53,54,54,54,57,58,58,59,61,61,62,63,68,73,73,77,85,87,89,91,93,93,94,97,104,110,114,120,124,127,128,129,138,140,158,164,174,174,174,186,186,197,207,212,226,242,262,281,296,303,326,348,367,429,464,499
84045079,US,USA,840,45079.0,Richland,South Carolina,US,34.01791263,-80.90267209,"Richland, South Carolina, US",0,0,0,0,0,0,0,0,0,0,0,0,0,0,0,0,0,0,0,0,0,0,0,0,0,0,0,0,0,0,0,0,0,0,0,0,0,0,0,0,0,0,0,0,0,0,0,0,0,0,0,0,0,0,0,1,4,8,22,27,29,43,45,59,59,65,81,95,135,148,176,200,224,242,298,311,340,340,417,452,479,494,494,535,548,579,612,626,652,657,657,725,736,766,787,837,840,864,884,899,913,946,964,977,990,1014,1043,1057,1082,1100,1119,1145,1167,1180,1196,1222,1238,1250,1267,1287,1302,1333,1349,1361,1366,1386,1405,1432,1461,1485,1518,1530,1542,1542,1542,1666,1666,1748,1794,1873,1938,2006,2076,2140,2215,2257,2316,2368,2446,2531,2629,2663
84045081,US,USA,840,45081.0,Saluda,South Carolina,US,34.00795823,-81.72713237,"Saluda, South Carolina, US",0,0,0,0,0,0,0,0,0,0,0,0,0,0,0,0,0,0,0,0,0,0,0,0,0,0,0,0,0,0,0,0,0,0,0,0,0,0,0,0,0,0,0,0,0,0,0,0,0,0,0,0,0,0,0,0,0,1,1,1,1,1,1,1,1,1,1,1,1,1,1,2,2,4,4,4,5,5,7,7,7,6,6,7,8,9,9,10,12,12,12,18,19,23,28,35,40,41,41,47,52,64,67,68,70,73,82,84,86,87,90,91,92,94,98,115,122,123,123,127,132,132,134,136,136,137,137,139,142,144,145,148,148,148,148,151,151,152,154,154,154,156,158,158,164,166,170,171,174,179,180,183
84045083,US,USA,840,45083.0,Spartanburg,South Carolina,US,34.92960077,-81.99225984,"Spartanburg, South Carolina, US",0,0,0,0,0,0,0,0,0,0,0,0,0,0,0,0,0,0,0,0,0,0,0,0,0,0,0,0,0,0,0,0,0,0,0,0,0,0,0,0,0,0,0,0,0,0,0,1,1,1,1,1,1,1,1,1,1,1,1,2,2,3,4,9,9,16,21,25,30,37,45,50,60,72,75,88,120,120,139,150,170,174,174,190,191,199,204,211,213,219,219,227,237,238,243,249,255,258,262,287,295,302,308,315,317,318,325,333,336,343,346,351,354,358,376,383,399,407,411,415,421,439,450,471,476,512,529,534,555,556,617,637,645,645,645,701,701,782,813,825,835,843,887,938,959,992,1026,1046,1088,1146,1183,1200
84045085,US,USA,840,45085.0,Sumter,South Carolina,US,33.91826534,-80.37942316,"Sumter, South Carolina, US",0,0,0,0,0,0,0,0,0,0,0,0,0,0,0,0,0,0,0,0,0,0,0,0,0,0,0,0,0,0,0,0,0,0,0,0,0,0,0,0,0,0,0,0,0,0,0,0,0,0,0,0,0,0,0,0,0,0,1,3,3,4,8,10,10,10,24,30,34,39,48,66,75,79,80,90,105,105,126,142,146,148,148,156,161,168,176,181,181,185,185,206,207,209,213,214,215,220,223,228,230,248,251,264,270,271,277,281,286,287,290,294,296,301,313,313,321,322,323,324,331,339,344,346,347,347,357,359,365,378,384,387,396,396,396,426,426,462,472,494,509,556,580,594,626,633,648,655,690,736,776,791
84045087,US,USA,840,45087.0,Union,South Carolina,US,34.68835752,-81.61730349,"Union, South Carolina, US",0,0,0,0,0,0,0,0,0,0,0,0,0,0,0,0,0,0,0,0,0,0,0,0,0,0,0,0,0,0,0,0,0,0,0,0,0,0,0,0,0,0,0,0,0,0,0,0,0,0,0,0,0,0,0,0,0,0,0,0,0,0,0,1,1,1,1,1,3,3,3,5,6,9,11,12,15,15,19,20,22,22,22,23,23,23,23,23,24,24,24,24,24,25,25,25,25,25,25,26,26,26,26,26,26,26,27,29,30,30,31,31,31,31,31,31,31,31,31,31,31,31,31,31,31,34,35,35,36,36,37,37,40,40,40,40,40,41,41,41,41,42,43,45,46,47,49,50,53,54,54,58
84045089,US,USA,840,45089.0,Williamsburg,South Carolina,US,33.62190129,-79.72767442,"Williamsburg, South Carolina, US",0,0,0,0,0,0,0,0,0,0,0,0,0,0,0,0,0,0,0,0,0,0,0,0,0,0,0,0,0,0,0,0,0,0,0,0,0,0,0,0,0,0,0,0,0,0,0,0,0,0,0,0,0,0,0,0,0,0,0,0,0,0,0,1,1,1,2,2,2,2,3,6,6,9,10,11,12,12,14,15,15,15,15,16,18,18,19,20,21,26,26,27,33,38,45,56,59,60,65,67,76,88,90,91,94,100,119,136,136,137,142,147,150,158,165,178,178,178,181,183,189,198,207,212,216,221,226,227,229,233,236,238,245,245,245,254,254,256,260,261,262,270,274,282,286,289,296,302,309,322,329,333
84045091,US,USA,840,45091.0,York,South Carolina,US,34.97281497,-81.18085944,"York, South Carolina, US",0,0,0,0,0,0,0,0,0,0,0,0,0,0,0,0,0,0,0,0,0,0,0,0,0,0,0,0,0,0,0,0,0,0,0,0,0,0,0,0,0,0,0,0,0,0,0,0,0,0,0,0,0,0,0,1,1,1,1,2,4,7,11,18,18,19,31,36,43,56,66,66,73,81,85,95,108,108,120,125,127,134,134,138,138,149,151,156,156,159,159,166,171,172,177,181,186,188,197,210,215,219,221,222,219,222,225,233,237,238,242,258,265,272,280,290,293,304,308,317,324,329,339,340,346,352,363,371,385,398,407,417,421,421,421,446,446,465,486,510,536,557,580,613,635,651,685,699,728,740,782,813
84046003,US,USA,840,46003.0,Aurora,South Dakota,US,43.71757685,-98.56050467,"Aurora, South Dakota, US",0,0,0,0,0,0,0,0,0,0,0,0,0,0,0,0,0,0,0,0,0,0,0,0,0,0,0,0,0,0,0,0,0,0,0,0,0,0,0,0,0,0,0,0,0,0,0,0,0,0,0,0,0,0,0,0,0,0,0,0,0,0,0,0,0,1,1,1,1,1,1,1,1,1,1,1,1,1,1,1,1,1,1,1,1,1,1,1,1,1,1,1,1,1,1,1,1,1,1,1,1,1,1,1,1,1,1,1,1,2,2,2,2,2,2,2,3,3,3,8,8,20,22,22,22,22,22,23,23,25,26,26,26,27,27,27,29,29,29,29,29,29,30,33,33,33,33,33,33,34,34,34
84046005,US,USA,840,46005.0,Beadle,South Dakota,US,44.41464384,-98.27858469,"Beadle, South Dakota, US",0,0,0,0,0,0,0,0,0,0,0,0,0,0,0,0,0,0,0,0,0,0,0,0,0,0,0,0,0,0,0,0,0,0,0,0,0,0,0,0,0,0,0,0,0,0,0,0,0,1,1,1,1,1,1,1,1,4,4,4,10,12,13,13,14,16,16,20,20,20,21,21,21,21,21,21,21,21,21,22,21,21,21,21,21,21,21,21,21,21,21,21,21,21,21,21,21,21,21,21,21,21,21,21,21,21,21,21,21,21,21,22,22,22,22,30,31,37,43,68,68,98,118,131,132,150,163,190,222,252,261,275,276,308,341,343,361,382,385,386,398,411,418,434,446,448,452,467,472,476,481,494
84046007,US,USA,840,46007.0,Bennett,South Dakota,US,43.19486375,-101.6665572,"Bennett, South Dakota, US",0,0,0,0,0,0,0,0,0,0,0,0,0,0,0,0,0,0,0,0,0,0,0,0,0,0,0,0,0,0,0,0,0,0,0,0,0,0,0,0,0,0,0,0,0,0,0,0,0,0,0,0,0,0,0,0,0,0,0,0,0,0,0,0,0,0,0,0,0,0,0,0,0,0,0,0,0,0,0,0,0,0,0,0,0,0,0,0,0,0,0,0,0,0,0,0,0,0,0,0,0,0,0,0,0,0,0,0,0,0,0,0,0,0,0,0,0,0,0,0,0,0,0,0,0,0,0,0,0,0,0,0,0,0,0,0,0,0,0,0,0,0,0,0,0,1,1,2,2,2,2,2
84046009,US,USA,840,46009.0,Bon Homme,South Dakota,US,42.98914167,-97.88592746,"Bon Homme, South Dakota, US",0,0,0,0,0,0,0,0,0,0,0,0,0,0,0,0,0,0,0,0,0,0,0,0,0,0,0,0,0,0,0,0,0,0,0,0,0,0,0,0,0,0,0,0,0,0,0,0,0,1,1,1,1,1,1,1,1,1,1,1,1,1,1,1,1,1,1,1,1,1,1,1,1,1,1,2,2,3,3,3,3,4,4,4,4,4,4,4,4,4,4,4,4,4,4,4,4,4,4,4,4,4,4,4,4,4,4,4,4,4,4,4,4,4,4,4,4,5,4,4,4,5,6,8,8,8,8,8,8,8,8,8,8,8,8,8,8,8,8,8,8,8,8,8,9,9,9,11,11,11,11,11
84046011,US,USA,840,46011.0,Brookings,South Dakota,US,44.36974375,-96.79079945,"Brookings, South Dakota, US",0,0,0,0,0,0,0,0,0,0,0,0,0,0,0,0,0,0,0,0,0,0,0,0,0,0,0,0,0,0,0,0,0,0,0,0,0,0,0,0,0,0,0,0,0,0,0,0,0,0,0,0,0,0,0,0,0,0,0,0,0,0,1,1,1,1,1,1,1,1,2,2,2,3,3,4,6,6,6,7,6,8,9,9,9,9,9,9,9,9,9,9,9,9,11,11,12,12,12,13,13,13,13,13,13,14,14,14,14,14,14,14,14,14,14,14,14,14,14,14,14,14,15,15,15,15,15,15,16,16,16,16,17,20,20,20,22,23,23,24,26,26,26,26,34,36,38,39,46,47,48,51
84046013,US,USA,840,46013.0,Brown,South Dakota,US,45.58994323,-98.35165355,"Brown, South Dakota, US",0,0,0,0,0,0,0,0,0,0,0,0,0,0,0,0,0,0,0,0,0,0,0,0,0,0,0,0,0,0,0,0,0,0,0,0,0,0,0,0,0,0,0,0,0,0,0,0,0,0,0,0,0,0,0,0,0,0,0,0,1,1,1,2,2,2,2,2,3,3,4,6,7,9,9,13,13,13,14,14,14,14,14,14,15,15,17,18,20,20,20,27,28,28,30,30,30,30,32,39,42,51,59,65,71,76,93,107,110,120,127,132,143,154,173,194,196,200,205,211,211,235,244,249,249,259,261,266,269,271,273,275,281,286,290,291,295,298,299,303,305,305,307,310,311,313,313,315,319,321,323,324
84046015,US,USA,840,46015.0,Brule,South Dakota,US,43.71756379,-99.08118954,"Brule, South Dakota, US",0,0,0,0,0,0,0,0,0,0,0,0,0,0,0,0,0,0,0,0,0,0,0,0,0,0,0,0,0,0,0,0,0,0,0,0,0,0,0,0,0,0,0,0,0,0,0,0,0,0,0,0,0,0,0,0,0,0,0,0,0,0,0,0,0,0,0,0,0,0,0,0,0,0,0,0,0,0,0,0,0,1,1,1,0,0,0,0,0,0,0,0,0,0,0,0,0,0,0,0,0,0,0,0,0,0,0,0,0,0,0,0,0,0,0,0,0,0,0,0,0,0,0,0,0,0,0,0,0,0,0,0,0,2,2,2,2,2,2,2,2,3,7,9,10,10,10,12,13,15,15,15
84046017,US,USA,840,46017.0,Buffalo,South Dakota,US,44.07657829,-99.20814467,"Buffalo, South Dakota, US",0,0,0,0,0,0,0,0,0,0,0,0,0,0,0,0,0,0,0,0,0,0,0,0,0,0,0,0,0,0,0,0,0,0,0,0,0,0,0,0,0,0,0,0,0,0,0,0,0,0,0,0,0,0,0,0,0,0,0,0,0,0,0,0,0,0,0,0,0,0,0,0,0,0,0,0,0,0,0,0,0,0,0,0,0,0,0,0,0,0,0,0,0,0,0,0,0,1,1,1,1,1,1,1,1,1,1,1,1,1,1,1,1,1,1,1,1,1,3,5,5,7,9,9,9,9,9,10,12,17,17,18,21,22,21,22,24,25,25,29,30,31,39,47,52,53,54,55,58,58,66,66
84046019,US,USA,840,46019.0,Butte,South Dakota,US,44.90608745,-103.5079318,"Butte, South Dakota, US",0,0,0,0,0,0,0,0,0,0,0,0,0,0,0,0,0,0,0,0,0,0,0,0,0,0,0,0,0,0,0,0,0,0,0,0,0,0,0,0,0,0,0,0,0,0,0,0,0,0,0,0,0,0,0,0,0,0,0,0,0,0,0,0,0,0,0,0,1,0,0,0,0,0,0,0,0,0,0,0,0,0,0,0,0,0,0,0,0,0,0,0,0,0,0,0,0,0,0,0,0,0,0,0,0,0,0,0,0,0,0,0,0,0,0,0,0,0,0,0,0,0,0,0,0,0,0,0,0,0,0,0,0,0,0,0,0,0,0,0,0,0,0,0,0,0,0,0,0,0,0,0
84046021,US,USA,840,46021.0,Campbell,South Dakota,US,45.77074915,-100.0510181,"Campbell, South Dakota, US",0,0,0,0,0,0,0,0,0,0,0,0,0,0,0,0,0,0,0,0,0,0,0,0,0,0,0,0,0,0,0,0,0,0,0,0,0,0,0,0,0,0,0,0,0,0,0,0,0,0,0,0,0,0,0,0,0,0,0,0,0,0,0,0,0,0,0,0,0,0,0,0,0,0,0,0,0,0,0,0,0,0,0,0,0,0,0,0,0,0,0,0,0,0,0,0,0,0,0,0,0,0,0,0,0,0,0,0,0,0,0,0,0,0,0,0,0,0,0,0,0,0,0,0,0,0,0,0,0,0,0,0,0,0,0,0,0,0,0,0,0,0,0,0,0,0,0,0,0,0,0,0
84046023,US,USA,840,46023.0,Charles Mix,South Dakota,US,43.20660134,-98.58856175,"Charles Mix, South Dakota, US",0,0,0,0,0,0,0,0,0,0,0,0,0,0,0,0,0,0,0,0,0,0,0,0,0,0,0,0,0,0,0,0,0,0,0,0,0,0,0,0,0,0,0,0,0,0,0,0,0,1,1,1,1,1,1,1,1,1,1,1,1,1,1,1,1,1,1,1,1,1,1,1,1,2,2,2,2,2,2,3,3,4,4,4,4,4,4,4,4,4,4,4,4,4,4,4,4,4,5,5,5,5,5,5,5,5,5,5,5,5,5,5,6,7,8,8,9,9,10,10,10,11,12,13,13,13,14,16,16,17,17,17,18,18,18,18,20,20,20,20,20,21,21,30,32,32,32,37,41,45,47,48
84046025,US,USA,840,46025.0,Clark,South Dakota,US,44.85834507,-97.72925109,"Clark, South Dakota, US",0,0,0,0,0,0,0,0,0,0,0,0,0,0,0,0,0,0,0,0,0,0,0,0,0,0,0,0,0,0,0,0,0,0,0,0,0,0,0,0,0,0,0,0,0,0,0,0,0,0,0,0,0,0,0,0,0,0,0,0,0,0,0,0,0,0,0,1,1,1,1,1,1,1,1,1,1,1,1,1,1,1,1,1,1,1,1,1,1,1,1,1,1,1,1,1,1,1,1,1,1,1,1,1,1,1,1,2,2,2,2,3,3,4,4,4,4,4,4,4,4,4,4,4,4,4,4,4,4,4,4,4,4,4,4,4,4,4,4,5,6,6,7,9,9,11,11,11,11,11,11,11
84046027,US,USA,840,46027.0,Clay,South Dakota,US,42.91296147,-96.97656917,"Clay, South Dakota, US",0,0,0,0,0,0,0,0,0,0,0,0,0,0,0,0,0,0,0,0,0,0,0,0,0,0,0,0,0,0,0,0,0,0,0,0,0,0,0,0,0,0,0,0,0,0,0,0,0,0,0,0,0,0,0,0,0,0,0,0,0,0,0,0,0,0,0,2,3,3,3,3,3,3,3,3,6,6,6,6,6,6,5,5,5,5,5,5,5,5,5,5,5,5,5,5,5,5,6,6,6,6,7,7,7,7,7,9,9,9,9,10,11,11,12,14,15,15,15,15,15,15,15,15,15,15,15,15,15,15,15,15,15,15,18,19,27,32,35,39,43,50,56,65,65,66,67,69,70,70,73,73
84046029,US,USA,840,46029.0,Codington,South Dakota,US,44.97788119,-97.18827677,"Codington, South Dakota, US",0,0,0,0,0,0,0,0,0,0,0,0,0,0,0,0,0,0,0,0,0,0,0,0,0,0,0,0,0,0,0,0,0,0,0,0,0,0,0,0,0,0,0,0,0,0,0,0,0,0,0,0,0,0,0,0,0,0,0,0,0,1,1,1,1,1,2,4,5,5,5,6,8,9,10,11,12,12,12,12,12,12,12,13,13,13,13,13,13,13,13,13,13,14,14,14,14,14,14,14,14,14,14,15,15,15,15,15,15,15,15,15,16,16,16,16,17,17,17,17,17,25,29,32,32,33,34,35,35,36,37,37,37,38,39,39,41,41,43,43,44,44,44,45,46,46,46,47,47,47,49,49
84046031,US,USA,840,46031.0,Corson,South Dakota,US,45.70889983,-101.1970473,"Corson, South Dakota, US",0,0,0,0,0,0,0,0,0,0,0,0,0,0,0,0,0,0,0,0,0,0,0,0,0,0,0,0,0,0,0,0,0,0,0,0,0,0,0,0,0,0,0,0,0,0,0,0,0,0,0,0,0,0,0,0,0,0,0,0,0,0,0,0,0,0,0,0,0,0,0,0,0,0,0,0,0,0,1,1,1,1,1,1,1,1,1,1,1,1,1,1,1,1,1,1,1,1,1,1,1,1,1,1,1,1,1,1,1,1,1,2,2,2,3,3,3,4,4,4,4,4,4,4,4,4,4,4,4,4,4,4,4,4,4,4,4,4,4,4,6,8,9,10,11,11,11,12,12,13,15,15
84046033,US,USA,840,46033.0,Custer,South Dakota,US,43.67741105,-103.45345209999999,"Custer, South Dakota, US",0,0,0,0,0,0,0,0,0,0,0,0,0,0,0,0,0,0,0,0,0,0,0,0,0,0,0,0,0,0,0,0,0,0,0,0,0,0,0,0,0,0,0,0,0,0,0,0,0,0,0,0,0,0,0,0,0,0,0,0,0,0,0,0,0,0,0,0,0,0,0,0,0,0,0,0,0,0,0,0,0,0,0,0,0,0,0,0,0,0,0,0,0,0,0,0,0,0,0,0,0,0,0,0,0,0,0,0,0,0,0,0,0,0,0,0,0,0,0,0,0,0,0,0,0,0,0,0,0,0,0,0,0,0,1,1,1,1,1,1,1,1,2,2,2,2,2,2,2,3,6,7
84046035,US,USA,840,46035.0,Davison,South Dakota,US,43.67490933,-98.14458906,"Davison, South Dakota, US",0,0,0,0,0,0,0,0,0,0,0,0,0,0,0,0,0,0,0,0,0,0,0,0,0,0,0,0,0,0,0,0,0,0,0,0,0,0,0,0,0,0,0,0,0,0,0,0,0,1,0,0,0,0,1,1,1,1,1,1,1,2,2,2,2,2,2,2,2,2,2,3,3,3,3,3,3,3,3,3,3,3,3,3,3,3,3,3,3,3,4,5,5,5,5,5,5,5,5,5,5,6,6,6,7,7,7,7,7,7,7,8,8,9,9,9,9,9,9,9,9,9,9,9,9,10,11,13,14,15,16,16,16,20,20,24,27,27,30,30,30,30,31,32,32,33,33,33,33,33,34,35
84046037,US,USA,840,46037.0,Day,South Dakota,US,45.367281,-97.60737498,"Day, South Dakota, US",0,0,0,0,0,0,0,0,0,0,0,0,0,0,0,0,0,0,0,0,0,0,0,0,0,0,0,0,0,0,0,0,0,0,0,0,0,0,0,0,0,0,0,0,0,0,0,0,0,0,0,0,0,0,0,0,0,0,0,0,0,0,0,0,0,0,0,0,0,0,0,0,0,0,0,0,0,0,0,0,0,0,0,0,0,0,0,1,0,0,0,0,0,0,0,0,0,0,1,1,4,8,8,8,8,10,10,10,10,10,10,10,10,10,10,10,11,11,11,11,11,11,12,12,12,12,13,13,13,13,13,13,13,13,14,14,13,13,13,13,13,13,13,13,13,13,13,13,13,13,13,13
84046039,US,USA,840,46039.0,Deuel,South Dakota,US,44.75994309,-96.66943645,"Deuel, South Dakota, US",0,0,0,0,0,0,0,0,0,0,0,0,0,0,0,0,0,0,0,0,0,0,0,0,0,0,0,0,0,0,0,0,0,0,0,0,0,0,0,0,0,0,0,0,0,0,0,0,0,0,0,0,0,0,0,0,0,0,0,0,0,0,0,0,0,0,1,1,1,1,1,1,1,1,1,1,1,1,1,1,1,1,1,1,1,1,1,1,1,1,1,1,1,1,1,1,1,1,1,1,1,1,1,1,1,1,1,1,1,1,1,1,1,1,1,1,1,1,1,1,1,1,1,1,1,1,1,1,1,1,1,1,1,1,1,1,1,1,1,1,1,1,1,1,1,1,1,1,1,1,1,1
84046041,US,USA,840,46041.0,Dewey,South Dakota,US,45.15639647,-100.8709139,"Dewey, South Dakota, US",0,0,0,0,0,0,0,0,0,0,0,0,0,0,0,0,0,0,0,0,0,0,0,0,0,0,0,0,0,0,0,0,0,0,0,0,0,0,0,0,0,0,0,0,0,0,0,0,0,0,0,0,0,0,0,0,0,0,0,0,0,0,0,0,0,0,0,0,0,0,0,0,0,0,0,0,0,0,0,0,0,0,0,0,0,0,0,0,0,0,0,0,0,0,0,0,0,0,0,0,1,1,1,1,1,1,1,1,0,0,0,0,0,0,0,0,0,0,0,0,0,0,0,0,0,0,0,0,0,0,0,0,1,1,0,0,1,1,1,1,1,2,2,2,2,2,4,4,4,4,4,4
84046043,US,USA,840,46043.0,Douglas,South Dakota,US,43.38520741,-98.36978007,"Douglas, South Dakota, US",0,0,0,0,0,0,0,0,0,0,0,0,0,0,0,0,0,0,0,0,0,0,0,0,0,0,0,0,0,0,0,0,0,0,0,0,0,0,0,0,0,0,0,0,0,0,0,0,0,0,0,0,0,0,0,0,0,0,0,0,0,0,0,0,0,0,0,0,0,0,0,0,0,0,0,0,0,0,0,0,0,0,0,0,0,0,0,0,0,0,0,0,0,0,0,0,0,1,1,1,1,1,1,1,1,1,1,1,1,1,1,1,1,1,1,1,1,1,1,1,1,1,1,2,3,3,3,3,3,3,3,3,3,3,3,3,3,4,4,4,4,4,4,4,4,4,4,4,4,4,4,4
84046045,US,USA,840,46045.0,Edmunds,South Dakota,US,45.41846445,-99.21545423,"Edmunds, South Dakota, US",0,0,0,0,0,0,0,0,0,0,0,0,0,0,0,0,0,0,0,0,0,0,0,0,0,0,0,0,0,0,0,0,0,0,0,0,0,0,0,0,0,0,0,0,0,0,0,0,0,0,0,0,0,0,0,0,0,0,0,0,0,0,0,0,0,0,0,0,0,0,0,0,0,0,0,0,0,0,0,0,0,0,0,0,0,0,0,0,0,0,0,0,0,0,0,0,0,0,0,0,0,0,0,0,0,0,0,0,0,0,0,0,0,0,0,0,0,0,0,0,0,0,0,0,0,0,0,0,1,1,1,1,1,3,3,3,3,3,4,4,4,4,4,4,4,4,4,4,4,4,4,5
84046047,US,USA,840,46047.0,Fall River,South Dakota,US,43.23929297,-103.5275691,"Fall River, South Dakota, US",0,0,0,0,0,0,0,0,0,0,0,0,0,0,0,0,0,0,0,0,0,0,0,0,0,0,0,0,0,0,0,0,0,0,0,0,0,0,0,0,0,0,0,0,0,0,0,0,0,0,0,0,0,0,0,0,0,0,0,0,0,0,0,0,0,0,0,1,1,1,1,1,1,1,1,1,1,1,1,1,1,1,1,1,1,1,1,1,1,1,1,1,1,1,1,1,1,1,1,1,1,1,2,2,2,2,2,2,2,2,2,2,2,2,2,2,2,2,3,4,4,4,4,4,4,4,4,4,4,4,4,4,5,6,6,6,6,6,6,6,6,6,6,6,6,6,6,6,6,6,6,6
84046049,US,USA,840,46049.0,Faulk,South Dakota,US,45.07082625,-99.14535601,"Faulk, South Dakota, US",0,0,0,0,0,0,0,0,0,0,0,0,0,0,0,0,0,0,0,0,0,0,0,0,0,0,0,0,0,0,0,0,0,0,0,0,0,0,0,0,0,0,0,0,0,0,0,0,0,0,0,0,0,0,0,0,0,0,0,0,0,0,0,0,0,1,1,1,1,1,1,1,1,1,1,1,1,1,1,1,1,1,1,1,1,1,1,1,1,1,1,1,1,1,1,1,1,1,1,1,1,1,1,1,1,1,1,1,1,1,1,1,1,1,1,1,1,1,1,1,1,1,1,1,1,1,1,1,1,1,1,1,1,1,1,1,1,2,2,6,15,15,19,19,20,20,20,20,21,21,21,22
84046051,US,USA,840,46051.0,Grant,South Dakota,US,45.1723937,-96.77002276,"Grant, South Dakota, US",0,0,0,0,0,0,0,0,0,0,0,0,0,0,0,0,0,0,0,0,0,0,0,0,0,0,0,0,0,0,0,0,0,0,0,0,0,0,0,0,0,0,0,0,0,0,0,0,0,0,0,0,0,0,0,0,0,0,0,0,0,0,0,0,0,0,0,0,0,0,0,0,0,0,0,0,0,0,0,0,0,0,0,0,0,0,0,0,0,0,0,0,0,0,0,0,0,0,0,0,0,0,0,0,0,2,2,2,2,3,3,3,4,5,7,9,9,9,9,9,9,10,10,10,10,10,11,11,13,13,13,13,13,13,13,13,13,13,13,13,13,13,13,13,13,13,13,13,13,13,13,13
84046053,US,USA,840,46053.0,Gregory,South Dakota,US,43.19419064,-99.18883902,"Gregory, South Dakota, US",0,0,0,0,0,0,0,0,0,0,0,0,0,0,0,0,0,0,0,0,0,0,0,0,0,0,0,0,0,0,0,0,0,0,0,0,0,0,0,0,0,0,0,0,0,0,0,0,0,0,0,0,0,0,0,0,0,0,0,0,0,0,0,0,0,0,0,0,0,0,0,0,0,0,0,0,0,0,0,0,0,0,0,0,0,0,0,0,0,0,0,0,0,0,0,0,0,0,0,0,0,0,0,0,0,0,0,0,0,0,0,0,0,0,0,0,0,0,0,0,0,0,0,0,0,0,0,0,0,0,1,1,1,1,1,1,1,1,1,1,1,1,1,1,1,1,1,1,1,1,1,1
84046055,US,USA,840,46055.0,Haakon,South Dakota,US,44.29299053,-101.539099,"Haakon, South Dakota, US",0,0,0,0,0,0,0,0,0,0,0,0,0,0,0,0,0,0,0,0,0,0,0,0,0,0,0,0,0,0,0,0,0,0,0,0,0,0,0,0,0,0,0,0,0,0,0,0,0,0,0,0,0,0,0,0,0,0,0,0,0,0,0,0,0,0,0,0,0,0,0,0,0,0,0,0,0,0,0,0,0,0,0,0,0,0,0,0,0,0,0,0,0,0,0,0,0,0,0,0,0,0,0,0,0,0,0,0,0,0,0,0,0,0,0,0,0,0,0,0,0,0,0,0,0,0,0,0,0,0,0,0,0,0,0,0,0,0,0,0,0,0,0,0,0,0,0,0,0,0,0,0
84046057,US,USA,840,46057.0,Hamlin,South Dakota,US,44.67385954,-97.18829593,"Hamlin, South Dakota, US",0,0,0,0,0,0,0,0,0,0,0,0,0,0,0,0,0,0,0,0,0,0,0,0,0,0,0,0,0,0,0,0,0,0,0,0,0,0,0,0,0,0,0,0,0,0,0,0,0,0,0,0,0,0,0,0,0,0,0,0,0,0,0,0,0,0,1,1,1,1,1,1,1,1,1,1,1,1,1,1,1,1,1,1,1,2,2,2,2,2,2,2,2,2,2,2,2,2,2,2,2,2,2,2,2,2,2,2,2,2,2,2,2,2,2,2,3,3,3,3,3,3,3,4,4,4,4,4,4,4,4,4,4,4,5,5,5,6,7,8,9,9,9,10,11,11,11,11,10,10,10,10
84046059,US,USA,840,46059.0,Hand,South Dakota,US,44.54708407,-99.00386459,"Hand, South Dakota, US",0,0,0,0,0,0,0,0,0,0,0,0,0,0,0,0,0,0,0,0,0,0,0,0,0,0,0,0,0,0,0,0,0,0,0,0,0,0,0,0,0,0,0,0,0,0,0,0,0,0,0,0,0,0,0,0,0,0,0,0,0,0,0,0,0,0,0,0,0,0,0,0,0,0,0,0,0,0,0,0,0,0,0,0,0,0,0,0,0,0,0,0,0,0,0,1,1,1,1,1,1,1,1,1,1,1,1,1,1,1,1,1,1,1,1,1,1,1,1,1,1,1,1,1,1,1,1,2,2,2,2,2,2,3,3,4,5,5,5,5,5,5,6,6,6,6,6,6,6,6,7,7
84046061,US,USA,840,46061.0,Hanson,South Dakota,US,43.6746384,-97.78715148,"Hanson, South Dakota, US",0,0,0,0,0,0,0,0,0,0,0,0,0,0,0,0,0,0,0,0,0,0,0,0,0,0,0,0,0,0,0,0,0,0,0,0,0,0,0,0,0,0,0,0,0,0,0,0,0,0,0,0,0,0,0,0,0,0,0,0,0,0,0,0,0,0,0,0,0,0,0,0,0,0,0,0,0,0,0,0,0,0,0,0,0,0,0,0,0,0,0,0,0,0,0,0,0,0,0,0,0,0,0,0,0,0,0,0,0,0,0,0,0,0,0,0,0,0,0,0,0,0,0,0,0,0,0,0,0,0,0,0,0,1,1,2,2,2,3,3,3,3,3,3,3,3,3,3,3,3,3,4
84046063,US,USA,840,46063.0,Harding,South Dakota,US,45.58015551,-103.4958629,"Harding, South Dakota, US",0,0,0,0,0,0,0,0,0,0,0,0,0,0,0,0,0,0,0,0,0,0,0,0,0,0,0,0,0,0,0,0,0,0,0,0,0,0,0,0,0,0,0,0,0,0,0,0,0,0,0,0,0,0,0,0,0,0,0,0,0,0,0,0,0,0,0,0,0,0,0,0,0,0,0,0,0,0,0,0,0,0,0,0,0,0,0,0,0,0,0,0,0,0,0,0,0,0,0,0,0,0,0,0,0,0,0,0,0,0,0,0,0,0,0,0,0,0,0,0,0,0,0,0,0,0,0,0,0,0,0,0,0,0,0,0,0,0,0,0,0,0,0,0,0,0,0,0,0,0,0,0
84046065,US,USA,840,46065.0,Hughes,South Dakota,US,44.39091534,-99.99661148,"Hughes, South Dakota, US",0,0,0,0,0,0,0,0,0,0,0,0,0,0,0,0,0,0,0,0,0,0,0,0,0,0,0,0,0,0,0,0,0,0,0,0,0,0,0,0,0,0,0,0,0,0,0,0,0,0,0,0,0,0,0,0,0,0,0,0,0,1,1,1,1,1,1,1,1,1,2,3,3,3,3,3,3,3,4,4,4,5,5,5,5,5,5,5,5,5,5,6,7,7,7,7,7,7,7,8,9,13,13,13,13,13,14,15,15,15,15,15,15,15,16,16,16,16,17,17,17,17,17,19,19,19,19,19,19,19,19,19,19,19,19,19,19,20,20,21,21,21,21,21,22,22,23,25,27,29,31,32
84046067,US,USA,840,46067.0,Hutchinson,South Dakota,US,43.33449012,-97.75536441,"Hutchinson, South Dakota, US",0,0,0,0,0,0,0,0,0,0,0,0,0,0,0,0,0,0,0,0,0,0,0,0,0,0,0,0,0,0,0,0,0,0,0,0,0,0,0,0,0,0,0,0,0,0,0,0,0,0,0,0,0,0,0,0,0,0,0,0,0,0,0,0,0,0,2,2,2,2,2,2,2,2,2,2,2,2,2,2,2,2,2,2,2,2,2,2,2,2,2,2,2,2,2,3,3,3,3,3,3,3,3,3,3,3,3,3,3,3,3,3,3,3,3,3,3,3,3,3,3,3,3,3,3,4,4,4,4,5,5,5,6,6,6,6,6,6,6,6,8,8,8,8,8,9,9,9,10,10,10,10
84046069,US,USA,840,46069.0,Hyde,South Dakota,US,44.54747703,-99.48572582,"Hyde, South Dakota, US",0,0,0,0,0,0,0,0,0,0,0,0,0,0,0,0,0,0,0,0,0,0,0,0,0,0,0,0,0,0,0,0,0,0,0,0,0,0,0,0,0,0,0,0,0,0,0,0,0,0,0,0,0,0,0,0,0,0,0,0,0,0,0,0,0,0,0,0,0,0,0,0,0,0,0,0,0,0,0,0,0,0,1,1,1,1,1,1,1,1,1,1,1,1,1,1,1,1,1,1,1,1,1,1,1,1,1,1,1,1,1,1,1,1,1,1,1,1,1,1,1,1,1,1,1,1,1,1,1,1,1,1,1,1,1,1,1,1,2,3,3,3,3,3,3,3,3,3,3,3,3,3
84046071,US,USA,840,46071.0,Jackson,South Dakota,US,43.69318385,-101.6255063,"Jackson, South Dakota, US",0,0,0,0,0,0,0,0,0,0,0,0,0,0,0,0,0,0,0,0,0,0,0,0,0,0,0,0,0,0,0,0,0,0,0,0,0,0,0,0,0,0,0,0,0,0,0,0,0,0,0,0,0,0,0,0,0,0,0,0,0,0,0,0,0,0,0,0,0,0,0,0,0,0,0,0,0,0,0,0,0,0,0,0,0,0,0,0,0,0,0,0,0,0,0,0,0,0,0,0,0,0,0,0,0,0,0,0,0,0,0,0,0,0,0,0,0,0,0,0,0,0,0,1,1,2,2,3,3,4,4,4,4,4,4,4,4,4,4,4,4,4,4,5,5,5,6,6,6,6,6,6
84046073,US,USA,840,46073.0,Jerauld,South Dakota,US,44.06637798,-98.62965972,"Jerauld, South Dakota, US",0,0,0,0,0,0,0,0,0,0,0,0,0,0,0,0,0,0,0,0,0,0,0,0,0,0,0,0,0,0,0,0,0,0,0,0,0,0,0,0,0,0,0,0,0,0,0,0,0,0,0,0,0,0,0,0,0,0,0,0,0,0,0,0,0,0,0,0,0,0,0,0,0,0,0,0,0,0,1,1,3,3,3,3,3,4,4,4,4,4,4,4,5,6,6,6,6,6,6,6,6,6,6,6,6,6,6,6,6,6,6,6,6,6,6,6,6,6,6,10,10,16,16,28,28,29,29,33,34,34,35,35,35,38,39,39,39,40,40,40,40,40,40,40,40,40,40,40,40,39,39,39
84046075,US,USA,840,46075.0,Jones,South Dakota,US,43.96278565,-100.6940008,"Jones, South Dakota, US",0,0,0,0,0,0,0,0,0,0,0,0,0,0,0,0,0,0,0,0,0,0,0,0,0,0,0,0,0,0,0,0,0,0,0,0,0,0,0,0,0,0,0,0,0,0,0,0,0,0,0,0,0,0,0,0,0,0,0,0,0,0,0,0,0,0,0,0,0,0,0,0,0,0,0,0,0,0,0,0,0,0,0,0,0,0,0,0,0,0,0,0,0,0,0,0,0,0,0,0,0,0,0,0,0,0,0,0,0,0,0,0,0,0,0,0,0,0,0,0,0,0,0,0,0,0,0,0,0,0,0,0,0,0,0,0,0,0,0,0,0,0,0,0,0,0,0,0,0,0,0,0
84046077,US,USA,840,46077.0,Kingsbury,South Dakota,US,44.36956169,-97.4913945,"Kingsbury, South Dakota, US",0,0,0,0,0,0,0,0,0,0,0,0,0,0,0,0,0,0,0,0,0,0,0,0,0,0,0,0,0,0,0,0,0,0,0,0,0,0,0,0,0,0,0,0,0,0,0,0,0,0,0,0,0,0,0,0,0,0,0,0,0,0,0,0,0,0,0,0,0,1,0,0,0,0,0,0,0,0,0,0,0,0,0,0,0,0,0,0,0,0,0,0,0,0,0,0,0,0,0,0,0,0,0,0,0,0,0,0,0,0,0,0,0,0,0,0,0,0,0,0,0,0,0,0,0,0,0,0,1,1,1,1,2,3,3,3,4,5,5,5,5,5,5,5,5,5,5,5,3,3,4,5
84046079,US,USA,840,46079.0,Lake,South Dakota,US,44.02193107,-97.12926365,"Lake, South Dakota, US",0,0,0,0,0,0,0,0,0,0,0,0,0,0,0,0,0,0,0,0,0,0,0,0,0,0,0,0,0,0,0,0,0,0,0,0,0,0,0,0,0,0,0,0,0,0,0,0,0,0,0,0,0,0,0,0,0,0,0,0,0,0,0,0,0,0,0,0,0,0,0,1,1,1,1,1,1,2,2,2,2,2,2,2,2,3,3,3,3,3,3,3,3,4,4,4,4,4,4,4,4,4,4,4,4,4,4,5,5,5,5,5,5,5,5,5,5,5,5,5,5,5,5,6,6,6,6,7,8,8,8,8,8,10,12,12,13,13,13,13,13,13,14,14,14,15,16,17,17,17,17,17
84046081,US,USA,840,46081.0,Lawrence,South Dakota,US,44.35919441,-103.79294279999999,"Lawrence, South Dakota, US",0,0,0,0,0,0,0,0,0,0,0,0,0,0,0,0,0,0,0,0,0,0,0,0,0,0,0,0,0,0,0,0,0,0,0,0,0,0,0,0,0,0,0,0,0,0,0,0,0,0,0,0,0,0,0,0,0,0,0,0,0,0,0,0,0,2,2,3,5,6,6,9,9,9,9,9,9,9,9,9,9,9,9,9,9,9,9,9,9,9,9,9,9,9,9,9,9,9,9,9,9,9,9,9,9,9,9,9,9,9,9,9,9,9,9,9,9,9,9,9,9,9,9,9,9,9,9,9,11,11,11,11,11,11,11,12,12,12,12,12,12,12,12,12,12,12,12,13,15,16,16,16
84046083,US,USA,840,46083.0,Lincoln,South Dakota,US,43.27841182,-96.72039050000001,"Lincoln, South Dakota, US",0,0,0,0,0,0,0,0,0,0,0,0,0,0,0,0,0,0,0,0,0,0,0,0,0,0,0,0,0,0,0,0,0,0,0,0,0,0,0,0,0,0,0,0,0,0,0,0,0,0,0,0,0,0,0,0,0,0,0,0,0,0,0,1,2,2,3,4,4,5,11,17,19,21,23,24,27,31,33,38,39,46,50,55,65,71,77,86,90,95,99,104,110,116,125,128,131,133,138,147,153,156,162,163,164,170,171,180,186,188,191,190,193,195,198,201,200,201,205,209,209,218,225,229,230,233,236,237,236,237,238,238,239,240,243,246,250,254,254,255,258,259,262,265,267,270,271,272,275,278,317,323
84046085,US,USA,840,46085.0,Lyman,South Dakota,US,43.89522709,-99.85201878,"Lyman, South Dakota, US",0,0,0,0,0,0,0,0,0,0,0,0,0,0,0,0,0,0,0,0,0,0,0,0,0,0,0,0,0,0,0,0,0,0,0,0,0,0,0,0,0,0,0,0,0,0,0,0,0,0,0,0,0,0,0,0,0,0,0,0,0,1,1,1,1,1,1,1,1,1,1,1,1,1,1,1,2,2,2,2,2,2,2,2,2,2,2,2,2,2,2,2,2,2,2,2,2,2,3,3,3,3,3,3,3,3,3,3,3,3,3,3,3,4,4,4,4,4,6,9,9,10,11,12,12,12,13,14,13,14,14,14,14,15,16,16,22,24,24,27,30,32,32,33,33,33,33,39,40,44,46,47
84046087,US,USA,840,46087.0,McCook,South Dakota,US,43.6742571,-97.36863144,"McCook, South Dakota, US",0,0,0,0,0,0,0,0,0,0,0,0,0,0,0,0,0,0,0,0,0,0,0,0,0,0,0,0,0,0,0,0,0,0,0,0,0,0,0,0,0,0,0,0,0,0,0,0,0,0,0,1,1,1,1,1,1,1,1,1,1,2,2,2,2,2,2,2,2,2,2,2,2,2,2,2,2,2,2,2,2,2,2,2,3,3,3,3,3,3,3,3,4,4,4,4,4,4,4,4,4,4,4,4,4,4,4,4,4,4,4,5,5,5,5,5,5,5,5,5,5,5,5,5,5,5,5,5,5,6,6,6,6,6,6,6,6,6,6,6,7,7,8,8,8,8,8,8,8,8,8,8
84046089,US,USA,840,46089.0,McPherson,South Dakota,US,45.76626028,-99.22118798,"McPherson, South Dakota, US",0,0,0,0,0,0,0,0,0,0,0,0,0,0,0,0,0,0,0,0,0,0,0,0,0,0,0,0,0,0,0,0,0,0,0,0,0,0,0,0,0,0,0,0,0,0,0,0,0,0,0,0,0,0,0,0,0,0,0,0,0,0,0,0,0,0,0,0,0,0,0,0,0,0,0,0,0,0,0,0,0,0,0,0,0,0,0,0,0,0,0,0,0,0,1,1,1,1,1,1,1,1,1,1,1,1,1,1,1,1,1,1,1,1,1,1,1,1,1,1,1,1,1,1,1,1,1,1,1,1,1,1,1,1,1,1,2,2,2,3,3,3,3,3,3,3,3,3,3,3,3,4
84046091,US,USA,840,46091.0,Marshall,South Dakota,US,45.75870838,-97.59855639,"Marshall, South Dakota, US",0,0,0,0,0,0,0,0,0,0,0,0,0,0,0,0,0,0,0,0,0,0,0,0,0,0,0,0,0,0,0,0,0,0,0,0,0,0,0,0,0,0,0,0,0,0,0,0,0,0,0,0,0,0,0,0,0,0,0,0,0,0,0,0,0,0,0,0,1,1,1,1,1,1,1,1,1,1,1,1,1,1,1,1,1,1,1,1,1,1,1,1,1,1,1,1,1,1,1,1,1,1,1,1,1,1,1,1,1,1,1,1,1,1,1,1,1,1,3,3,3,4,4,4,4,4,4,4,4,4,4,4,4,4,4,4,4,4,4,4,4,4,4,4,4,4,5,5,5,5,5,5
84046093,US,USA,840,46093.0,Meade,South Dakota,US,44.56676791,-102.71627409999999,"Meade, South Dakota, US",0,0,0,0,0,0,0,0,0,0,0,0,0,0,0,0,0,0,0,0,0,0,0,0,0,0,0,0,0,0,0,0,0,0,0,0,0,0,0,0,0,0,0,0,0,0,0,0,0,0,0,0,0,0,0,0,0,0,0,0,0,0,0,1,1,1,1,1,1,1,1,1,1,1,1,1,1,1,1,1,1,1,1,1,1,1,1,1,1,1,1,1,1,1,1,1,1,1,1,1,1,1,1,1,2,2,2,3,3,3,4,4,5,5,5,5,5,5,5,5,5,6,7,10,10,10,10,10,13,18,19,21,22,22,24,24,24,24,26,26,28,28,30,33,36,37,39,39,40,41,42,42
84046095,US,USA,840,46095.0,Mellette,South Dakota,US,43.58078848,-100.7563186,"Mellette, South Dakota, US",0,0,0,0,0,0,0,0,0,0,0,0,0,0,0,0,0,0,0,0,0,0,0,0,0,0,0,0,0,0,0,0,0,0,0,0,0,0,0,0,0,0,0,0,0,0,0,0,0,0,0,0,0,0,0,0,0,0,0,0,0,0,0,0,0,0,0,0,0,0,0,0,0,0,0,0,0,0,0,0,0,0,0,0,0,0,0,0,0,0,0,0,0,0,0,0,0,0,0,0,0,0,0,0,0,0,0,0,0,0,0,0,0,0,0,0,0,0,0,0,0,0,0,0,0,0,0,0,0,0,0,0,0,0,0,0,0,0,0,0,0,0,0,1,1,1,2,2,2,2,2,2
84046097,US,USA,840,46097.0,Miner,South Dakota,US,44.02197882,-97.60992207,"Miner, South Dakota, US",0,0,0,0,0,0,0,0,0,0,0,0,0,0,0,0,0,0,0,0,0,0,0,0,0,0,0,0,0,0,0,0,0,0,0,0,0,0,0,0,0,0,0,0,0,0,0,0,0,0,0,0,0,0,0,0,0,0,0,0,0,0,0,0,0,0,0,0,0,0,0,0,0,0,0,0,0,0,0,1,1,1,1,1,1,1,1,1,1,1,1,1,1,1,1,1,1,1,1,1,1,1,1,1,1,1,1,1,1,1,1,1,1,1,1,1,1,1,1,1,1,1,1,1,1,1,1,1,1,1,1,2,2,2,2,2,2,3,3,3,3,3,3,3,3,3,3,3,3,4,5,5
84046099,US,USA,840,46099.0,Minnehaha,South Dakota,US,43.67441641,-96.7910885,"Minnehaha, South Dakota, US",0,0,0,0,0,0,0,0,0,0,0,0,0,0,0,0,0,0,0,0,0,0,0,0,0,0,0,0,0,0,0,0,0,0,0,0,0,0,0,0,0,0,0,0,0,0,0,0,0,3,3,3,3,3,4,5,5,5,5,5,5,5,5,13,16,18,21,25,28,31,40,54,68,81,104,140,165,228,274,352,438,527,654,768,934,1065,1157,1276,1362,1405,1469,1555,1636,1707,1796,1854,1880,1939,1984,2038,2089,2123,2142,2170,2195,2231,2332,2535,2767,2867,2952,2978,3017,3050,3101,3119,3135,3150,3165,3182,3182,3211,3248,3260,3274,3289,3300,3317,3330,3345,3349,3355,3362,3377,3385,3387,3397,3407,3409,3418,3430,3444,3458,3467,3479,3485,3488,3499,3513,3526,3503,3523
84046101,US,USA,840,46101.0,Moody,South Dakota,US,44.02266214,-96.67081159,"Moody, South Dakota, US",0,0,0,0,0,0,0,0,0,0,0,0,0,0,0,0,0,0,0,0,0,0,0,0,0,0,0,0,0,0,0,0,0,0,0,0,0,0,0,0,0,0,0,0,0,0,0,0,0,0,0,0,0,0,0,0,0,0,0,0,0,0,0,0,0,0,0,0,0,0,0,0,0,0,0,0,0,0,0,0,0,0,0,0,0,1,1,1,1,1,2,2,2,2,2,3,3,3,5,5,5,5,6,6,6,7,11,14,14,14,14,15,17,17,17,17,17,18,18,18,18,18,18,18,18,18,18,19,19,19,19,19,19,19,19,19,19,19,19,19,19,19,20,20,20,20,20,20,20,21,21,21
84046102,US,USA,840,46102.0,Oglala Lakota,South Dakota,US,43.33749164,-102.55554980000001,"Oglala Lakota, South Dakota, US",0,0,0,0,0,0,0,0,0,0,0,0,0,0,0,0,0,0,0,0,0,0,0,0,0,0,0,0,0,0,0,0,0,0,0,0,0,0,0,0,0,0,0,0,0,0,0,0,0,0,0,0,0,0,0,0,0,0,0,0,0,0,0,0,0,0,0,0,0,0,0,0,0,0,0,0,0,1,1,1,1,1,1,1,1,1,1,1,1,1,1,1,1,1,1,1,1,1,1,1,1,1,1,1,1,2,1,1,1,1,1,1,3,3,6,9,10,10,10,14,14,15,17,17,17,17,20,21,21,25,26,31,31,32,34,35,35,39,39,40,45,45,45,45,46,46,48,49,54,53,54,55
84046103,US,USA,840,46103.0,Pennington,South Dakota,US,44.0025835,-102.8240777,"Pennington, South Dakota, US",0,0,0,0,0,0,0,0,0,0,0,0,0,0,0,0,0,0,0,0,0,0,0,0,0,0,0,0,0,0,0,0,0,0,0,0,0,0,0,0,0,0,0,0,0,0,0,0,0,1,1,1,1,1,1,1,1,1,1,1,1,1,1,1,1,3,3,4,5,5,5,6,6,6,6,6,6,6,7,8,8,8,9,9,9,10,10,10,10,11,11,11,11,11,11,12,12,12,12,12,13,13,14,14,16,16,17,18,19,26,27,32,36,40,43,49,52,58,74,85,85,127,138,152,156,162,172,186,201,218,227,235,241,257,275,284,297,305,314,321,335,351,362,378,386,392,402,424,430,437,446,457
84046105,US,USA,840,46105.0,Perkins,South Dakota,US,45.49049506,-102.47555859999999,"Perkins, South Dakota, US",0,0,0,0,0,0,0,0,0,0,0,0,0,0,0,0,0,0,0,0,0,0,0,0,0,0,0,0,0,0,0,0,0,0,0,0,0,0,0,0,0,0,0,0,0,0,0,0,0,0,0,0,0,0,0,0,0,0,0,0,0,0,0,0,0,0,0,0,0,0,0,0,0,0,0,0,0,0,0,0,0,0,0,0,0,0,0,0,0,0,0,0,0,0,0,0,0,0,0,0,0,0,0,0,0,0,0,0,0,0,0,0,0,0,0,0,0,0,0,0,0,0,0,0,0,0,0,0,0,0,0,0,0,0,0,0,0,0,0,0,0,0,0,0,0,0,0,0,0,0,0,0
84046107,US,USA,840,46107.0,Potter,South Dakota,US,45.06583079,-99.95498503,"Potter, South Dakota, US",0,0,0,0,0,0,0,0,0,0,0,0,0,0,0,0,0,0,0,0,0,0,0,0,0,0,0,0,0,0,0,0,0,0,0,0,0,0,0,0,0,0,0,0,0,0,0,0,0,0,0,0,0,0,0,0,0,0,0,0,0,0,0,0,0,0,0,0,0,0,0,0,0,0,0,0,0,0,0,0,0,0,0,0,0,0,0,0,0,0,0,0,0,0,0,0,0,0,0,0,0,0,0,0,0,0,0,0,0,0,0,0,0,0,0,0,0,0,0,0,0,0,0,0,0,0,0,0,0,0,0,0,0,0,0,0,0,0,0,0,0,0,0,0,0,0,0,0,0,0,0,0
84046109,US,USA,840,46109.0,Roberts,South Dakota,US,45.62975048,-96.94672673,"Roberts, South Dakota, US",0,0,0,0,0,0,0,0,0,0,0,0,0,0,0,0,0,0,0,0,0,0,0,0,0,0,0,0,0,0,0,0,0,0,0,0,0,0,0,0,0,0,0,0,0,0,0,0,0,0,0,0,0,0,0,0,0,0,0,0,0,0,0,0,0,0,0,1,1,1,2,2,3,4,4,4,4,4,4,4,4,4,4,4,4,4,4,4,4,4,4,4,4,4,4,4,4,4,4,4,8,9,10,10,10,11,11,11,13,14,14,14,14,17,18,19,19,19,20,20,20,22,23,35,35,35,39,39,35,36,36,36,36,36,37,37,38,38,38,39,39,39,40,40,40,40,40,40,40,40,40,40
84046111,US,USA,840,46111.0,Sanborn,South Dakota,US,44.02351092,-98.09098159999999,"Sanborn, South Dakota, US",0,0,0,0,0,0,0,0,0,0,0,0,0,0,0,0,0,0,0,0,0,0,0,0,0,0,0,0,0,0,0,0,0,0,0,0,0,0,0,0,0,0,0,0,0,0,0,0,0,0,0,0,0,0,0,0,0,0,0,0,0,0,0,0,0,0,0,0,0,0,0,0,0,0,0,0,0,0,0,0,1,1,2,2,3,3,3,3,3,3,3,3,3,3,3,3,3,3,3,3,3,3,3,3,3,3,3,3,3,3,3,3,3,3,4,5,5,6,6,7,7,8,9,10,11,11,11,12,12,13,13,13,13,13,13,13,13,13,13,13,13,13,13,13,13,13,13,13,13,12,12,12
84046115,US,USA,840,46115.0,Spink,South Dakota,US,44.93837606,-98.34626602,"Spink, South Dakota, US",0,0,0,0,0,0,0,0,0,0,0,0,0,0,0,0,0,0,0,0,0,0,0,0,0,0,0,0,0,0,0,0,0,0,0,0,0,0,0,0,0,0,0,0,0,0,0,0,0,0,0,0,0,0,0,0,0,0,0,0,0,0,0,0,0,0,0,0,0,0,0,1,1,2,3,3,3,3,3,3,3,3,3,3,3,3,3,3,3,3,3,3,3,3,3,3,3,3,3,3,3,3,3,3,3,3,3,3,4,4,4,4,4,4,4,4,4,4,4,4,4,4,4,4,4,4,4,4,5,5,5,5,5,5,5,5,5,5,5,5,5,5,5,5,5,5,5,5,5,6,6,7
84046117,US,USA,840,46117.0,Stanley,South Dakota,US,44.41381872,-100.7349153,"Stanley, South Dakota, US",0,0,0,0,0,0,0,0,0,0,0,0,0,0,0,0,0,0,0,0,0,0,0,0,0,0,0,0,0,0,0,0,0,0,0,0,0,0,0,0,0,0,0,0,0,0,0,0,0,0,0,0,0,0,0,0,0,0,0,0,0,0,0,0,0,0,0,0,0,0,0,0,0,0,0,0,0,0,0,0,0,0,0,0,0,0,0,0,0,0,0,0,0,1,1,1,2,6,6,7,8,8,8,8,8,8,8,8,9,9,8,8,8,8,9,9,9,9,9,9,9,9,9,9,9,9,10,10,10,10,10,10,10,10,10,10,10,10,10,10,10,11,11,11,11,11,11,11,11,11,12,12
84046119,US,USA,840,46119.0,Sully,South Dakota,US,44.71571812,-100.1278092,"Sully, South Dakota, US",0,0,0,0,0,0,0,0,0,0,0,0,0,0,0,0,0,0,0,0,0,0,0,0,0,0,0,0,0,0,0,0,0,0,0,0,0,0,0,0,0,0,0,0,0,0,0,0,0,0,0,0,0,0,0,0,0,0,0,0,0,0,0,0,0,0,0,0,0,0,0,0,0,0,0,0,0,0,0,0,0,1,1,1,1,1,1,1,1,1,1,1,1,1,1,1,1,1,1,1,1,1,1,1,1,1,1,1,1,1,1,1,1,1,1,1,1,1,1,1,1,1,1,1,1,1,1,1,1,1,1,1,1,1,1,1,1,1,1,1,1,1,1,1,1,1,1,1,1,1,1,1
84046121,US,USA,840,46121.0,Todd,South Dakota,US,43.19338568,-100.71955030000001,"Todd, South Dakota, US",0,0,0,0,0,0,0,0,0,0,0,0,0,0,0,0,0,0,0,0,0,0,0,0,0,0,0,0,0,0,0,0,0,0,0,0,0,0,0,0,0,0,0,0,0,0,0,0,0,0,0,0,0,0,0,0,0,0,0,0,0,0,0,0,0,1,1,1,1,1,1,1,1,1,1,1,1,1,1,1,1,1,1,1,1,1,1,1,1,1,1,1,1,1,1,1,1,1,1,1,2,3,3,3,6,7,7,8,8,9,10,13,14,13,15,16,16,17,17,17,17,17,17,18,18,20,22,23,23,26,27,27,28,28,31,33,36,37,38,42,44,45,46,47,47,47,48,50,50,50,50,50
84046123,US,USA,840,46123.0,Tripp,South Dakota,US,43.34459388,-99.8854891,"Tripp, South Dakota, US",0,0,0,0,0,0,0,0,0,0,0,0,0,0,0,0,0,0,0,0,0,0,0,0,0,0,0,0,0,0,0,0,0,0,0,0,0,0,0,0,0,0,0,0,0,0,0,0,0,0,0,0,0,0,0,0,0,0,0,0,0,0,0,0,0,0,0,0,0,0,0,0,0,0,0,0,0,0,0,0,0,0,0,0,0,0,0,0,0,0,0,0,0,0,0,0,0,0,0,0,0,0,0,0,0,0,0,0,0,0,0,0,0,1,1,2,2,2,2,2,2,3,6,6,6,6,6,6,6,6,6,6,6,6,6,6,6,6,6,6,6,6,7,7,7,7,8,9,9,9,9,12
84046125,US,USA,840,46125.0,Turner,South Dakota,US,43.3109081,-97.14865776,"Turner, South Dakota, US",0,0,0,0,0,0,0,0,0,0,0,0,0,0,0,0,0,0,0,0,0,0,0,0,0,0,0,0,0,0,0,0,0,0,0,0,0,0,0,0,0,0,0,0,0,0,0,0,0,0,0,0,0,0,0,0,0,0,0,0,0,0,0,0,0,0,0,1,1,1,1,2,3,3,4,4,4,5,5,5,5,5,5,5,5,5,5,5,6,6,6,9,13,13,15,15,15,15,15,17,17,17,17,17,17,18,18,18,18,18,18,18,18,18,19,19,19,19,21,22,22,22,22,22,23,23,24,24,24,24,24,24,25,25,25,25,25,25,25,25,25,25,25,25,25,25,25,25,25,25,25,24
84046127,US,USA,840,46127.0,Union,South Dakota,US,42.83112163,-96.6557828,"Union, South Dakota, US",0,0,0,0,0,0,0,0,0,0,0,0,0,0,0,0,0,0,0,0,0,0,0,0,0,0,0,0,0,0,0,0,0,0,0,0,0,0,0,0,0,0,0,0,0,0,0,0,0,0,0,0,0,0,0,0,0,0,0,0,0,0,0,0,0,1,1,1,1,1,1,3,3,3,3,3,3,3,3,3,4,4,5,5,4,4,4,5,6,7,7,7,8,11,12,12,12,14,17,18,21,27,31,32,46,46,48,50,53,53,53,56,56,57,57,60,60,62,62,68,68,73,75,79,79,86,87,88,88,89,89,91,91,92,93,93,98,100,100,103,105,105,109,109,113,113,113,113,113,114,116,117
84046129,US,USA,840,46129.0,Walworth,South Dakota,US,45.43019636,-100.03075140000001,"Walworth, South Dakota, US",0,0,0,0,0,0,0,0,0,0,0,0,0,0,0,0,0,0,0,0,0,0,0,0,0,0,0,0,0,0,0,0,0,0,0,0,0,0,0,0,0,0,0,0,0,0,0,0,0,0,0,0,0,0,0,0,0,0,0,0,0,0,0,0,0,0,0,0,0,0,0,0,0,0,0,0,0,0,0,0,0,1,2,2,5,5,5,5,5,5,5,5,5,5,5,5,5,5,5,5,5,5,5,5,5,5,5,5,5,5,5,5,5,5,5,5,5,5,5,5,5,5,5,5,5,5,5,5,5,5,5,5,5,5,5,5,5,5,5,5,5,5,5,5,5,5,6,7,7,7,7,7
84046135,US,USA,840,46135.0,Yankton,South Dakota,US,43.00924485,-97.39467635,"Yankton, South Dakota, US",0,0,0,0,0,0,0,0,0,0,0,0,0,0,0,0,0,0,0,0,0,0,0,0,0,0,0,0,0,0,0,0,0,0,0,0,0,0,0,0,0,0,0,0,0,0,0,0,0,0,0,0,0,0,0,0,0,0,0,0,0,0,0,0,0,0,1,4,4,6,8,10,11,14,14,18,15,17,18,19,20,20,22,22,22,23,23,23,23,23,23,23,25,25,26,26,27,27,26,26,27,27,28,28,28,29,29,29,29,30,30,31,33,34,38,40,40,41,42,44,44,45,46,51,51,51,51,51,51,51,51,51,51,51,51,52,53,55,58,58,58,58,58,58,58,58,60,62,63,64,65,68
84046137,US,USA,840,46137.0,Ziebach,South Dakota,US,44.97881876,-101.6654622,"Ziebach, South Dakota, US",0,0,0,0,0,0,0,0,0,0,0,0,0,0,0,0,0,0,0,0,0,0,0,0,0,0,0,0,0,0,0,0,0,0,0,0,0,0,0,0,0,0,0,0,0,0,0,0,0,0,0,0,0,0,0,0,0,0,0,0,0,0,0,0,0,0,0,0,0,0,0,0,0,0,0,0,0,0,0,0,0,0,0,0,0,0,0,0,0,0,0,0,0,0,0,0,0,0,0,0,0,0,0,0,0,1,1,1,1,1,1,1,1,1,1,1,1,1,1,1,1,1,1,1,1,1,1,1,1,1,1,1,1,1,2,2,2,2,2,2,2,2,2,2,2,2,2,2,2,2,2,2
84047001,US,USA,840,47001.0,Anderson,Tennessee,US,36.12684348,-84.19965764,"Anderson, Tennessee, US",0,0,0,0,0,0,0,0,0,0,0,0,0,0,0,0,0,0,0,0,0,0,0,0,0,0,0,0,0,0,0,0,0,0,0,0,0,0,0,0,0,0,0,0,0,0,0,0,0,0,0,0,0,0,0,0,0,0,1,1,1,1,1,3,3,4,5,6,6,10,10,10,10,10,10,10,11,11,11,11,12,12,15,15,15,16,16,16,16,16,21,21,23,24,24,25,24,24,27,28,28,28,28,30,29,29,31,31,31,31,33,34,35,35,36,36,36,37,37,37,37,37,39,39,39,40,40,39,39,40,40,40,41,41,42,42,45,47,48,50,54,55,59,60,60,60,65,66,69,74,74,74
84047003,US,USA,840,47003.0,Bedford,Tennessee,US,35.51123746,-86.45549096,"Bedford, Tennessee, US",0,0,0,0,0,0,0,0,0,0,0,0,0,0,0,0,0,0,0,0,0,0,0,0,0,0,0,0,0,0,0,0,0,0,0,0,0,0,0,0,0,0,0,0,0,0,0,0,0,0,0,0,0,0,0,0,0,0,0,0,0,0,0,1,1,1,1,1,1,2,4,6,6,8,8,8,10,12,14,15,17,20,23,25,25,33,40,48,71,76,105,105,130,138,150,159,165,167,169,173,184,193,200,200,201,212,217,222,231,237,238,239,246,248,248,251,252,254,257,257,262,263,264,265,269,269,270,274,283,283,283,283,295,295,297,302,314,325,332,341,346,372,376,379,379,379,392,403,404,416,428,430
84047005,US,USA,840,47005.0,Benton,Tennessee,US,36.07110411,-88.06849355,"Benton, Tennessee, US",0,0,0,0,0,0,0,0,0,0,0,0,0,0,0,0,0,0,0,0,0,0,0,0,0,0,0,0,0,0,0,0,0,0,0,0,0,0,0,0,0,0,0,0,0,0,0,0,0,0,0,0,0,0,0,0,0,0,0,0,0,0,0,0,1,2,3,3,3,4,4,4,4,4,4,4,4,4,4,4,4,4,4,4,4,4,4,4,4,4,4,4,5,5,6,6,6,6,6,6,5,6,6,6,6,7,7,7,6,6,6,6,6,6,6,6,6,7,7,7,7,7,7,7,7,7,7,7,7,7,7,7,7,7,7,7,8,8,8,8,8,8,8,8,8,8,8,8,8,8,8,8
84047007,US,USA,840,47007.0,Bledsoe,Tennessee,US,35.59942968,-85.20611967,"Bledsoe, Tennessee, US",0,0,0,0,0,0,0,0,0,0,0,0,0,0,0,0,0,0,0,0,0,0,0,0,0,0,0,0,0,0,0,0,0,0,0,0,0,0,0,0,0,0,0,0,0,0,0,0,0,0,0,0,0,0,0,0,0,0,0,0,0,0,0,0,0,0,2,2,2,2,2,2,2,2,3,3,3,3,3,3,3,3,8,8,8,7,7,8,9,10,11,11,351,585,586,588,588,589,592,594,595,596,598,598,601,601,602,604,604,604,604,604,603,603,605,607,607,607,607,607,607,607,607,607,608,608,608,608,608,607,607,607,609,610,610,613,614,614,614,611,613,614,614,614,614,614,614,614,614,614,613,613
84047009,US,USA,840,47009.0,Blount,Tennessee,US,35.68938198,-83.92847788,"Blount, Tennessee, US",0,0,0,0,0,0,0,0,0,0,0,0,0,0,0,0,0,0,0,0,0,0,0,0,0,0,0,0,0,0,0,0,0,0,0,0,0,0,0,0,0,0,0,0,0,0,0,0,0,0,0,0,0,0,0,0,0,0,1,1,1,2,3,3,4,6,9,9,9,25,28,32,33,34,36,38,41,42,44,45,46,46,46,47,47,47,46,46,46,46,46,46,48,49,53,53,54,55,55,56,58,63,63,70,73,69,69,69,71,71,72,73,74,75,75,75,75,76,76,76,77,78,81,82,82,84,89,89,89,91,91,91,93,93,93,93,93,94,94,96,96,97,104,104,104,106,110,115,118,119,127,127
84047011,US,USA,840,47011.0,Bradley,Tennessee,US,35.15739424,-84.857186,"Bradley, Tennessee, US",0,0,0,0,0,0,0,0,0,0,0,0,0,0,0,0,0,0,0,0,0,0,0,0,0,0,0,0,0,0,0,0,0,0,0,0,0,0,0,0,0,0,0,0,0,0,0,0,0,0,0,0,0,0,0,0,0,0,1,1,2,1,2,3,5,6,5,8,8,10,14,18,21,21,21,23,25,28,28,31,31,31,32,33,33,33,35,38,37,37,37,37,38,40,41,43,45,46,48,49,52,52,53,56,59,61,64,68,69,69,72,74,75,80,81,81,82,83,84,84,89,90,91,93,98,99,105,108,113,122,122,122,157,161,166,174,184,199,219,233,238,241,266,272,281,288,302,303,305,314,328,338
84047013,US,USA,840,47013.0,Campbell,Tennessee,US,36.40355516,-84.15108559999999,"Campbell, Tennessee, US",0,0,0,0,0,0,0,0,0,0,0,0,0,0,0,0,0,0,0,0,0,0,0,0,0,0,0,0,0,0,0,0,0,0,0,0,0,0,0,0,0,0,0,0,0,0,0,0,0,0,0,0,1,1,1,1,1,1,1,2,2,2,2,2,2,4,4,4,4,4,4,4,4,5,5,5,6,6,9,10,10,10,11,12,12,12,12,13,12,13,13,13,13,13,13,14,14,14,14,15,16,16,16,17,17,16,16,16,16,17,17,17,17,17,17,17,17,17,17,17,17,17,17,17,17,17,17,17,17,18,18,18,18,18,18,18,18,18,18,18,18,18,22,24,24,24,25,25,26,26,26,26
84047015,US,USA,840,47015.0,Cannon,Tennessee,US,35.80990797,-86.05738983,"Cannon, Tennessee, US",0,0,0,0,0,0,0,0,0,0,0,0,0,0,0,0,0,0,0,0,0,0,0,0,0,0,0,0,0,0,0,0,0,0,0,0,0,0,0,0,0,0,0,0,0,0,0,0,0,0,0,0,0,0,0,0,0,0,0,0,0,0,0,0,1,2,3,2,3,3,3,4,4,4,6,7,7,7,7,7,7,7,7,7,7,7,8,9,8,8,8,8,10,10,10,10,11,11,11,12,12,12,12,12,12,12,13,13,13,13,13,13,13,13,13,13,13,13,13,13,15,15,16,17,17,17,17,17,17,21,21,21,31,32,32,32,32,32,34,34,34,34,34,34,34,34,34,34,34,34,23,23
84047017,US,USA,840,47017.0,Carroll,Tennessee,US,35.97366108,-88.45189331,"Carroll, Tennessee, US",0,0,0,0,0,0,0,0,0,0,0,0,0,0,0,0,0,0,0,0,0,0,0,0,0,0,0,0,0,0,0,0,0,0,0,0,0,0,0,0,0,0,0,0,0,0,0,0,0,0,0,0,0,0,0,0,0,0,1,1,2,2,3,3,3,4,4,5,5,5,5,5,6,6,7,8,8,8,10,10,10,11,12,12,12,13,13,13,15,15,14,14,14,14,16,16,16,18,18,18,18,18,18,23,22,18,19,19,18,19,21,22,22,23,24,25,25,25,25,25,26,26,27,27,27,27,27,27,27,27,27,27,28,28,28,28,28,28,28,28,29,29,34,35,36,36,36,36,36,36,36,36
84047019,US,USA,840,47019.0,Carter,Tennessee,US,36.28969086,-82.12588974,"Carter, Tennessee, US",0,0,0,0,0,0,0,0,0,0,0,0,0,0,0,0,0,0,0,0,0,0,0,0,0,0,0,0,0,0,0,0,0,0,0,0,0,0,0,0,0,0,0,0,0,0,0,0,0,0,0,0,0,0,0,0,0,0,0,0,0,0,0,0,0,0,1,1,1,1,1,1,3,3,3,3,3,3,3,3,3,3,3,3,3,4,5,5,5,5,5,5,6,7,10,12,12,12,12,12,13,14,14,14,16,16,18,18,18,18,18,18,18,19,19,19,19,19,19,19,19,19,19,19,19,19,19,19,19,19,19,19,19,19,19,19,19,19,19,19,19,19,20,20,20,20,22,22,23,27,28,30
84047021,US,USA,840,47021.0,Cheatham,Tennessee,US,36.26136216,-87.08903581,"Cheatham, Tennessee, US",0,0,0,0,0,0,0,0,0,0,0,0,0,0,0,0,0,0,0,0,0,0,0,0,0,0,0,0,0,0,0,0,0,0,0,0,0,0,0,0,0,0,0,0,0,0,0,0,0,0,0,0,0,0,0,0,1,1,2,2,4,4,5,7,7,7,7,8,8,10,11,11,11,12,13,13,13,13,15,17,17,18,18,19,19,19,20,21,22,22,22,22,28,32,36,36,39,42,42,46,48,48,53,56,57,58,58,59,61,63,66,76,78,85,88,88,88,92,93,93,97,100,103,104,110,112,114,118,118,123,123,123,134,135,135,140,141,143,144,146,149,151,152,153,153,155,158,159,161,164,164,165
84047023,US,USA,840,47023.0,Chester,Tennessee,US,35.42527478,-88.6095842,"Chester, Tennessee, US",0,0,0,0,0,0,0,0,0,0,0,0,0,0,0,0,0,0,0,0,0,0,0,0,0,0,0,0,0,0,0,0,0,0,0,0,0,0,0,0,0,0,0,0,0,0,0,0,0,0,0,0,0,0,0,0,0,0,0,0,1,1,1,1,2,2,2,2,2,3,3,3,5,6,6,6,7,6,6,6,6,6,5,5,5,6,6,6,8,8,9,9,10,10,10,10,10,10,10,10,10,10,10,10,10,10,10,12,12,12,12,12,12,12,12,12,12,12,12,12,12,12,12,12,12,12,13,12,12,12,12,12,12,12,12,12,12,12,12,12,12,12,12,12,12,12,12,14,14,14,14,14
84047025,US,USA,840,47025.0,Claiborne,Tennessee,US,36.48319149,-83.65947309,"Claiborne, Tennessee, US",0,0,0,0,0,0,0,0,0,0,0,0,0,0,0,0,0,0,0,0,0,0,0,0,0,0,0,0,0,0,0,0,0,0,0,0,0,0,0,0,0,0,0,0,0,0,0,0,0,0,0,0,0,0,0,0,0,0,0,0,0,1,1,1,2,2,2,2,2,2,2,2,2,2,2,2,2,2,2,3,3,5,4,5,5,5,5,5,5,5,5,5,5,5,5,5,5,5,5,5,5,5,5,5,6,6,7,7,7,7,7,7,7,7,7,7,7,8,8,8,8,8,8,8,8,8,8,9,9,9,9,9,12,12,12,12,12,14,14,14,15,15,15,15,15,15,15,15,16,16,16,16
84047027,US,USA,840,47027.0,Clay,Tennessee,US,36.55151008,-85.53930419,"Clay, Tennessee, US",0,0,0,0,0,0,0,0,0,0,0,0,0,0,0,0,0,0,0,0,0,0,0,0,0,0,0,0,0,0,0,0,0,0,0,0,0,0,0,0,0,0,0,0,0,0,0,0,0,0,0,0,0,0,0,0,0,0,0,0,0,0,0,0,0,0,0,0,0,0,1,1,1,1,1,1,1,2,2,2,2,2,4,4,4,5,5,5,5,5,5,5,5,5,5,5,5,5,5,5,5,5,5,5,5,6,6,6,6,6,6,6,6,6,6,6,6,6,6,6,6,6,6,7,6,6,6,6,7,7,7,7,8,8,8,8,8,8,9,9,9,9,9,10,11,11,11,11,11,13,13,13
84047029,US,USA,840,47029.0,Cocke,Tennessee,US,35.9278914,-83.11828725,"Cocke, Tennessee, US",0,0,0,0,0,0,0,0,0,0,0,0,0,0,0,0,0,0,0,0,0,0,0,0,0,0,0,0,0,0,0,0,0,0,0,0,0,0,0,0,0,0,0,0,0,0,0,0,0,0,0,0,0,0,0,0,0,0,0,1,1,1,1,1,1,1,1,1,1,1,1,1,1,1,1,1,2,2,3,3,3,3,5,5,5,8,11,11,11,11,11,11,14,14,14,14,14,16,16,16,16,16,16,19,19,16,17,17,17,17,18,19,19,20,20,20,20,20,20,20,20,20,20,20,20,20,20,20,20,20,20,20,21,21,21,21,21,21,21,22,22,23,26,26,26,26,27,27,27,27,29,29
84047031,US,USA,840,47031.0,Coffee,Tennessee,US,35.49090731,-86.07311784,"Coffee, Tennessee, US",0,0,0,0,0,0,0,0,0,0,0,0,0,0,0,0,0,0,0,0,0,0,0,0,0,0,0,0,0,0,0,0,0,0,0,0,0,0,0,0,0,0,0,0,0,0,0,0,0,0,0,0,0,0,0,0,0,0,0,0,0,0,0,0,0,0,0,1,1,1,1,3,3,4,5,7,7,7,10,10,11,11,11,12,12,13,17,18,20,20,21,21,25,27,31,32,33,33,35,36,36,38,41,44,45,45,47,48,52,53,54,54,56,57,60,60,60,61,63,63,63,64,65,65,66,66,66,68,70,73,73,73,74,74,78,81,81,81,82,84,87,88,92,94,94,94,96,97,97,99,99,99
84047033,US,USA,840,47033.0,Crockett,Tennessee,US,35.81830662,-89.14916269,"Crockett, Tennessee, US",0,0,0,0,0,0,0,0,0,0,0,0,0,0,0,0,0,0,0,0,0,0,0,0,0,0,0,0,0,0,0,0,0,0,0,0,0,0,0,0,0,0,0,0,0,0,0,0,0,0,0,0,0,0,0,0,0,0,0,0,0,0,0,0,0,0,0,0,0,0,0,0,0,0,0,0,0,0,0,0,0,0,0,0,0,0,0,0,5,6,6,6,6,6,7,7,6,7,7,7,7,7,7,9,9,7,7,7,9,9,12,12,12,13,13,13,13,13,14,14,14,14,14,15,16,16,16,16,16,16,16,16,16,16,16,16,16,16,16,16,16,16,18,18,18,18,19,19,21,25,25,25
84047035,US,USA,840,47035.0,Cumberland,Tennessee,US,35.95271721,-84.99840585,"Cumberland, Tennessee, US",0,0,0,0,0,0,0,0,0,0,0,0,0,0,0,0,0,0,0,0,0,0,0,0,0,0,0,0,0,0,0,0,0,0,0,0,0,0,0,0,0,0,0,0,0,0,0,0,0,0,0,0,0,0,0,0,0,1,2,2,2,2,3,3,6,6,6,9,9,11,14,16,22,23,26,26,32,33,34,39,40,42,43,51,51,53,55,56,57,58,59,59,61,67,66,67,68,70,74,74,74,74,80,84,84,85,84,84,85,85,84,86,87,87,88,88,89,93,94,94,96,97,107,109,109,111,111,111,111,112,112,112,118,119,120,120,124,125,125,126,127,129,130,131,131,133,137,137,138,137,137,142
84047037,US,USA,840,47037.0,Davidson,Tennessee,US,36.17007426,-86.78646056,"Davidson, Tennessee, US",0,0,0,0,0,0,0,0,0,0,0,0,0,0,0,0,0,0,0,0,0,0,0,0,0,0,0,0,0,0,0,0,0,0,0,0,0,0,0,0,0,0,0,0,0,0,1,1,1,2,6,10,14,14,25,42,58,75,101,140,167,164,253,257,293,312,376,394,443,541,673,785,685,741,801,819,888,946,1004,1048,1111,1349,1207,1237,1237,1283,1307,1465,1638,1675,1719,1719,1934,2011,2136,2236,2338,2383,2454,2612,2652,2773,2904,2999,3033,3128,3157,3300,3358,3401,3465,3580,3623,3745,3795,3872,3893,4066,4174,4174,4292,4396,4465,4518,4632,4716,4826,4894,4968,5040,5040,5040,5323,5429,5516,5638,5742,5801,5947,6125,6190,6290,6379,6435,6682,6818,7016,7082,7253,7502,7571,7668
84047039,US,USA,840,47039.0,Decatur,Tennessee,US,35.60048904,-88.11043779,"Decatur, Tennessee, US",0,0,0,0,0,0,0,0,0,0,0,0,0,0,0,0,0,0,0,0,0,0,0,0,0,0,0,0,0,0,0,0,0,0,0,0,0,0,0,0,0,0,0,0,0,0,0,0,0,0,0,0,0,0,0,0,0,0,0,0,0,0,0,0,0,0,1,1,1,0,0,0,0,0,0,0,0,1,1,1,1,2,3,3,3,3,3,5,4,4,4,4,4,4,4,4,4,4,4,4,4,4,4,4,4,4,4,4,4,4,4,4,4,5,5,5,5,5,5,5,5,5,5,5,5,5,5,5,5,5,5,5,5,5,5,5,6,8,8,6,14,14,14,14,14,14,14,14,15,15,15,15
84047041,US,USA,840,47041.0,DeKalb,Tennessee,US,35.97616272,-85.83689361,"DeKalb,Tennessee,US",0,0,0,0,0,0,0,0,0,0,0,0,0,0,0,0,0,0,0,0,0,0,0,0,0,0,0,0,0,0,0,0,0,0,0,0,0,0,0,0,0,0,0,0,0,0,0,0,0,0,0,0,0,0,0,0,0,0,0,0,0,0,0,0,0,0,3,3,3,4,5,5,5,5,7,7,7,7,7,8,9,9,10,10,10,10,10,10,10,12,12,12,10,12,11,13,14,14,14,15,17,18,21,25,25,25,25,26,27,27,28,28,28,28,28,29,29,30,32,32,32,32,33,33,34,35,37,37,37,37,37,37,40,38,38,39,39,39,40,41,41,41,41,41,41,41,41,41,41,41,42,43
84047043,US,USA,840,47043.0,Dickson,Tennessee,US,36.14669837,-87.35891709,"Dickson, Tennessee, US",0,0,0,0,0,0,0,0,0,0,0,0,0,0,0,0,0,0,0,0,0,0,0,0,0,0,0,0,0,0,0,0,0,0,0,0,0,0,0,0,0,0,0,0,0,0,0,0,0,0,0,0,0,0,0,0,0,0,1,3,4,5,5,5,7,9,11,11,11,17,18,20,21,22,23,24,27,26,28,29,30,30,30,33,33,37,39,42,45,46,46,46,56,63,64,66,70,71,72,72,74,77,80,82,84,84,85,85,85,86,86,88,88,88,90,91,92,93,93,93,97,101,101,101,104,106,107,110,110,109,109,109,116,118,120,121,124,125,125,127,128,129,131,133,135,138,138,140,140,145,145,147
84047045,US,USA,840,47045.0,Dyer,Tennessee,US,36.05931946,-89.41542855,"Dyer, Tennessee, US",0,0,0,0,0,0,0,0,0,0,0,0,0,0,0,0,0,0,0,0,0,0,0,0,0,0,0,0,0,0,0,0,0,0,0,0,0,0,0,0,0,0,0,0,0,0,0,0,0,0,0,0,0,0,0,0,0,0,1,2,2,2,2,2,3,3,3,3,3,3,3,5,5,7,9,9,10,11,14,15,18,19,22,22,22,24,24,24,28,28,28,28,30,30,31,31,32,33,34,34,36,36,36,39,40,38,39,41,41,41,43,43,44,44,44,44,44,44,45,45,45,46,48,48,48,48,49,50,50,50,50,50,55,57,57,59,60,61,67,70,71,73,82,86,91,99,106,116,122,141,145,158
84047047,US,USA,840,47047.0,Fayette,Tennessee,US,35.19615831,-89.41399032,"Fayette, Tennessee, US",0,0,0,0,0,0,0,0,0,0,0,0,0,0,0,0,0,0,0,0,0,0,0,0,0,0,0,0,0,0,0,0,0,0,0,0,0,0,0,0,0,0,0,0,0,0,0,0,0,0,0,0,0,0,0,0,0,0,1,1,3,2,2,3,3,3,4,10,10,12,14,14,17,18,20,21,21,22,25,28,30,32,36,37,37,39,42,44,45,46,48,48,48,48,51,52,52,53,53,56,59,59,63,68,69,73,73,75,77,79,80,82,85,86,88,88,90,94,95,95,98,100,104,107,107,108,110,110,112,115,115,115,121,125,136,144,152,152,155,159,162,163,167,169,172,177,183,186,189,193,193,195
84047049,US,USA,840,47049.0,Fentress,Tennessee,US,36.38128818,-84.92870012,"Fentress, Tennessee, US",0,0,0,0,0,0,0,0,0,0,0,0,0,0,0,0,0,0,0,0,0,0,0,0,0,0,0,0,0,0,0,0,0,0,0,0,0,0,0,0,0,0,0,0,0,0,0,0,0,0,0,0,0,0,0,0,0,0,0,0,0,0,0,0,0,0,0,0,0,1,1,1,1,1,2,2,2,2,2,2,2,2,2,3,3,3,4,4,4,4,4,4,4,4,4,4,4,4,4,4,4,4,4,5,5,5,5,5,6,6,6,6,6,6,6,6,6,6,9,9,9,9,9,10,11,12,12,12,12,12,12,12,12,12,12,12,12,12,12,13,13,13,14,14,14,14,15,15,15,15,15,15
84047051,US,USA,840,47051.0,Franklin,Tennessee,US,35.15634626,-86.09201039,"Franklin, Tennessee, US",0,0,0,0,0,0,0,0,0,0,0,0,0,0,0,0,0,0,0,0,0,0,0,0,0,0,0,0,0,0,0,0,0,0,0,0,0,0,0,0,0,0,0,0,0,0,0,0,0,0,0,0,0,0,0,0,0,0,0,0,1,1,1,1,2,3,3,6,6,5,7,8,12,12,12,14,14,17,17,17,22,22,21,23,23,23,23,23,26,27,27,27,28,29,29,29,29,32,34,36,36,36,36,36,36,36,37,38,40,40,41,41,41,41,43,43,43,43,43,43,44,45,45,46,46,48,49,49,51,53,53,53,54,54,54,54,54,54,54,55,55,55,59,62,62,63,63,64,64,65,65,67
84047053,US,USA,840,47053.0,Gibson,Tennessee,US,35.99438059,-88.93358327,"Gibson, Tennessee, US",0,0,0,0,0,0,0,0,0,0,0,0,0,0,0,0,0,0,0,0,0,0,0,0,0,0,0,0,0,0,0,0,0,0,0,0,0,0,0,0,0,0,0,0,0,0,0,0,0,0,0,0,0,0,0,0,0,0,0,0,1,1,2,2,2,2,2,3,3,6,6,6,7,8,11,12,13,13,16,18,19,20,20,21,21,24,25,27,31,31,32,32,32,34,35,38,41,41,44,43,45,48,50,53,53,50,52,52,53,54,56,57,57,57,57,58,58,59,59,59,59,60,61,61,60,61,60,61,62,63,63,63,62,63,63,63,63,63,64,64,64,64,68,68,68,69,69,69,70,74,75,77
84047055,US,USA,840,47055.0,Giles,Tennessee,US,35.20222469,-87.03992678,"Giles, Tennessee, US",0,0,0,0,0,0,0,0,0,0,0,0,0,0,0,0,0,0,0,0,0,0,0,0,0,0,0,0,0,0,0,0,0,0,0,0,0,0,0,0,0,0,0,0,0,0,0,0,0,0,0,0,0,0,0,0,0,0,0,0,0,0,0,0,0,0,0,0,1,3,3,3,3,3,3,3,3,3,3,3,3,3,3,3,3,4,5,5,5,5,6,6,6,6,5,5,5,5,7,8,8,8,8,8,8,9,9,9,9,9,9,9,9,9,9,9,10,12,12,12,12,12,12,12,12,12,12,12,12,12,12,12,12,12,13,14,17,18,18,19,19,19,21,22,22,23,22,23,24,24,24,24
84047057,US,USA,840,47057.0,Grainger,Tennessee,US,36.27469206,-83.51254721,"Grainger, Tennessee, US",0,0,0,0,0,0,0,0,0,0,0,0,0,0,0,0,0,0,0,0,0,0,0,0,0,0,0,0,0,0,0,0,0,0,0,0,0,0,0,0,0,0,0,0,0,0,0,0,0,0,0,0,0,0,0,0,0,0,0,0,0,0,0,0,0,0,0,0,0,0,3,3,3,3,3,3,3,3,3,4,4,4,4,4,4,4,4,4,4,4,4,4,4,4,4,4,6,5,5,5,6,6,6,7,7,6,6,6,6,6,6,6,6,6,6,6,6,6,6,6,6,6,6,6,6,6,6,6,6,8,8,8,11,11,13,15,16,16,16,16,16,16,18,19,19,20,22,22,22,25,25,25
84047059,US,USA,840,47059.0,Greene,Tennessee,US,36.17470125,-82.84691273,"Greene, Tennessee, US",0,0,0,0,0,0,0,0,0,0,0,0,0,0,0,0,0,0,0,0,0,0,0,0,0,0,0,0,0,0,0,0,0,0,0,0,0,0,0,0,0,0,0,0,0,0,0,0,0,0,0,0,0,0,0,0,0,0,1,1,2,4,5,7,8,8,8,9,9,12,15,16,16,16,17,17,18,20,22,25,26,26,27,27,27,28,29,30,30,35,37,37,38,41,41,41,41,42,43,44,44,43,43,43,43,43,43,43,44,46,46,46,47,46,46,46,46,46,46,46,46,47,48,48,47,47,48,48,49,50,50,50,52,52,52,52,52,52,52,52,52,52,53,53,53,53,55,55,56,55,55,55
84047061,US,USA,840,47061.0,Grundy,Tennessee,US,35.38433717,-85.72142731,"Grundy, Tennessee, US",0,0,0,0,0,0,0,0,0,0,0,0,0,0,0,0,0,0,0,0,0,0,0,0,0,0,0,0,0,0,0,0,0,0,0,0,0,0,0,0,0,0,0,0,0,0,0,0,0,0,0,0,0,0,0,0,0,0,0,0,0,0,1,1,1,1,2,2,2,4,6,8,11,12,12,15,16,16,17,19,21,23,23,23,23,24,25,25,25,25,26,26,27,28,28,28,28,28,28,28,28,28,28,28,28,28,30,30,30,30,30,30,30,30,30,30,30,30,31,31,31,31,31,31,32,32,32,32,32,31,31,31,31,31,31,32,32,32,32,32,32,32,32,32,33,36,36,37,37,39,46,46
84047063,US,USA,840,47063.0,Hamblen,Tennessee,US,36.21990035,-83.26586179,"Hamblen, Tennessee, US",0,0,0,0,0,0,0,0,0,0,0,0,0,0,0,0,0,0,0,0,0,0,0,0,0,0,0,0,0,0,0,0,0,0,0,0,0,0,0,0,0,0,0,0,0,0,0,0,0,0,0,0,0,0,0,0,0,0,0,2,2,3,2,2,2,2,2,2,2,2,3,3,3,4,4,4,4,4,4,4,4,5,6,6,6,7,7,7,8,8,13,13,14,14,14,15,16,17,17,18,18,18,19,22,23,19,20,21,21,21,21,23,25,25,25,24,25,25,24,24,24,25,25,26,26,26,30,30,34,36,36,36,43,43,42,44,45,45,58,62,63,65,75,75,75,75,88,92,91,96,109,117
84047065,US,USA,840,47065.0,Hamilton,Tennessee,US,35.17670231,-85.16652245,"Hamilton, Tennessee, US",0,0,0,0,0,0,0,0,0,0,0,0,0,0,0,0,0,0,0,0,0,0,0,0,0,0,0,0,0,0,0,0,0,0,0,0,0,0,0,0,0,0,0,0,0,0,0,0,0,0,0,1,1,1,1,1,3,5,5,7,8,12,8,26,30,30,35,35,35,50,50,61,67,71,74,83,95,95,98,102,105,107,109,110,110,109,110,114,116,118,124,124,129,133,140,141,146,149,152,156,160,168,172,180,184,196,211,229,232,233,240,258,286,319,332,342,347,357,377,377,425,468,511,552,601,642,670,719,753,794,794,794,910,935,964,992,1013,1028,1042,1122,1156,1210,1433,1536,1628,1731,1836,1881,1956,2000,2050,2074
84047067,US,USA,840,47067.0,Hancock,Tennessee,US,36.52692871,-83.22375847,"Hancock, Tennessee, US",0,0,0,0,0,0,0,0,0,0,0,0,0,0,0,0,0,0,0,0,0,0,0,0,0,0,0,0,0,0,0,0,0,0,0,0,0,0,0,0,0,0,0,0,0,0,0,0,0,0,0,0,0,0,0,0,0,0,0,0,0,0,0,0,0,0,0,0,0,0,0,0,0,0,0,0,0,0,0,0,0,0,0,0,0,0,0,0,0,0,0,0,0,0,0,0,0,0,0,0,0,0,0,0,0,0,0,0,0,0,0,0,0,0,0,0,0,0,1,1,1,1,1,1,1,1,1,1,1,1,1,1,1,1,1,1,1,2,2,1,1,1,1,1,1,1,1,1,1,2,3,3
84047069,US,USA,840,47069.0,Hardeman,Tennessee,US,35.20772017,-88.99161161,"Hardeman, Tennessee, US",0,0,0,0,0,0,0,0,0,0,0,0,0,0,0,0,0,0,0,0,0,0,0,0,0,0,0,0,0,0,0,0,0,0,0,0,0,0,0,0,0,0,0,0,0,0,0,0,0,0,0,0,0,0,0,0,0,0,0,0,0,0,0,0,0,0,1,1,1,1,4,4,5,6,6,6,6,6,6,7,7,7,7,7,7,7,7,7,7,7,8,8,8,9,11,11,11,11,11,14,16,17,19,20,20,22,23,64,116,151,171,170,177,179,180,183,182,183,183,183,184,187,188,189,188,189,192,194,195,196,196,196,202,201,202,204,208,211,211,212,213,214,215,215,217,220,225,226,226,252,253,255
84047071,US,USA,840,47071.0,Hardin,Tennessee,US,35.19732531,-88.18593755,"Hardin, Tennessee, US",0,0,0,0,0,0,0,0,0,0,0,0,0,0,0,0,0,0,0,0,0,0,0,0,0,0,0,0,0,0,0,0,0,0,0,0,0,0,0,0,0,0,0,0,0,0,0,0,0,0,0,0,0,0,0,0,0,0,0,0,0,1,1,1,1,1,1,1,1,1,2,2,2,2,2,2,2,2,2,2,2,2,2,2,2,4,4,4,4,4,4,4,4,4,5,5,5,5,5,5,5,5,7,7,7,7,7,7,7,8,8,8,8,9,9,9,9,10,10,10,10,10,11,11,11,11,11,11,12,15,15,15,18,22,22,22,23,31,31,30,31,30,30,31,33,37,40,44,46,51,53,57
84047073,US,USA,840,47073.0,Hawkins,Tennessee,US,36.44355426,-82.94885298,"Hawkins, Tennessee, US",0,0,0,0,0,0,0,0,0,0,0,0,0,0,0,0,0,0,0,0,0,0,0,0,0,0,0,0,0,0,0,0,0,0,0,0,0,0,0,0,0,0,0,0,0,0,0,0,0,0,0,0,0,0,0,0,0,0,0,0,0,0,0,1,1,2,2,2,2,4,5,7,8,9,10,14,16,18,21,22,22,23,24,24,24,26,26,27,27,27,28,28,28,28,29,29,29,30,30,30,30,30,30,31,31,31,31,31,31,31,31,32,31,32,32,31,31,31,31,31,31,31,31,31,31,31,31,31,32,33,33,33,35,34,34,34,34,34,34,34,34,34,34,34,34,34,35,37,37,38,38,39
84047075,US,USA,840,47075.0,Haywood,Tennessee,US,35.58332824,-89.28536625,"Haywood, Tennessee, US",0,0,0,0,0,0,0,0,0,0,0,0,0,0,0,0,0,0,0,0,0,0,0,0,0,0,0,0,0,0,0,0,0,0,0,0,0,0,0,0,0,0,0,0,0,0,0,0,0,0,0,0,0,0,0,0,0,0,0,0,0,0,0,0,0,0,0,2,2,2,2,2,2,2,3,5,6,7,9,13,13,13,12,12,12,12,12,12,13,13,13,13,14,15,17,18,19,19,19,20,23,23,25,27,27,26,26,26,26,26,26,28,28,29,29,29,29,29,29,29,29,29,29,29,29,29,30,30,30,31,31,31,32,33,33,34,34,36,36,35,35,35,36,36,37,37,37,39,39,40,41,45
84047077,US,USA,840,47077.0,Henderson,Tennessee,US,35.65581134,-88.38600175,"Henderson, Tennessee, US",0,0,0,0,0,0,0,0,0,0,0,0,0,0,0,0,0,0,0,0,0,0,0,0,0,0,0,0,0,0,0,0,0,0,0,0,0,0,0,0,0,0,0,0,0,0,0,0,0,0,0,0,0,0,0,0,0,0,0,0,0,0,0,0,0,0,0,0,0,0,0,0,0,0,1,1,2,2,2,2,2,2,2,2,2,2,2,2,4,4,5,5,5,5,5,6,6,6,6,7,7,9,9,9,10,10,10,10,10,10,10,10,10,11,11,12,12,12,12,12,12,12,12,12,13,13,14,14,15,15,15,15,15,15,15,15,15,15,15,16,16,17,17,18,18,19,19,19,19,19,20,21
84047079,US,USA,840,47079.0,Henry,Tennessee,US,36.33160906,-88.30121797,"Henry, Tennessee, US",0,0,0,0,0,0,0,0,0,0,0,0,0,0,0,0,0,0,0,0,0,0,0,0,0,0,0,0,0,0,0,0,0,0,0,0,0,0,0,0,0,0,0,0,0,0,0,0,0,0,0,0,0,0,0,0,0,0,0,0,0,0,0,0,0,0,0,1,1,1,1,4,4,4,4,5,6,6,6,6,6,6,8,8,8,8,8,9,9,9,9,9,11,11,11,11,11,11,11,13,13,13,13,13,13,13,14,14,15,15,15,15,15,16,17,17,17,19,20,20,28,29,29,29,29,29,30,30,30,30,30,30,31,31,32,32,32,32,32,33,33,34,34,34,35,35,35,35,35,36,36,36
84047081,US,USA,840,47081.0,Hickman,Tennessee,US,35.80609681,-87.47643507,"Hickman, Tennessee, US",0,0,0,0,0,0,0,0,0,0,0,0,0,0,0,0,0,0,0,0,0,0,0,0,0,0,0,0,0,0,0,0,0,0,0,0,0,0,0,0,0,0,0,0,0,0,0,0,0,0,0,0,0,0,0,0,0,0,0,0,0,0,0,0,0,0,0,0,0,0,1,1,1,1,2,2,2,2,2,2,2,2,2,2,2,2,2,2,2,2,3,3,16,20,40,41,42,43,43,44,44,44,45,45,47,47,48,48,49,52,52,52,52,52,52,52,52,52,52,52,52,52,54,54,53,53,54,57,57,58,58,58,58,58,58,59,62,62,62,60,60,60,61,61,61,62,62,62,62,63,64,64
84047083,US,USA,840,47083.0,Houston,Tennessee,US,36.28872054,-87.71878828,"Houston, Tennessee, US",0,0,0,0,0,0,0,0,0,0,0,0,0,0,0,0,0,0,0,0,0,0,0,0,0,0,0,0,0,0,0,0,0,0,0,0,0,0,0,0,0,0,0,0,0,0,0,0,0,0,0,0,0,0,0,0,0,0,0,0,1,1,1,3,3,2,2,2,2,1,1,1,1,2,2,2,2,2,2,3,3,3,3,3,3,4,4,4,4,4,4,4,4,4,4,4,4,4,5,5,5,5,5,5,6,6,6,6,6,6,6,6,6,6,6,6,6,6,7,7,7,7,7,7,7,7,8,8,8,8,8,8,8,8,8,8,8,8,8,9,9,9,9,10,10,10,10,10,10,10,10,10
84047085,US,USA,840,47085.0,Humphreys,Tennessee,US,36.03958805,-87.77992872,"Humphreys, Tennessee, US",0,0,0,0,0,0,0,0,0,0,0,0,0,0,0,0,0,0,0,0,0,0,0,0,0,0,0,0,0,0,0,0,0,0,0,0,0,0,0,0,0,0,0,0,0,0,0,0,0,0,0,0,0,0,0,0,0,0,0,0,0,0,0,0,0,0,0,0,0,2,2,2,3,3,3,3,4,4,4,4,4,4,4,4,4,4,4,4,7,6,6,6,7,7,9,9,10,10,10,10,11,11,11,11,11,11,11,11,11,12,12,12,12,12,12,12,12,12,12,12,12,12,12,12,13,13,13,13,13,13,13,13,15,15,15,16,16,16,17,18,18,17,18,18,18,18,18,18,18,18,18,18
84047087,US,USA,840,47087.0,Jackson,Tennessee,US,36.36380466,-85.67239905,"Jackson, Tennessee, US",0,0,0,0,0,0,0,0,0,0,0,0,0,0,0,0,0,0,0,0,0,0,0,0,0,0,0,0,0,0,0,0,0,0,0,0,0,0,0,0,0,0,0,0,0,0,0,0,0,0,0,0,0,0,0,0,0,0,0,0,0,0,0,0,0,0,0,0,0,0,0,0,3,3,3,3,3,4,5,5,5,5,7,7,7,6,6,6,6,6,6,6,6,7,7,7,7,7,7,7,7,7,7,7,7,7,8,8,8,10,10,10,10,10,10,11,11,11,13,13,13,14,16,17,17,17,17,17,17,17,17,17,19,19,19,19,19,19,19,19,19,19,19,20,20,20,20,20,21,21,21,21
84047089,US,USA,840,47089.0,Jefferson,Tennessee,US,36.04818632,-83.45148924,"Jefferson, Tennessee, US",0,0,0,0,0,0,0,0,0,0,0,0,0,0,0,0,0,0,0,0,0,0,0,0,0,0,0,0,0,0,0,0,0,0,0,0,0,0,0,0,0,0,0,0,0,0,0,0,0,0,0,1,1,1,1,1,1,1,1,1,2,3,4,4,4,5,5,5,5,6,6,6,6,6,6,7,10,12,12,13,14,15,16,16,16,16,16,16,15,16,16,16,16,17,17,18,18,18,18,19,20,22,24,28,27,26,26,26,26,26,26,26,26,26,26,26,26,26,26,26,27,27,27,27,27,28,28,28,28,28,28,28,28,28,29,29,29,29,29,31,31,36,42,43,45,45,46,48,51,59,61,61
84047091,US,USA,840,47091.0,Johnson,Tennessee,US,36.45523950000001,-81.84886538,"Johnson, Tennessee, US",0,0,0,0,0,0,0,0,0,0,0,0,0,0,0,0,0,0,0,0,0,0,0,0,0,0,0,0,0,0,0,0,0,0,0,0,0,0,0,0,0,0,0,0,0,0,0,0,0,0,0,0,0,0,0,0,0,0,0,0,0,0,0,0,0,0,0,2,2,2,2,2,2,2,2,2,2,2,2,2,2,2,2,2,2,2,2,2,2,2,2,2,2,2,2,2,3,3,3,3,3,3,3,5,5,7,5,5,5,5,5,11,15,15,15,15,15,15,15,15,15,15,15,15,15,15,15,16,16,16,16,16,16,19,19,19,20,21,22,22,23,24,24,24,24,25,25,25,26,26,26,26
84047093,US,USA,840,47093.0,Knox,Tennessee,US,35.99508821,-83.94635435,"Knox, Tennessee, US",0,0,0,0,0,0,0,0,0,0,0,0,0,0,0,0,0,0,0,0,0,0,0,0,0,0,0,0,0,0,0,0,0,0,0,0,0,0,0,0,0,0,0,0,0,0,0,0,0,0,1,1,1,1,1,2,2,2,2,4,5,12,15,20,26,31,33,38,57,66,78,92,98,99,115,119,143,148,157,164,169,169,173,174,174,179,182,194,194,193,196,196,203,204,210,210,214,214,221,228,233,236,243,249,251,252,253,255,262,263,280,286,295,297,302,303,303,308,313,313,321,322,326,331,336,345,356,357,366,375,375,375,410,436,435,445,461,469,481,491,500,511,525,539,553,560,569,573,594,609,638,656
84047095,US,USA,840,47095.0,Lake,Tennessee,US,36.34180170000001,-89.48921915,"Lake, Tennessee, US",0,0,0,0,0,0,0,0,0,0,0,0,0,0,0,0,0,0,0,0,0,0,0,0,0,0,0,0,0,0,0,0,0,0,0,0,0,0,0,0,0,0,0,0,0,0,0,0,0,0,0,0,0,0,0,0,0,0,0,0,0,0,0,0,0,0,0,0,0,0,0,0,0,0,0,0,0,0,0,0,0,0,4,4,4,4,4,4,4,4,4,4,20,46,48,48,49,50,53,55,55,55,57,58,58,59,59,59,59,59,61,99,300,401,401,401,404,404,403,403,403,406,408,409,410,413,413,413,413,414,414,414,765,835,835,835,835,835,835,730,730,688,691,691,691,691,689,689,689,689,689,689
84047097,US,USA,840,47097.0,Lauderdale,Tennessee,US,35.75893438,-89.63015909999999,"Lauderdale, Tennessee, US",0,0,0,0,0,0,0,0,0,0,0,0,0,0,0,0,0,0,0,0,0,0,0,0,0,0,0,0,0,0,0,0,0,0,0,0,0,0,0,0,0,0,0,0,0,0,0,0,0,0,0,0,0,0,0,0,0,0,0,0,0,0,0,0,0,0,0,0,0,0,1,2,2,2,2,5,5,6,7,8,8,8,9,9,9,12,12,13,15,16,16,16,16,17,16,18,17,17,19,21,21,21,24,25,25,25,25,25,26,26,36,40,40,43,43,44,44,44,48,48,51,51,51,51,56,56,56,56,56,56,56,56,59,59,59,60,60,60,60,60,60,60,61,61,63,65,68,71,71,71,71,72
84047099,US,USA,840,47099.0,Lawrence,Tennessee,US,35.21675201,-87.39787695,"Lawrence, Tennessee, US",0,0,0,0,0,0,0,0,0,0,0,0,0,0,0,0,0,0,0,0,0,0,0,0,0,0,0,0,0,0,0,0,0,0,0,0,0,0,0,0,0,0,0,0,0,0,0,0,0,0,0,0,0,0,0,0,0,0,0,0,0,0,0,0,0,0,0,0,0,2,2,2,3,3,3,4,6,10,11,12,12,12,13,15,15,15,15,15,15,15,16,16,16,16,16,16,17,17,17,17,17,17,17,17,17,17,19,19,20,20,21,21,21,21,21,21,21,21,21,21,22,23,24,24,24,24,24,24,29,31,31,31,32,33,33,35,36,38,40,41,48,52,57,60,64,65,70,72,76,78,81,81
84047101,US,USA,840,47101.0,Lewis,Tennessee,US,35.52853208,-87.49022694,"Lewis, Tennessee, US",0,0,0,0,0,0,0,0,0,0,0,0,0,0,0,0,0,0,0,0,0,0,0,0,0,0,0,0,0,0,0,0,0,0,0,0,0,0,0,0,0,0,0,0,0,0,0,0,0,0,0,0,0,0,0,0,0,0,0,0,0,0,0,1,2,2,2,2,2,2,2,2,2,2,2,2,2,2,2,2,2,2,2,2,2,2,2,2,2,2,2,2,2,2,2,2,2,2,2,2,2,2,2,2,2,2,2,2,2,2,2,2,2,2,2,2,2,2,2,2,2,3,3,3,3,3,3,3,3,3,3,3,3,3,3,3,3,4,4,4,4,5,5,5,6,6,5,5,5,5,5,5
84047103,US,USA,840,47103.0,Lincoln,Tennessee,US,35.13738622,-86.58910106,"Lincoln, Tennessee, US",0,0,0,0,0,0,0,0,0,0,0,0,0,0,0,0,0,0,0,0,0,0,0,0,0,0,0,0,0,0,0,0,0,0,0,0,0,0,0,0,0,0,0,0,0,0,0,0,0,0,0,0,0,0,0,0,0,0,0,0,0,1,1,1,1,1,1,1,1,1,2,2,4,5,5,5,6,7,7,8,8,8,9,9,9,9,9,9,10,10,11,11,11,11,12,12,12,12,13,13,14,14,14,16,16,16,16,16,16,16,16,16,16,16,16,16,16,16,17,17,22,26,26,26,25,25,25,25,25,25,25,25,28,29,29,30,32,32,32,33,34,36,42,44,47,47,47,48,48,48,49,49
84047105,US,USA,840,47105.0,Loudon,Tennessee,US,35.73939663,-84.31145275,"Loudon, Tennessee, US",0,0,0,0,0,0,0,0,0,0,0,0,0,0,0,0,0,0,0,0,0,0,0,0,0,0,0,0,0,0,0,0,0,0,0,0,0,0,0,0,0,0,0,0,0,0,0,0,0,0,0,0,0,0,0,0,0,0,0,0,1,1,2,3,6,6,6,8,8,8,8,9,12,13,13,13,15,15,15,16,16,16,16,17,17,18,19,21,22,23,23,23,24,25,25,27,27,28,32,33,32,37,37,39,39,39,38,39,39,41,43,44,46,46,48,48,48,94,97,97,110,130,131,132,136,136,137,137,142,143,143,143,154,157,161,165,168,168,170,171,174,174,188,196,198,199,210,214,221,226,230,232
84047107,US,USA,840,47107.0,McMinn,Tennessee,US,35.42812616,-84.61520715,"McMinn, Tennessee, US",0,0,0,0,0,0,0,0,0,0,0,0,0,0,0,0,0,0,0,0,0,0,0,0,0,0,0,0,0,0,0,0,0,0,0,0,0,0,0,0,0,0,0,0,0,0,0,0,0,0,0,0,0,0,0,0,0,0,0,0,1,2,2,2,3,3,3,3,3,3,3,3,3,3,3,3,3,3,3,4,4,4,5,5,5,5,6,6,6,6,6,6,6,7,10,14,65,70,89,92,94,97,100,103,106,107,108,113,116,117,122,122,123,123,123,123,123,123,125,125,124,124,133,134,135,135,136,136,136,141,141,141,143,144,146,146,150,150,153,159,159,161,162,165,165,168,169,170,171,172,172,173
84047109,US,USA,840,47109.0,McNairy,Tennessee,US,35.17468549,-88.5647812,"McNairy, Tennessee, US",0,0,0,0,0,0,0,0,0,0,0,0,0,0,0,0,0,0,0,0,0,0,0,0,0,0,0,0,0,0,0,0,0,0,0,0,0,0,0,0,0,0,0,0,0,0,0,0,0,0,0,0,0,0,0,0,0,0,0,0,0,0,0,0,0,0,0,1,1,1,1,3,3,3,3,4,5,7,9,9,9,9,9,9,9,9,9,9,9,9,9,9,10,11,11,11,11,11,11,11,11,11,11,11,11,11,11,11,11,11,11,11,12,12,12,12,12,12,12,12,12,12,12,12,12,12,12,12,12,12,12,12,15,15,15,15,19,23,24,23,24,25,26,27,27,31,31,33,35,38,38,40
84047111,US,USA,840,47111.0,Macon,Tennessee,US,36.53157855,-86.00778595,"Macon, Tennessee, US",0,0,0,0,0,0,0,0,0,0,0,0,0,0,0,0,0,0,0,0,0,0,0,0,0,0,0,0,0,0,0,0,0,0,0,0,0,0,0,0,0,0,0,0,0,0,0,0,0,0,0,0,0,0,0,0,0,0,0,0,0,0,0,0,1,1,2,3,3,4,4,5,7,7,9,11,12,16,18,19,23,24,26,27,27,29,30,31,33,34,34,34,35,35,37,38,39,39,39,40,41,44,50,53,53,54,55,57,58,58,59,69,71,74,75,81,81,90,93,93,93,97,97,100,101,108,119,124,130,136,136,136,157,158,166,171,177,178,181,185,186,191,191,190,204,207,209,209,216,217,219,222
84047113,US,USA,840,47113.0,Madison,Tennessee,US,35.61181957,-88.84076036,"Madison, Tennessee, US",0,0,0,0,0,0,0,0,0,0,0,0,0,0,0,0,0,0,0,0,0,0,0,0,0,0,0,0,0,0,0,0,0,0,0,0,0,0,0,0,0,0,0,0,0,0,0,0,0,0,0,0,0,0,0,0,0,0,0,0,0,0,1,2,2,3,3,3,3,5,7,13,17,19,19,22,43,43,47,56,56,59,68,73,73,75,73,83,86,87,90,90,96,98,99,101,104,128,131,135,136,138,140,142,140,144,145,148,150,151,156,157,156,157,160,162,163,163,162,162,162,163,164,165,173,174,174,175,175,175,175,175,175,173,173,173,174,178,179,181,183,182,182,182,184,184,183,188,188,190,192,193
84047115,US,USA,840,47115.0,Marion,Tennessee,US,35.12997174,-85.62265895,"Marion, Tennessee, US",0,0,0,0,0,0,0,0,0,0,0,0,0,0,0,0,0,0,0,0,0,0,0,0,0,0,0,0,0,0,0,0,0,0,0,0,0,0,0,0,0,0,0,0,0,0,0,0,0,0,0,0,0,0,0,0,0,0,0,0,1,1,1,1,2,2,4,5,5,5,8,13,14,16,16,20,21,21,22,22,24,25,26,26,26,27,27,28,28,28,28,28,28,28,28,28,28,28,28,29,29,29,29,29,29,29,29,29,29,29,29,29,29,30,30,31,32,33,34,34,35,35,36,36,36,37,37,38,39,40,40,40,42,42,44,44,45,45,45,45,46,47,48,49,49,49,49,49,49,48,49,50
84047117,US,USA,840,47117.0,Marshall,Tennessee,US,35.45798777,-86.76420988,"Marshall, Tennessee, US",0,0,0,0,0,0,0,0,0,0,0,0,0,0,0,0,0,0,0,0,0,0,0,0,0,0,0,0,0,0,0,0,0,0,0,0,0,0,0,0,0,0,0,0,0,0,0,0,0,0,0,0,0,0,0,0,0,0,0,0,0,0,0,0,0,0,0,0,0,1,1,2,4,4,6,9,9,9,9,9,9,9,9,9,9,9,12,13,16,16,22,22,22,22,22,22,22,22,22,22,23,23,23,24,24,23,24,24,24,24,24,24,24,25,25,26,26,27,26,26,27,28,28,28,29,29,29,30,31,31,31,31,32,33,33,34,36,36,36,37,40,39,40,40,41,41,43,44,45,44,46,46
84047119,US,USA,840,47119.0,Maury,Tennessee,US,35.618741299999996,-87.07462444,"Maury, Tennessee, US",0,0,0,0,0,0,0,0,0,0,0,0,0,0,0,0,0,0,0,0,0,0,0,0,0,0,0,0,0,0,0,0,0,0,0,0,0,0,0,0,0,0,0,0,0,0,0,0,0,0,0,0,0,0,0,0,0,0,0,1,2,6,6,7,7,7,8,8,8,15,17,18,20,21,21,24,26,29,31,32,32,32,33,33,33,33,33,34,34,34,34,34,35,36,38,40,41,40,42,42,44,44,44,49,49,51,52,52,55,55,55,57,58,60,60,61,63,68,71,71,74,78,78,78,79,80,81,81,88,89,89,89,102,105,107,108,115,115,116,124,128,139,147,149,152,163,171,177,198,205,218,220
84047121,US,USA,840,47121.0,Meigs,Tennessee,US,35.51558739,-84.81482914,"Meigs, Tennessee, US",0,0,0,0,0,0,0,0,0,0,0,0,0,0,0,0,0,0,0,0,0,0,0,0,0,0,0,0,0,0,0,0,0,0,0,0,0,0,0,0,0,0,0,0,0,0,0,0,0,0,0,0,0,0,0,0,0,0,0,0,0,0,0,0,1,1,1,1,1,1,1,2,2,2,2,2,2,3,3,3,3,3,3,3,3,3,3,3,3,3,3,3,5,5,5,6,6,6,8,8,9,9,9,10,10,11,17,18,22,22,22,22,22,22,22,22,22,22,22,22,22,22,25,25,25,25,25,26,26,26,26,26,27,27,27,27,27,27,27,27,27,28,29,29,29,29,30,29,30,30,30,31
84047123,US,USA,840,47123.0,Monroe,Tennessee,US,35.44550387,-84.24902965,"Monroe, Tennessee, US",0,0,0,0,0,0,0,0,0,0,0,0,0,0,0,0,0,0,0,0,0,0,0,0,0,0,0,0,0,0,0,0,0,0,0,0,0,0,0,0,0,0,0,0,0,0,0,0,0,0,0,0,0,0,0,0,0,0,0,3,3,2,2,2,2,2,3,3,3,5,5,5,5,6,6,6,6,6,7,8,8,8,8,9,9,9,9,10,10,11,11,11,12,12,12,13,15,14,16,20,21,22,21,29,32,26,26,29,30,28,31,33,33,37,38,41,41,49,51,51,55,57,57,57,56,58,59,61,61,62,62,62,66,69,71,74,75,75,76,75,75,75,85,86,86,86,91,93,97,108,107,108
84047125,US,USA,840,47125.0,Montgomery,Tennessee,US,36.49609412,-87.38550661,"Montgomery, Tennessee, US",0,0,0,0,0,0,0,0,0,0,0,0,0,0,0,0,0,0,0,0,0,0,0,0,0,0,0,0,0,0,0,0,0,0,0,0,0,0,0,0,0,0,0,0,0,0,0,0,0,0,0,0,0,0,0,0,0,0,1,3,3,3,6,6,6,9,11,13,13,19,27,37,41,46,51,54,65,72,79,84,88,97,102,102,102,102,102,108,119,122,124,124,130,132,134,136,138,139,141,146,146,148,148,149,151,153,155,161,172,174,180,188,191,199,203,204,206,213,216,216,217,218,234,240,248,251,258,261,262,269,269,269,277,283,286,287,287,294,301,310,310,312,319,324,332,339,341,341,356,363,368,384
84047127,US,USA,840,47127.0,Moore,Tennessee,US,35.27724699,-86.36230578,"Moore, Tennessee, US",0,0,0,0,0,0,0,0,0,0,0,0,0,0,0,0,0,0,0,0,0,0,0,0,0,0,0,0,0,0,0,0,0,0,0,0,0,0,0,0,0,0,0,0,0,0,0,0,0,0,0,0,0,0,0,0,0,0,0,0,0,0,0,0,0,0,0,0,0,0,0,0,0,0,0,0,0,0,0,0,0,0,0,0,0,1,1,1,2,2,2,2,3,3,3,3,3,3,3,3,3,3,3,3,3,3,3,3,3,3,3,3,3,3,3,3,3,3,3,3,3,3,3,3,3,3,3,3,3,3,3,3,4,5,5,5,5,5,5,5,5,5,5,5,5,5,5,5,5,5,5,5
84047129,US,USA,840,47129.0,Morgan,Tennessee,US,36.13248031,-84.64880098,"Morgan, Tennessee, US",0,0,0,0,0,0,0,0,0,0,0,0,0,0,0,0,0,0,0,0,0,0,0,0,0,0,0,0,0,0,0,0,0,0,0,0,0,0,0,0,0,0,0,0,0,0,0,0,0,0,0,0,0,0,0,0,0,0,0,0,0,0,0,0,0,0,1,1,1,1,1,1,2,4,4,5,5,5,5,5,5,5,5,6,6,5,5,5,5,5,5,5,5,5,6,6,6,6,6,6,6,6,6,6,6,6,6,6,10,12,12,12,12,12,12,12,12,12,17,17,17,17,17,17,17,17,17,17,17,17,17,17,17,17,17,18,18,19,19,19,19,18,18,19,19,20,21,21,22,22,22,22
84047131,US,USA,840,47131.0,Obion,Tennessee,US,36.35732446,-89.14921589,"Obion, Tennessee, US",0,0,0,0,0,0,0,0,0,0,0,0,0,0,0,0,0,0,0,0,0,0,0,0,0,0,0,0,0,0,0,0,0,0,0,0,0,0,0,0,0,0,0,0,0,0,0,0,0,0,0,0,0,0,0,0,0,0,0,0,0,0,0,0,0,0,0,1,1,1,2,2,2,2,2,2,3,4,4,5,7,7,8,8,8,8,8,9,9,9,9,9,12,12,12,12,12,12,12,13,14,15,15,17,16,15,15,16,16,16,16,16,16,17,17,17,19,19,19,19,20,21,24,24,24,27,28,28,30,30,30,30,40,43,45,48,52,56,56,53,53,53,56,56,61,63,67,67,68,71,71,71
84047133,US,USA,840,47133.0,Overton,Tennessee,US,36.34117832,-85.28989535,"Overton, Tennessee, US",0,0,0,0,0,0,0,0,0,0,0,0,0,0,0,0,0,0,0,0,0,0,0,0,0,0,0,0,0,0,0,0,0,0,0,0,0,0,0,0,0,0,0,0,0,0,0,0,0,0,0,0,0,0,0,0,0,0,0,0,0,0,1,1,1,1,2,2,2,2,2,2,2,2,3,4,4,5,5,5,5,5,5,5,5,7,7,7,7,7,7,7,7,7,7,7,8,8,8,8,8,9,9,9,10,10,11,11,11,11,14,14,14,14,14,14,14,16,18,18,18,18,20,20,21,23,25,26,26,26,26,26,32,32,32,33,34,35,35,35,36,36,37,37,37,38,38,38,38,40,41,42
84047135,US,USA,840,47135.0,Perry,Tennessee,US,35.63708728,-87.86139634,"Perry, Tennessee, US",0,0,0,0,0,0,0,0,0,0,0,0,0,0,0,0,0,0,0,0,0,0,0,0,0,0,0,0,0,0,0,0,0,0,0,0,0,0,0,0,0,0,0,0,0,0,0,0,0,0,0,0,0,0,0,0,0,0,0,0,1,2,1,1,1,2,2,2,2,2,2,2,2,3,3,3,3,3,3,3,3,3,4,4,4,5,6,6,6,6,6,6,8,8,8,8,8,8,8,9,12,12,12,12,12,13,13,13,13,13,13,13,13,13,13,13,13,13,13,13,13,13,13,13,13,13,13,16,17,21,21,21,23,24,24,24,24,24,24,24,24,24,25,27,27,27,28,28,28,28,28,28
84047137,US,USA,840,47137.0,Pickett,Tennessee,US,36.55606529,-85.07763299999998,"Pickett, Tennessee, US",0,0,0,0,0,0,0,0,0,0,0,0,0,0,0,0,0,0,0,0,0,0,0,0,0,0,0,0,0,0,0,0,0,0,0,0,0,0,0,0,0,0,0,0,0,0,0,0,0,0,0,0,0,0,0,0,0,0,0,0,0,0,0,0,0,0,0,0,0,0,0,0,0,0,0,0,0,0,0,0,0,0,0,0,0,0,0,0,0,0,0,0,0,0,0,0,0,0,0,0,0,0,0,0,0,0,0,0,0,1,1,1,1,1,1,1,1,2,2,2,2,2,3,3,3,3,3,3,3,3,3,3,3,3,3,3,4,4,4,4,4,4,4,4,4,4,4,4,4,4,4,4
84047139,US,USA,840,47139.0,Polk,Tennessee,US,35.12245443,-84.52075859,"Polk, Tennessee, US",0,0,0,0,0,0,0,0,0,0,0,0,0,0,0,0,0,0,0,0,0,0,0,0,0,0,0,0,0,0,0,0,0,0,0,0,0,0,0,0,0,0,0,0,0,0,0,0,0,0,0,0,0,0,0,0,0,0,0,0,0,0,0,0,0,0,0,0,0,0,0,1,2,3,3,3,3,3,3,5,5,5,5,5,5,5,5,5,5,5,5,5,7,6,6,7,7,8,7,8,8,11,11,12,12,12,12,12,12,12,12,12,12,12,12,12,13,14,14,14,14,14,14,14,14,14,15,15,15,16,16,16,18,18,19,19,21,21,23,24,24,24,28,29,29,29,29,32,32,32,32,32
84047141,US,USA,840,47141.0,Putnam,Tennessee,US,36.14005459,-85.50646123,"Putnam, Tennessee, US",0,0,0,0,0,0,0,0,0,0,0,0,0,0,0,0,0,0,0,0,0,0,0,0,0,0,0,0,0,0,0,0,0,0,0,0,0,0,0,0,0,0,0,0,0,0,0,0,0,0,0,0,0,0,0,0,0,0,0,5,6,6,8,9,11,13,17,17,17,24,31,37,50,52,52,55,57,81,82,84,85,87,87,92,92,93,93,94,95,96,95,95,101,101,106,109,114,115,119,121,122,136,136,139,160,162,162,166,166,175,178,180,190,204,206,232,235,240,286,286,321,350,359,377,380,410,428,461,465,479,479,479,507,519,524,525,529,552,552,569,571,572,588,588,601,610,613,612,630,643,655,663
84047143,US,USA,840,47143.0,Rhea,Tennessee,US,35.60536161,-84.93076643,"Rhea, Tennessee, US",0,0,0,0,0,0,0,0,0,0,0,0,0,0,0,0,0,0,0,0,0,0,0,0,0,0,0,0,0,0,0,0,0,0,0,0,0,0,0,0,0,0,0,0,0,0,0,0,0,0,0,0,0,0,0,0,0,0,0,0,0,0,0,0,0,0,0,0,0,1,1,0,0,0,0,0,0,0,0,0,0,0,0,0,0,0,0,1,2,2,3,3,4,4,3,3,3,3,4,5,5,5,5,5,6,6,6,6,6,6,6,6,6,6,7,7,7,10,15,15,188,193,194,195,197,197,197,198,209,210,210,210,214,214,217,217,218,218,221,219,220,220,222,228,232,239,239,243,243,247,253,256
84047145,US,USA,840,47145.0,Roane,Tennessee,US,35.84923189,-84.52458689,"Roane, Tennessee, US",0,0,0,0,0,0,0,0,0,0,0,0,0,0,0,0,0,0,0,0,0,0,0,0,0,0,0,0,0,0,0,0,0,0,0,0,0,0,0,0,0,0,0,0,0,0,0,0,0,0,0,0,0,0,0,0,0,0,0,1,1,1,1,1,1,1,1,2,2,2,2,3,3,5,5,5,5,5,5,5,5,5,5,5,5,6,7,8,8,8,8,8,8,8,7,7,7,7,7,7,7,7,7,8,8,7,8,8,8,8,8,8,8,8,8,8,8,9,9,9,9,10,13,15,15,15,16,16,16,16,16,16,16,16,16,17,19,21,21,23,23,23,33,33,33,33,32,32,32,34,34,34
84047147,US,USA,840,47147.0,Robertson,Tennessee,US,36.52454807,-86.87346725,"Robertson, Tennessee, US",0,0,0,0,0,0,0,0,0,0,0,0,0,0,0,0,0,0,0,0,0,0,0,0,0,0,0,0,0,0,0,0,0,0,0,0,0,0,0,0,0,0,0,0,0,0,0,0,0,0,0,0,0,0,0,0,1,1,1,2,3,6,12,15,20,22,23,25,25,28,35,41,51,51,59,60,65,67,70,73,81,84,88,88,88,94,95,105,113,116,117,117,126,125,127,136,138,139,139,148,157,168,179,184,185,186,195,207,219,218,220,244,245,250,263,274,274,294,298,298,317,335,360,371,389,414,426,441,449,465,465,465,511,516,523,542,545,553,567,580,584,594,597,609,633,649,657,658,670,703,701,705
84047149,US,USA,840,47149.0,Rutherford,Tennessee,US,35.84591405,-86.4107263,"Rutherford, Tennessee, US",0,0,0,0,0,0,0,0,0,0,0,0,0,0,0,0,0,0,0,0,0,0,0,0,0,0,0,0,0,0,0,0,0,0,0,0,0,0,0,0,0,0,0,0,0,0,0,0,0,0,0,1,1,1,1,1,1,1,1,5,8,9,13,19,27,39,46,48,48,68,86,113,127,140,147,161,178,193,203,222,235,243,250,253,253,269,271,295,309,328,338,338,352,364,387,405,423,434,448,474,502,547,579,603,620,655,661,685,720,725,745,764,780,796,814,847,847,884,906,906,930,950,977,998,1029,1063,1090,1116,1162,1196,1196,1196,1278,1321,1343,1398,1443,1479,1522,1568,1600,1620,1653,1675,1719,1775,1820,1851,1888,1990,2019,2060
84047151,US,USA,840,47151.0,Scott,Tennessee,US,36.42325673,-84.50360494,"Scott, Tennessee, US",0,0,0,0,0,0,0,0,0,0,0,0,0,0,0,0,0,0,0,0,0,0,0,0,0,0,0,0,0,0,0,0,0,0,0,0,0,0,0,0,0,0,0,0,0,0,0,0,0,0,0,0,0,0,0,0,0,0,0,2,2,1,1,1,1,2,2,2,2,2,3,3,3,3,3,3,4,5,5,8,8,8,9,10,10,11,11,11,11,11,12,12,11,11,11,11,11,11,11,11,11,11,11,12,12,11,11,11,11,11,11,11,11,11,11,11,11,12,11,11,11,11,11,11,11,11,11,11,12,12,12,12,12,12,12,13,13,14,14,13,14,14,14,14,14,14,14,14,15,15,14,14
84047153,US,USA,840,47153.0,Sequatchie,Tennessee,US,35.36979721,-85.41022136,"Sequatchie, Tennessee, US",0,0,0,0,0,0,0,0,0,0,0,0,0,0,0,0,0,0,0,0,0,0,0,0,0,0,0,0,0,0,0,0,0,0,0,0,0,0,0,0,0,0,0,0,0,0,0,0,0,0,0,0,0,0,0,0,0,0,0,0,0,0,0,0,0,0,0,0,0,1,1,2,2,2,2,2,2,1,1,1,1,1,3,3,3,3,3,3,3,3,3,3,3,3,4,5,5,5,5,5,5,5,5,5,5,7,7,6,6,6,6,6,7,10,10,10,10,10,9,9,10,10,10,10,11,12,13,15,15,15,15,15,19,19,20,20,20,20,21,21,21,21,21,22,22,22,22,23,23,22,22,24
84047155,US,USA,840,47155.0,Sevier,Tennessee,US,35.78077323,-83.52244332,"Sevier, Tennessee, US",0,0,0,0,0,0,0,0,0,0,0,0,0,0,0,0,0,0,0,0,0,0,0,0,0,0,0,0,0,0,0,0,0,0,0,0,0,0,0,0,0,0,0,0,0,0,0,0,0,0,0,0,0,0,1,1,1,1,1,2,1,1,2,2,3,6,6,6,6,8,9,10,13,13,14,16,18,19,21,21,21,21,22,22,22,22,22,24,24,26,29,29,34,35,42,45,46,46,48,49,49,49,51,58,60,60,63,65,65,65,65,65,65,65,66,68,68,69,68,68,69,70,72,72,72,75,75,76,80,81,81,81,90,94,97,100,109,110,129,158,178,184,206,229,233,248,285,297,342,387,411,420
84047157,US,USA,840,47157.0,Shelby,Tennessee,US,35.1864775,-89.89692423,"Shelby, Tennessee, US",0,0,0,0,0,0,0,0,0,0,0,0,0,0,0,0,0,0,0,0,0,0,0,0,0,0,0,0,0,0,0,0,0,0,0,0,0,0,0,0,0,0,0,0,0,0,1,1,1,1,2,2,2,2,2,3,4,10,4,42,66,93,135,170,198,223,275,362,396,428,496,638,640,689,736,766,835,912,1006,1083,1147,1215,1331,1359,1359,1508,1492,1682,1778,1839,1873,1873,1953,2001,2086,2296,2327,2376,2432,2507,2599,2672,2815,2878,2901,3010,3066,3108,3189,3260,3372,3429,3475,3542,3595,3681,3726,3846,3936,3936,4033,4127,4225,4336,4451,4516,4615,4718,4823,4943,4943,4943,5313,5428,5546,5669,5812,5860,6005,6125,6204,6365,6451,6537,6773,6954,7104,7183,7290,7623,7737,7916
84047159,US,USA,840,47159.0,Smith,Tennessee,US,36.25359775,-85.95411046,"Smith, Tennessee, US",0,0,0,0,0,0,0,0,0,0,0,0,0,0,0,0,0,0,0,0,0,0,0,0,0,0,0,0,0,0,0,0,0,0,0,0,0,0,0,0,0,0,0,0,0,0,0,0,0,0,0,0,0,0,0,0,0,0,0,0,0,0,0,0,0,1,1,1,1,2,3,3,3,3,3,3,3,3,5,5,7,10,10,10,10,10,11,12,13,14,14,14,18,19,19,19,19,20,20,21,22,22,22,24,23,23,23,24,24,24,24,24,24,24,24,24,24,25,29,29,29,29,29,30,30,30,30,30,32,34,34,34,36,37,36,36,36,36,37,37,37,37,39,40,40,41,43,43,46,48,49,50
84047161,US,USA,840,47161.0,Stewart,Tennessee,US,36.50235092,-87.83920548,"Stewart, Tennessee, US",0,0,0,0,0,0,0,0,0,0,0,0,0,0,0,0,0,0,0,0,0,0,0,0,0,0,0,0,0,0,0,0,0,0,0,0,0,0,0,0,0,0,0,0,0,0,0,0,0,0,0,0,0,0,0,0,0,0,0,0,0,0,0,0,0,0,0,0,0,0,0,0,0,1,2,2,2,2,2,3,4,4,4,4,4,4,4,5,6,6,6,6,7,6,6,7,7,7,7,7,7,7,7,8,7,7,7,7,7,7,7,7,7,7,7,7,7,7,8,8,8,8,8,9,9,9,10,11,11,11,11,11,13,13,13,14,15,15,15,14,14,14,14,14,16,16,16,16,17,17,17,17
84047163,US,USA,840,47163.0,Sullivan,Tennessee,US,36.51240691,-82.30412917,"Sullivan, Tennessee, US",0,0,0,0,0,0,0,0,0,0,0,0,0,0,0,0,0,0,0,0,0,0,0,0,0,0,0,0,0,0,0,0,0,0,0,0,0,0,0,0,0,0,0,0,0,0,0,0,0,1,1,1,1,1,1,1,1,1,1,1,1,2,2,2,4,6,6,8,8,13,17,17,18,18,21,25,26,27,34,35,37,37,42,43,43,43,45,45,45,45,45,45,47,47,48,47,47,47,48,49,49,49,51,57,59,52,52,54,54,54,54,54,54,56,57,57,57,57,57,57,60,61,61,61,61,62,60,60,60,60,60,60,60,60,60,60,62,62,62,66,67,67,70,70,70,70,70,71,71,72,72,72
84047165,US,USA,840,47165.0,Sumner,Tennessee,US,36.46824103,-86.45917204,"Sumner, Tennessee, US",0,0,0,0,0,0,0,0,0,0,0,0,0,0,0,0,0,0,0,0,0,0,0,0,0,0,0,0,0,0,0,0,0,0,0,0,0,0,0,0,0,0,0,0,0,0,0,0,0,0,0,0,0,0,0,0,2,2,11,11,22,34,34,36,43,58,82,93,179,184,201,268,283,301,321,335,361,376,389,413,435,445,454,466,466,478,491,497,509,518,530,530,556,573,584,593,603,608,619,623,632,640,653,663,665,671,672,683,693,698,699,708,714,720,724,737,739,749,768,768,778,792,809,811,827,838,843,852,858,881,881,881,913,931,938,951,967,975,987,1011,1033,1049,1059,1075,1088,1105,1112,1119,1130,1155,1165,1181
84047167,US,USA,840,47167.0,Tipton,Tennessee,US,35.501942,-89.73694895,"Tipton, Tennessee, US",0,0,0,0,0,0,0,0,0,0,0,0,0,0,0,0,0,0,0,0,0,0,0,0,0,0,0,0,0,0,0,0,0,0,0,0,0,0,0,0,0,0,0,0,0,0,0,0,0,0,0,0,0,0,0,0,0,0,0,2,5,6,6,6,8,10,11,15,15,21,22,24,28,31,33,36,38,38,39,43,44,49,50,52,52,53,54,55,56,83,83,83,87,88,91,94,95,96,98,98,98,99,146,148,149,155,158,158,158,159,373,395,400,402,402,403,403,405,407,407,409,423,426,426,427,427,428,430,437,442,442,442,455,459,461,467,475,479,480,487,488,491,497,501,510,520,525,534,541,551,554,562
84047169,US,USA,840,47169.0,Trousdale,Tennessee,US,36.39026213,-86.16087954,"Trousdale, Tennessee, US",0,0,0,0,0,0,0,0,0,0,0,0,0,0,0,0,0,0,0,0,0,0,0,0,0,0,0,0,0,0,0,0,0,0,0,0,0,0,0,0,0,0,0,0,0,0,0,0,0,0,0,0,0,0,0,0,0,0,0,0,0,0,0,0,0,0,1,1,1,4,5,6,7,7,8,11,14,14,14,14,17,17,20,20,20,19,19,20,22,21,23,23,27,29,47,48,48,50,122,123,1020,1344,1346,1348,1352,1355,1356,1355,1357,1357,1363,1364,1381,1382,1382,1382,1383,1383,1384,1384,1385,1390,1390,1393,1392,1392,1392,1393,1393,1392,1392,1392,1396,1394,1394,1394,1394,1394,1397,1397,1397,1399,1458,1458,1458,1458,1460,1460,1464,1464,1466,1466
84047171,US,USA,840,47171.0,Unicoi,Tennessee,US,36.10890856,-82.43709629,"Unicoi, Tennessee, US",0,0,0,0,0,0,0,0,0,0,0,0,0,0,0,0,0,0,0,0,0,0,0,0,0,0,0,0,0,0,0,0,0,0,0,0,0,0,0,0,0,0,0,0,0,0,0,0,0,0,0,0,0,0,0,0,0,0,0,0,0,0,0,0,0,1,1,1,1,1,1,1,1,1,1,1,1,1,2,1,1,1,1,1,1,1,1,1,1,1,1,1,1,1,1,1,1,1,1,1,2,2,2,2,2,2,2,2,2,3,3,3,3,3,3,3,3,3,3,3,3,3,3,3,3,3,3,4,4,4,4,4,49,48,48,49,52,52,52,52,52,52,52,53,53,53,52,52,52,52,52,52
84047173,US,USA,840,47173.0,Union,Tennessee,US,36.28590426,-83.83651902,"Union, Tennessee, US",0,0,0,0,0,0,0,0,0,0,0,0,0,0,0,0,0,0,0,0,0,0,0,0,0,0,0,0,0,0,0,0,0,0,0,0,0,0,0,0,0,0,0,0,0,0,0,0,0,0,0,0,0,0,0,0,0,0,0,0,0,0,0,0,0,0,1,1,1,1,1,1,1,1,1,1,1,2,1,3,3,3,3,3,3,3,3,3,3,3,3,3,3,3,3,3,3,3,3,3,3,3,3,3,3,3,3,3,3,3,3,3,4,4,4,4,4,4,4,4,4,4,4,4,4,4,4,4,4,4,4,4,5,4,4,4,4,4,4,5,5,6,7,8,8,8,9,9,9,9,9,10
84047175,US,USA,840,47175.0,Van Buren,Tennessee,US,35.69864497,-85.45221699,"Van Buren, Tennessee, US",0,0,0,0,0,0,0,0,0,0,0,0,0,0,0,0,0,0,0,0,0,0,0,0,0,0,0,0,0,0,0,0,0,0,0,0,0,0,0,0,0,0,0,0,0,0,0,0,0,0,0,0,0,0,0,0,0,0,0,0,0,0,0,0,0,0,0,0,0,0,0,0,0,0,0,0,0,0,0,0,0,0,1,1,1,1,1,1,1,1,1,1,1,1,2,2,2,2,2,2,2,2,2,2,2,2,2,2,2,2,2,2,2,2,3,3,3,4,4,4,4,4,4,4,4,4,4,4,4,4,4,4,4,4,4,4,4,4,4,4,4,4,4,4,4,5,5,5,5,5,5,5
84047177,US,USA,840,47177.0,Warren,Tennessee,US,35.672829899999996,-85.77969117,"Warren, Tennessee, US",0,0,0,0,0,0,0,0,0,0,0,0,0,0,0,0,0,0,0,0,0,0,0,0,0,0,0,0,0,0,0,0,0,0,0,0,0,0,0,0,0,0,0,0,0,0,0,0,0,0,0,0,0,0,0,0,0,0,0,0,0,0,0,0,0,0,0,0,0,1,1,1,1,1,1,1,2,2,3,3,4,4,4,4,4,4,4,4,5,5,4,4,4,5,5,5,7,7,7,7,8,8,8,8,8,10,10,10,12,12,12,13,13,14,14,15,15,16,16,16,16,16,19,19,21,21,22,22,23,23,23,23,26,26,26,27,28,28,31,32,32,32,32,32,33,33,35,35,36,36,33,34
84047179,US,USA,840,47179.0,Washington,Tennessee,US,36.29472368,-82.49454720000001,"Washington, Tennessee, US",0,0,0,0,0,0,0,0,0,0,0,0,0,0,0,0,0,0,0,0,0,0,0,0,0,0,0,0,0,0,0,0,0,0,0,0,0,0,0,0,0,0,0,0,0,0,0,0,0,0,0,0,0,0,0,0,0,0,2,2,2,6,7,7,9,10,14,14,14,14,21,20,20,22,23,24,27,30,32,37,37,42,42,44,44,45,46,46,46,46,46,46,46,46,49,52,54,54,54,54,55,57,57,57,58,59,59,60,61,61,65,65,64,66,66,66,66,66,70,70,68,68,72,73,73,75,75,75,75,75,75,75,75,75,75,76,86,86,86,86,87,88,88,90,90,90,91,93,99,101,101,102
84047181,US,USA,840,47181.0,Wayne,Tennessee,US,35.23868267,-87.78644456,"Wayne, Tennessee, US",0,0,0,0,0,0,0,0,0,0,0,0,0,0,0,0,0,0,0,0,0,0,0,0,0,0,0,0,0,0,0,0,0,0,0,0,0,0,0,0,0,0,0,0,0,0,0,0,0,0,0,0,0,0,0,0,0,0,0,0,0,0,0,0,0,0,0,0,0,1,1,2,2,2,2,2,2,2,2,2,2,2,2,2,2,2,2,2,2,2,2,2,2,2,2,2,2,4,4,4,4,4,4,4,4,4,4,4,3,3,3,3,3,3,61,63,63,63,63,63,63,63,63,63,63,63,63,63,63,64,64,64,64,64,64,64,64,64,64,64,64,64,64,64,64,64,64,64,64,64,64,64
84047183,US,USA,840,47183.0,Weakley,Tennessee,US,36.29896232,-88.71990865,"Weakley, Tennessee, US",0,0,0,0,0,0,0,0,0,0,0,0,0,0,0,0,0,0,0,0,0,0,0,0,0,0,0,0,0,0,0,0,0,0,0,0,0,0,0,0,0,0,0,0,0,0,0,0,0,0,0,0,0,0,0,0,0,0,0,0,0,1,0,0,0,0,1,1,1,1,1,1,1,1,5,5,5,5,5,5,5,5,6,6,6,6,6,6,8,8,8,8,9,10,16,19,18,18,21,23,23,23,23,24,25,24,24,24,24,24,24,24,24,24,24,24,24,26,27,27,26,26,26,26,26,26,26,26,26,26,26,26,26,26,26,26,26,26,26,26,26,27,28,30,30,30,32,35,36,39,41,42
84047185,US,USA,840,47185.0,White,Tennessee,US,35.92929884,-85.45591799,"White, Tennessee, US",0,0,0,0,0,0,0,0,0,0,0,0,0,0,0,0,0,0,0,0,0,0,0,0,0,0,0,0,0,0,0,0,0,0,0,0,0,0,0,0,0,0,0,0,0,0,0,0,0,0,0,0,0,0,0,0,0,0,0,0,0,0,0,1,1,1,1,1,1,1,2,2,2,2,2,2,2,2,3,3,3,3,4,4,4,4,4,4,4,4,4,4,4,4,4,4,4,5,6,7,7,7,14,15,15,15,16,16,16,16,16,17,17,17,17,18,18,19,21,21,22,22,24,27,27,27,28,30,31,33,33,33,34,34,33,34,38,41,43,45,45,44,46,46,48,48,49,50,51,52,53,54
84047187,US,USA,840,47187.0,Williamson,Tennessee,US,35.89099229,-86.89281867,"Williamson, Tennessee, US",0,0,0,0,0,0,0,0,0,0,0,0,0,0,0,0,0,0,0,0,0,0,0,0,0,0,0,0,0,0,0,0,0,0,0,0,0,0,0,0,0,0,0,1,1,1,1,1,1,5,8,9,10,10,18,21,24,30,35,47,48,53,64,66,70,91,95,101,101,131,148,199,221,239,258,260,278,287,288,299,312,318,318,322,322,321,324,336,348,357,359,359,369,377,381,397,399,399,408,411,416,419,427,431,439,436,434,441,441,443,445,447,453,456,462,471,471,480,492,492,491,500,503,512,522,527,532,533,542,552,552,552,567,577,589,595,606,621,630,648,654,662,670,675,686,703,723,730,742,767,775,782
84047189,US,USA,840,47189.0,Wilson,Tennessee,US,36.15496772,-86.29775884,"Wilson, Tennessee, US",0,0,0,0,0,0,0,0,0,0,0,0,0,0,0,0,0,0,0,0,0,0,0,0,0,0,0,0,0,0,0,0,0,0,0,0,0,0,0,0,0,0,0,0,0,0,0,0,0,0,0,0,0,0,0,0,0,0,1,3,2,6,7,10,13,20,20,27,27,39,45,62,71,82,93,97,113,117,123,129,135,135,143,145,145,155,161,171,181,185,187,187,196,197,199,233,246,249,250,253,259,268,273,276,281,287,288,290,297,300,302,306,309,312,316,318,318,327,338,338,344,343,343,355,363,371,382,387,389,407,407,407,430,442,449,459,469,475,477,488,499,501,511,512,515,518,537,544,565,580,595,616
84048001,US,USA,840,48001.0,Anderson,Texas,US,31.81534745,-95.65354823,"Anderson, Texas, US",0,0,0,0,0,0,0,0,0,0,0,0,0,0,0,0,0,0,0,0,0,0,0,0,0,0,0,0,0,0,0,0,0,0,0,0,0,0,0,0,0,0,0,0,0,0,0,0,0,0,0,0,0,0,0,0,0,0,0,0,0,0,0,0,0,0,0,0,0,1,1,1,1,1,1,1,2,2,2,3,3,3,3,4,6,6,6,6,8,8,10,14,16,18,18,19,23,26,29,29,32,32,32,34,38,40,40,41,41,41,41,50,50,51,52,54,54,54,60,61,63,63,63,66,66,66,66,66,66,72,72,72,76,78,85,87,87,87,88,91,91,95,95,102,102,102,102,990,1003,1007,1006,1006
84048003,US,USA,840,48003.0,Andrews,Texas,US,32.30468633,-102.63765479999999,"Andrews, Texas, US",0,0,0,0,0,0,0,0,0,0,0,0,0,0,0,0,0,0,0,0,0,0,0,0,0,0,0,0,0,0,0,0,0,0,0,0,0,0,0,0,0,0,0,0,0,0,0,0,0,0,0,0,0,0,0,0,0,0,0,0,0,0,0,0,0,0,1,0,0,0,0,0,1,1,6,6,10,10,10,11,11,12,12,13,13,19,19,19,19,19,19,19,19,19,19,19,19,19,19,19,20,20,21,21,21,21,21,21,21,21,21,22,22,22,22,22,22,22,22,22,22,22,22,24,27,27,27,27,27,27,27,27,27,27,27,27,27,27,27,27,27,27,27,28,28,28,30,30,33,35,42,44
84048005,US,USA,840,48005.0,Angelina,Texas,US,31.25457347,-94.60901487,"Angelina, Texas, US",0,0,0,0,0,0,0,0,0,0,0,0,0,0,0,0,0,0,0,0,0,0,0,0,0,0,0,0,0,0,0,0,0,0,0,0,0,0,0,0,0,0,0,0,0,0,0,0,0,0,0,0,0,0,0,0,0,0,0,0,0,0,0,0,1,2,1,3,3,5,5,5,8,10,10,14,14,14,15,16,16,16,16,18,17,20,23,23,23,23,30,30,33,33,36,36,36,46,49,53,54,55,55,55,79,86,93,100,100,100,100,117,117,119,131,139,139,139,154,154,168,168,168,175,175,175,193,201,201,205,205,205,215,232,232,232,237,237,237,237,281,281,309,309,309,309,331,352,352,366,380,380
84048007,US,USA,840,48007.0,Aransas,Texas,US,28.10556197,-96.9995047,"Aransas, Texas, US",0,0,0,0,0,0,0,0,0,0,0,0,0,0,0,0,0,0,0,0,0,0,0,0,0,0,0,0,0,0,0,0,0,0,0,0,0,0,0,0,0,0,0,0,0,0,0,0,0,0,0,0,0,0,0,0,0,0,0,0,0,0,0,0,0,0,0,0,2,0,0,0,0,0,1,1,2,2,2,2,2,2,2,2,2,2,2,2,2,2,2,2,2,2,2,2,2,2,2,2,2,2,2,2,2,2,2,2,2,2,2,2,2,3,3,3,3,3,3,4,5,5,5,5,5,5,5,5,5,5,5,5,5,5,5,5,5,5,5,5,5,5,6,6,6,6,7,7,7,7,7,7
84048009,US,USA,840,48009.0,Archer,Texas,US,33.61569967,-98.68754589,"Archer, Texas, US",0,0,0,0,0,0,0,0,0,0,0,0,0,0,0,0,0,0,0,0,0,0,0,0,0,0,0,0,0,0,0,0,0,0,0,0,0,0,0,0,0,0,0,0,0,0,0,0,0,0,0,0,0,0,0,0,0,0,0,0,0,0,0,0,0,0,0,0,0,0,0,0,0,0,0,0,0,0,0,0,0,0,0,0,0,0,0,0,0,0,0,0,0,0,0,0,0,0,0,0,0,0,0,0,0,0,0,0,0,0,0,0,0,0,1,1,1,1,1,1,1,1,1,1,1,1,1,1,1,1,1,1,1,1,1,2,2,2,2,3,3,3,3,3,3,3,3,3,3,3,3,3
84048011,US,USA,840,48011.0,Armstrong,Texas,US,34.96507426,-101.35748740000001,"Armstrong, Texas, US",0,0,0,0,0,0,0,0,0,0,0,0,0,0,0,0,0,0,0,0,0,0,0,0,0,0,0,0,0,0,0,0,0,0,0,0,0,0,0,0,0,0,0,0,0,0,0,0,0,0,0,0,0,0,0,0,0,0,0,0,0,0,0,0,0,0,0,0,0,0,0,0,0,0,0,0,0,0,0,0,0,0,0,1,1,1,1,1,1,1,1,1,1,1,2,2,2,2,2,2,2,2,2,2,2,2,2,2,2,2,2,2,2,2,2,2,2,2,2,2,2,2,2,2,2,2,2,2,2,3,3,3,3,3,3,3,3,3,3,3,3,3,3,2,2,2,2,3,3,3,3,3
84048013,US,USA,840,48013.0,Atascosa,Texas,US,28.89333001,-98.52730485,"Atascosa, Texas, US",0,0,0,0,0,0,0,0,0,0,0,0,0,0,0,0,0,0,0,0,0,0,0,0,0,0,0,0,0,0,0,0,0,0,0,0,0,0,0,0,0,0,0,0,0,0,0,0,0,0,0,0,0,0,0,0,0,0,0,0,2,2,2,2,2,2,2,2,2,2,2,2,2,2,2,3,4,5,5,7,8,9,9,9,9,9,10,10,12,12,14,14,14,14,14,14,14,16,16,19,19,19,19,19,19,21,22,22,22,22,24,27,27,27,30,30,30,30,32,32,35,35,35,35,35,35,35,35,35,35,37,37,37,37,38,41,41,42,42,42,45,43,43,42,42,42,42,42,45,62,69,70
84048015,US,USA,840,48015.0,Austin,Texas,US,29.88548725,-96.27736949,"Austin, Texas, US",0,0,0,0,0,0,0,0,0,0,0,0,0,0,0,0,0,0,0,0,0,0,0,0,0,0,0,0,0,0,0,0,0,0,0,0,0,0,0,0,0,0,0,0,0,0,0,0,0,0,0,0,0,0,0,0,0,0,0,0,0,0,0,0,1,1,1,2,2,2,2,4,4,4,5,5,6,7,7,8,8,10,11,12,12,12,12,12,12,12,12,12,12,12,12,12,12,12,13,13,13,13,13,13,13,14,14,14,15,15,15,15,15,16,17,19,19,19,20,20,21,21,21,22,22,22,24,24,24,25,26,27,27,27,27,29,29,29,29,32,31,31,33,34,34,34,36,37,42,42,43,45
84048017,US,USA,840,48017.0,Bailey,Texas,US,34.06854817,-102.8299707,"Bailey, Texas, US",0,0,0,0,0,0,0,0,0,0,0,0,0,0,0,0,0,0,0,0,0,0,0,0,0,0,0,0,0,0,0,0,0,0,0,0,0,0,0,0,0,0,0,0,0,0,0,0,0,0,0,0,0,0,0,0,0,0,0,0,0,0,0,0,0,0,0,0,0,0,0,0,0,0,0,0,0,0,0,0,0,0,0,0,0,0,0,0,0,0,0,0,0,0,0,0,0,0,0,0,0,0,0,0,1,2,2,2,2,3,3,3,3,3,3,6,6,8,10,10,10,10,10,10,10,10,14,14,14,17,17,17,17,19,19,24,26,26,26,26,28,29,30,34,34,34,40,52,83,83,83,83
84048019,US,USA,840,48019.0,Bandera,Texas,US,29.74619598,-99.24598147,"Bandera, Texas, US",0,0,0,0,0,0,0,0,0,0,0,0,0,0,0,0,0,0,0,0,0,0,0,0,0,0,0,0,0,0,0,0,0,0,0,0,0,0,0,0,0,0,0,0,0,0,0,0,0,0,0,0,0,0,0,0,0,0,0,0,0,0,0,0,0,0,0,0,0,0,0,0,0,0,0,0,0,1,1,2,2,2,2,2,2,3,4,4,4,4,4,4,4,4,4,6,6,6,6,6,6,6,6,6,6,6,6,6,6,6,6,6,6,6,6,6,6,6,6,6,6,6,6,6,6,6,6,6,6,6,6,6,6,6,6,6,6,6,6,6,6,6,7,7,7,7,7,7,8,13,15,15
84048021,US,USA,840,48021.0,Bastrop,Texas,US,30.10370699,-97.31206354,"Bastrop, Texas, US",0,0,0,0,0,0,0,0,0,0,0,0,0,0,0,0,0,0,0,0,0,0,0,0,0,0,0,0,0,0,0,0,0,0,0,0,0,0,0,0,0,0,0,0,0,0,0,0,0,0,0,0,0,0,0,0,0,0,0,0,0,0,1,1,2,2,4,5,6,6,8,10,10,10,10,11,15,17,18,23,26,26,27,27,32,38,42,42,44,44,49,51,53,57,57,58,59,59,67,73,82,83,86,89,98,100,107,106,108,109,110,117,120,125,128,132,132,132,148,152,161,161,161,177,182,184,190,196,196,204,211,212,220,231,240,245,250,255,255,270,279,285,288,293,295,295,313,338,346,338,340,340
84048023,US,USA,840,48023.0,Baylor,Texas,US,33.61640794,-99.21352901,"Baylor, Texas, US",0,0,0,0,0,0,0,0,0,0,0,0,0,0,0,0,0,0,0,0,0,0,0,0,0,0,0,0,0,0,0,0,0,0,0,0,0,0,0,0,0,0,0,0,0,0,0,0,0,0,0,0,0,0,0,0,0,0,0,0,0,0,0,0,0,0,0,0,0,0,0,0,0,0,0,0,0,0,0,0,0,0,0,0,0,0,0,0,0,0,0,0,0,0,0,0,0,0,0,0,0,0,0,0,0,0,0,0,0,0,0,0,0,0,0,0,0,0,0,0,0,0,0,0,0,0,0,0,0,0,0,0,0,0,0,3,1,1,1,1,1,1,1,1,1,1,1,1,1,1,1,1
84048025,US,USA,840,48025.0,Bee,Texas,US,28.41761668,-97.74215593,"Bee, Texas, US",0,0,0,0,0,0,0,0,0,0,0,0,0,0,0,0,0,0,0,0,0,0,0,0,0,0,0,0,0,0,0,0,0,0,0,0,0,0,0,0,0,0,0,0,0,0,0,0,0,0,0,0,0,0,0,0,0,0,0,0,0,0,0,0,0,0,0,0,0,0,0,0,0,0,0,0,0,0,1,2,2,2,2,3,3,3,5,5,5,5,5,5,6,6,6,6,6,5,5,6,6,6,6,6,6,6,6,6,6,6,6,6,6,6,6,6,6,6,6,7,8,8,8,9,9,9,9,9,9,9,9,9,10,11,11,18,22,22,22,24,26,27,31,31,31,31,32,32,32,33,34,36
84048027,US,USA,840,48027.0,Bell,Texas,US,31.03736027,-97.4785025,"Bell, Texas, US",0,0,0,0,0,0,0,0,0,0,0,0,0,0,0,0,0,0,0,0,0,0,0,0,0,0,0,0,0,0,0,0,0,0,0,0,0,0,0,0,0,0,0,0,0,0,0,0,0,0,0,0,1,1,2,2,3,6,7,8,10,16,18,19,20,25,28,28,36,44,46,51,51,58,58,68,71,74,84,84,91,101,101,107,110,115,124,126,126,126,135,145,153,161,165,165,165,173,180,189,189,193,194,194,210,210,213,218,220,220,220,223,231,237,242,248,248,248,260,267,282,282,282,298,298,298,329,335,335,356,362,378,391,411,423,432,446,446,446,473,507,530,574,605,629,629,651,672,722,769,818,822
84048029,US,USA,840,48029.0,Bexar,Texas,US,29.44928723,-98.52019748,"Bexar, Texas, US",0,0,0,0,0,0,0,0,0,0,0,0,0,0,0,0,0,0,0,0,0,0,0,0,0,0,0,0,0,0,0,0,0,0,0,0,0,0,0,0,0,0,0,0,0,0,0,0,0,0,0,1,2,2,3,4,11,29,29,39,46,57,69,69,84,113,125,140,157,168,207,229,254,342,384,410,456,503,554,615,665,723,772,794,815,890,918,959,992,1015,1029,1080,1167,1334,1334,1334,1334,1275,1307,1374,1374,1477,1585,1585,1652,1677,1761,1805,1805,1835,1901,1901,1942,1976,1976,2120,2120,2120,2278,2278,2322,2371,2392,2418,2418,2449,2449,2583,2583,2636,2825,2830,2839,2882,2882,3018,3143,3143,3311,3333,3513,3648,3840,4012,4242,4393,4437,4876,5142,5550,5962,6344
84048031,US,USA,840,48031.0,Blanco,Texas,US,30.26640707,-98.3999852,"Blanco, Texas, US",0,0,0,0,0,0,0,0,0,0,0,0,0,0,0,0,0,0,0,0,0,0,0,0,0,0,0,0,0,0,0,0,0,0,0,0,0,0,0,0,0,0,0,0,0,0,0,0,0,0,0,0,0,0,0,0,0,0,0,0,0,1,1,1,1,1,1,1,1,1,1,1,1,2,2,2,4,4,4,4,4,4,4,4,4,4,5,5,5,5,5,5,6,6,6,6,6,6,6,6,6,6,6,6,6,6,6,6,6,6,6,6,6,6,6,6,6,6,6,7,7,7,7,8,8,8,8,8,8,10,11,11,11,11,11,11,11,11,11,12,12,11,11,11,11,11,11,12,13,14,14,14
84048033,US,USA,840,48033.0,Borden,Texas,US,32.74363984,-101.43165090000001,"Borden, Texas, US",0,0,0,0,0,0,0,0,0,0,0,0,0,0,0,0,0,0,0,0,0,0,0,0,0,0,0,0,0,0,0,0,0,0,0,0,0,0,0,0,0,0,0,0,0,0,0,0,0,0,0,0,0,0,0,0,0,0,0,0,0,0,0,0,0,0,0,0,0,0,0,0,0,0,0,0,0,0,0,0,0,0,0,0,0,0,0,0,0,0,0,0,0,0,0,0,0,0,0,0,0,0,0,0,0,0,0,0,0,0,0,0,0,0,0,0,0,0,0,0,0,0,0,0,0,0,0,0,0,0,0,0,0,0,0,0,0,0,0,0,0,0,0,0,0,0,0,0,0,0,0,0
84048035,US,USA,840,48035.0,Bosque,Texas,US,31.89978581,-97.63613524,"Bosque, Texas, US",0,0,0,0,0,0,0,0,0,0,0,0,0,0,0,0,0,0,0,0,0,0,0,0,0,0,0,0,0,0,0,0,0,0,0,0,0,0,0,0,0,0,0,0,0,0,0,0,0,0,0,0,0,0,0,0,0,0,0,0,0,0,0,0,0,0,0,0,0,0,0,0,0,0,0,0,0,0,0,0,0,0,0,0,1,1,1,1,1,1,3,3,3,3,3,4,4,4,4,4,4,4,4,4,5,5,5,5,5,5,5,6,6,6,6,6,6,6,6,6,6,6,6,6,6,6,6,6,6,7,7,7,7,7,7,7,7,7,7,7,7,7,7,7,7,7,7,7,7,7,7,10
84048037,US,USA,840,48037.0,Bowie,Texas,US,33.44626922,-94.41834132,"Bowie, Texas, US",0,0,0,0,0,0,0,0,0,0,0,0,0,0,0,0,0,0,0,0,0,0,0,0,0,0,0,0,0,0,0,0,0,0,0,0,0,0,0,0,0,0,0,0,0,0,0,0,0,0,0,0,0,0,1,1,1,1,1,1,1,1,1,1,1,2,3,3,4,9,9,9,10,17,17,14,17,20,23,29,30,32,32,32,37,45,53,56,57,57,64,66,66,67,67,68,68,69,69,70,74,76,76,76,79,76,76,76,76,76,76,80,82,120,122,130,133,133,137,174,176,176,176,153,153,153,156,189,189,197,265,267,270,287,296,301,312,336,336,351,358,363,367,370,373,372,377,381,384,394,398,400
84048039,US,USA,840,48039.0,Brazoria,Texas,US,29.18757369,-95.44563172,"Brazoria, Texas, US",0,0,0,0,0,0,0,0,0,0,0,0,0,0,0,0,0,0,0,0,0,0,0,0,0,0,0,0,0,0,0,0,0,0,0,0,0,0,0,0,0,0,0,0,0,0,0,0,0,0,0,0,2,2,2,2,3,4,10,14,14,16,28,28,39,39,61,61,68,95,95,109,123,144,144,167,173,173,184,199,216,225,237,250,259,272,285,302,304,315,333,345,392,417,417,445,449,464,476,485,509,537,542,551,566,588,588,613,644,656,661,673,686,710,712,721,727,767,786,795,805,805,825,835,838,843,853,861,861,894,907,917,929,941,957,967,990,990,990,770,770,790,813,813,850,864,1495,1525,1558,1609,1669,1728
84048041,US,USA,840,48041.0,Brazos,Texas,US,30.663644800000004,-96.30205577,"Brazos, Texas, US",0,0,0,0,0,0,0,0,0,0,0,0,0,0,0,0,0,0,0,0,0,0,0,0,0,0,0,0,0,0,0,0,0,0,0,0,0,0,0,0,0,0,0,0,0,0,0,0,0,0,0,0,0,0,0,1,3,4,6,10,12,12,16,21,28,31,40,44,46,53,63,68,72,75,94,94,97,108,108,116,134,134,143,143,149,151,164,169,169,170,170,173,177,181,181,181,182,182,188,193,202,208,208,208,209,219,232,256,256,265,271,278,287,301,305,312,318,325,333,341,362,362,362,436,438,441,444,455,455,470,477,483,487,501,517,532,565,605,626,634,665,684,710,721,781,803,821,880,1025,1095,1163,1225
84048043,US,USA,840,48043.0,Brewster,Texas,US,29.81008251,-103.25203259999999,"Brewster, Texas, US",0,0,0,0,0,0,0,0,0,0,0,0,0,0,0,0,0,0,0,0,0,0,0,0,0,0,0,0,0,0,0,0,0,0,0,0,0,0,0,0,0,0,0,0,0,0,0,0,0,0,0,0,0,0,0,0,0,0,0,0,0,0,0,0,0,0,0,0,0,0,0,0,0,0,0,0,0,0,0,0,0,0,0,0,0,0,0,0,0,0,0,0,0,0,0,0,0,0,0,0,1,1,1,1,1,1,1,1,1,1,1,1,1,1,1,1,1,1,1,1,1,1,1,1,1,1,1,1,1,1,1,1,1,1,1,1,1,1,1,1,1,1,1,4,7,11,13,18,22,24,24,24
84048045,US,USA,840,48045.0,Briscoe,Texas,US,34.53026962,-101.2084947,"Briscoe, Texas, US",0,0,0,0,0,0,0,0,0,0,0,0,0,0,0,0,0,0,0,0,0,0,0,0,0,0,0,0,0,0,0,0,0,0,0,0,0,0,0,0,0,0,0,0,0,0,0,0,0,0,0,0,0,0,0,0,0,0,0,0,0,0,0,0,0,0,0,0,0,0,0,0,0,0,0,0,0,0,0,0,0,0,0,0,0,0,0,0,0,0,0,0,0,0,0,0,0,0,0,0,0,1,1,1,1,1,1,1,1,1,1,1,1,1,1,1,1,1,1,1,1,1,1,1,1,1,1,1,1,1,1,1,1,1,1,1,1,1,1,1,1,1,1,1,1,1,1,1,1,1,1,1
84048047,US,USA,840,48047.0,Brooks,Texas,US,27.03103197,-98.21808402,"Brooks, Texas, US",0,0,0,0,0,0,0,0,0,0,0,0,0,0,0,0,0,0,0,0,0,0,0,0,0,0,0,0,0,0,0,0,0,0,0,0,0,0,0,0,0,0,0,0,0,0,0,0,0,0,0,0,0,0,0,0,0,0,0,0,0,0,0,0,0,0,0,0,0,0,0,0,0,0,0,0,0,0,0,0,0,0,0,0,0,0,0,0,0,0,0,1,1,1,1,1,1,1,1,1,1,1,1,1,1,1,1,1,1,1,1,1,1,1,1,1,1,1,1,1,1,1,1,1,1,1,1,1,1,1,1,1,1,1,1,1,1,1,1,1,1,1,1,1,2,2,3,3,3,3,3,3
84048049,US,USA,840,48049.0,Brown,Texas,US,31.77430356,-98.99907113,"Brown, Texas, US",0,0,0,0,0,0,0,0,0,0,0,0,0,0,0,0,0,0,0,0,0,0,0,0,0,0,0,0,0,0,0,0,0,0,0,0,0,0,0,0,0,0,0,0,0,0,0,0,0,0,0,0,0,0,0,0,1,1,2,2,2,2,2,2,3,3,3,3,3,3,3,3,4,4,6,6,6,6,8,8,10,10,11,11,11,12,12,12,13,13,13,13,17,17,17,17,28,34,34,36,36,36,36,36,38,38,38,38,38,38,38,38,51,51,51,51,51,51,51,55,55,55,55,56,56,57,57,57,57,58,58,58,59,59,59,59,59,59,59,60,60,60,60,60,60,60,61,61,61,62,62,62
84048051,US,USA,840,48051.0,Burleson,Texas,US,30.49273808,-96.62158484,"Burleson, Texas, US",0,0,0,0,0,0,0,0,0,0,0,0,0,0,0,0,0,0,0,0,0,0,0,0,0,0,0,0,0,0,0,0,0,0,0,0,0,0,0,0,0,0,0,0,0,0,0,0,0,0,0,0,0,0,0,0,0,0,0,0,0,0,0,0,0,0,1,1,1,1,1,1,1,2,2,2,5,5,5,6,6,6,6,6,8,8,9,9,9,9,9,10,11,11,11,11,11,12,12,12,13,14,14,14,14,14,14,15,15,15,15,16,16,17,17,18,18,18,20,20,20,20,20,22,22,22,22,23,23,24,24,25,25,26,28,29,32,32,32,35,39,39,40,41,41,41,45,48,53,53,54,55
84048053,US,USA,840,48053.0,Burnet,Texas,US,30.78801353,-98.181887,"Burnet, Texas, US",0,0,0,0,0,0,0,0,0,0,0,0,0,0,0,0,0,0,0,0,0,0,0,0,0,0,0,0,0,0,0,0,0,0,0,0,0,0,0,0,0,0,0,0,0,0,0,0,0,0,0,0,0,0,0,0,0,0,0,0,1,1,1,1,1,1,1,2,3,3,3,4,4,4,4,4,5,5,5,6,6,6,6,6,7,7,8,8,8,9,13,13,14,14,14,14,15,15,16,19,19,20,20,23,24,24,24,25,26,26,26,28,28,28,28,28,28,28,28,28,29,29,29,29,29,29,30,32,32,36,37,38,39,45,49,49,51,54,54,55,55,56,56,61,62,62,62,66,75,79,80,80
84048055,US,USA,840,48055.0,Caldwell,Texas,US,29.83668859,-97.61814775,"Caldwell, Texas, US",0,0,0,0,0,0,0,0,0,0,0,0,0,0,0,0,0,0,0,0,0,0,0,0,0,0,0,0,0,0,0,0,0,0,0,0,0,0,0,0,0,0,0,0,0,0,0,0,0,0,0,0,0,0,0,0,0,0,0,0,0,0,0,0,0,0,1,1,1,1,1,1,2,3,3,4,5,5,5,6,6,6,6,6,6,7,7,7,7,8,9,9,10,10,10,11,11,11,11,14,14,20,20,21,23,24,25,25,26,27,30,31,33,33,35,36,36,36,39,39,41,41,41,50,50,51,52,57,57,64,65,66,67,73,73,74,76,77,77,79,81,85,87,95,147,147,157,170,190,197,208,216
84048057,US,USA,840,48057.0,Calhoun,Texas,US,28.47048236,-96.61633945,"Calhoun, Texas, US",0,0,0,0,0,0,0,0,0,0,0,0,0,0,0,0,0,0,0,0,0,0,0,0,0,0,0,0,0,0,0,0,0,0,0,0,0,0,0,0,0,0,0,0,0,0,0,0,0,0,0,0,0,0,0,0,0,0,0,0,0,0,0,2,2,3,3,5,6,7,7,8,8,8,11,12,12,12,13,14,14,15,15,19,19,19,21,21,21,21,21,22,23,23,26,26,29,30,30,30,30,31,32,33,34,34,34,36,36,36,36,36,36,36,36,36,36,36,36,37,37,37,37,37,37,37,37,37,37,37,37,37,37,37,37,37,38,39,39,41,42,45,46,46,46,46,46,46,46,52,55,55
84048059,US,USA,840,48059.0,Callahan,Texas,US,32.29760619,-99.37326312,"Callahan, Texas, US",0,0,0,0,0,0,0,0,0,0,0,0,0,0,0,0,0,0,0,0,0,0,0,0,0,0,0,0,0,0,0,0,0,0,0,0,0,0,0,0,0,0,0,0,0,0,0,0,0,0,0,0,0,0,0,0,0,0,0,0,0,0,0,0,0,0,0,0,0,0,0,0,0,0,0,0,1,1,1,1,1,1,1,1,1,1,1,1,1,1,1,1,1,1,1,1,1,2,2,2,2,2,2,2,2,2,5,6,6,6,6,6,7,8,8,8,8,8,8,8,8,8,8,8,8,9,9,9,9,9,9,9,9,9,10,10,10,10,10,10,10,12,12,13,13,13,13,13,13,13,13,13
84048061,US,USA,840,48061.0,Cameron,Texas,US,26.14524221,-97.48140372,"Cameron, Texas, US",0,0,0,0,0,0,0,0,0,0,0,0,0,0,0,0,0,0,0,0,0,0,0,0,0,0,0,0,0,0,0,0,0,0,0,0,0,0,0,0,0,0,0,0,0,0,0,0,0,0,0,0,0,0,0,0,2,0,1,2,6,6,6,7,10,13,13,20,20,26,26,37,55,62,77,87,101,108,118,147,159,195,195,216,239,254,270,279,298,298,310,321,333,344,354,366,366,376,387,401,412,421,432,432,443,454,469,483,494,512,512,527,544,569,582,619,619,619,635,649,664,664,698,698,698,698,711,731,743,754,764,764,776,799,820,841,863,892,892,919,951,990,1031,1081,1138,1138,1178,1236,1301,1371,1454,1546
84048063,US,USA,840,48063.0,Camp,Texas,US,32.97195142,-94.97790104,"Camp, Texas, US",0,0,0,0,0,0,0,0,0,0,0,0,0,0,0,0,0,0,0,0,0,0,0,0,0,0,0,0,0,0,0,0,0,0,0,0,0,0,0,0,0,0,0,0,0,0,0,0,0,0,0,0,0,0,0,0,0,0,0,0,0,0,0,0,0,0,0,0,0,0,1,1,1,1,1,1,2,2,3,3,3,3,3,5,5,6,6,6,6,6,6,6,6,6,6,6,6,6,6,6,6,6,7,7,7,7,7,7,7,7,7,7,11,13,16,21,21,24,26,29,32,32,32,42,44,51,58,74,74,82,83,84,84,84,85,87,91,92,92,95,95,98,98,105,106,108,109,109,109,109,110,110
84048065,US,USA,840,48065.0,Carson,Texas,US,35.40365929,-101.35426690000001,"Carson, Texas, US",0,0,0,0,0,0,0,0,0,0,0,0,0,0,0,0,0,0,0,0,0,0,0,0,0,0,0,0,0,0,0,0,0,0,0,0,0,0,0,0,0,0,0,0,0,0,0,0,0,0,0,0,0,0,0,0,0,0,0,0,0,0,0,0,0,0,0,0,0,0,0,0,0,0,0,0,0,0,0,0,0,0,0,0,0,0,0,0,1,1,1,1,1,1,1,1,1,1,2,2,2,2,3,3,3,3,3,3,3,3,3,3,3,3,3,3,4,5,5,5,6,6,6,6,6,6,6,6,6,6,6,6,6,6,6,6,6,6,6,6,6,6,6,6,6,6,6,6,6,6,6,6
84048067,US,USA,840,48067.0,Cass,Texas,US,33.07499881,-94.34646905,"Cass, Texas, US",0,0,0,0,0,0,0,0,0,0,0,0,0,0,0,0,0,0,0,0,0,0,0,0,0,0,0,0,0,0,0,0,0,0,0,0,0,0,0,0,0,0,0,0,0,0,0,0,0,0,0,0,0,0,0,0,0,0,0,0,0,0,0,1,1,1,2,2,2,2,3,4,4,4,4,3,4,4,4,4,4,5,5,5,6,6,6,10,11,11,13,13,13,13,13,13,13,13,13,13,14,15,15,15,16,17,17,17,17,20,20,21,21,21,21,19,19,20,21,21,21,21,21,21,21,23,25,29,29,29,29,29,30,30,30,30,31,31,31,32,32,33,34,34,34,34,34,35,36,36,36,36
84048069,US,USA,840,48069.0,Castro,Texas,US,34.53016752,-102.2617243,"Castro, Texas, US",0,0,0,0,0,0,0,0,0,0,0,0,0,0,0,0,0,0,0,0,0,0,0,0,0,0,0,0,0,0,0,0,0,0,0,0,0,0,0,0,0,0,0,0,0,0,0,0,0,0,0,0,0,0,0,0,0,0,1,1,2,2,2,5,6,7,8,8,8,8,8,8,9,11,11,11,11,11,11,11,11,11,11,11,11,11,11,11,11,11,11,12,13,13,13,13,13,13,13,13,15,15,15,18,18,20,22,22,22,23,23,23,24,25,27,26,27,27,28,28,29,29,29,32,32,32,32,32,32,33,33,33,33,33,34,34,35,35,35,36,37,37,39,42,42,42,48,48,50,51,51,51
84048071,US,USA,840,48071.0,Chambers,Texas,US,29.70972016,-94.67154501,"Chambers, Texas, US",0,0,0,0,0,0,0,0,0,0,0,0,0,0,0,0,0,0,0,0,0,0,0,0,0,0,0,0,0,0,0,0,0,0,0,0,0,0,0,0,0,0,0,0,0,0,0,0,0,0,0,0,0,0,0,0,0,0,0,0,1,1,1,1,2,2,3,3,5,8,9,9,11,11,11,11,17,19,22,24,24,29,29,29,31,33,34,35,35,35,35,36,41,41,41,41,41,41,41,41,42,43,44,45,45,45,47,47,48,49,50,50,50,50,52,52,53,53,55,58,58,58,58,59,61,61,62,62,62,67,68,68,68,69,73,73,76,76,79,83,86,88,98,104,106,109,116,128,130,138,149,156
84048073,US,USA,840,48073.0,Cherokee,Texas,US,31.837258000000002,-95.16559897,"Cherokee, Texas, US",0,0,0,0,0,0,0,0,0,0,0,0,0,0,0,0,0,0,0,0,0,0,0,0,0,0,0,0,0,0,0,0,0,0,0,0,0,0,0,0,0,0,0,0,0,0,0,0,0,0,0,0,0,0,0,0,0,0,0,0,0,0,0,0,0,1,1,1,1,2,5,5,6,6,6,6,6,6,6,6,6,6,6,8,9,9,10,10,10,10,10,10,12,12,12,12,12,14,14,14,16,17,17,17,19,20,20,20,20,20,20,23,27,27,31,34,34,34,36,38,44,44,44,42,42,42,44,44,44,44,44,44,46,47,49,50,52,52,52,54,54,54,54,54,54,54,61,61,65,67,67,67
84048075,US,USA,840,48075.0,Childress,Texas,US,34.529304100000004,-100.2077916,"Childress, Texas, US",0,0,0,0,0,0,0,0,0,0,0,0,0,0,0,0,0,0,0,0,0,0,0,0,0,0,0,0,0,0,0,0,0,0,0,0,0,0,0,0,0,0,0,0,0,0,0,0,0,0,0,0,0,0,0,0,0,0,0,0,0,0,0,0,0,0,0,0,0,0,0,0,0,0,0,0,0,0,0,0,0,0,0,0,0,0,0,0,1,1,1,1,1,1,1,1,1,1,1,1,1,1,1,1,1,1,1,1,1,2,2,2,2,2,2,2,2,2,2,2,2,2,2,2,2,2,2,2,2,2,2,2,2,2,2,2,2,2,2,4,6,6,6,6,6,6,6,6,6,6,6,6
84048077,US,USA,840,48077.0,Clay,Texas,US,33.78686685,-98.20771198,"Clay, Texas, US",0,0,0,0,0,0,0,0,0,0,0,0,0,0,0,0,0,0,0,0,0,0,0,0,0,0,0,0,0,0,0,0,0,0,0,0,0,0,0,0,0,0,0,0,0,0,0,0,0,0,0,0,0,0,0,0,0,0,0,0,0,0,0,0,0,0,0,0,0,0,1,1,1,1,3,1,1,1,1,1,2,2,2,2,3,3,3,3,3,3,3,3,3,3,3,3,3,3,3,3,3,3,3,3,3,3,3,3,3,3,3,3,3,3,3,3,3,3,3,3,3,3,3,3,3,3,3,3,3,3,3,3,4,4,5,5,5,5,5,5,5,5,5,5,5,5,5,5,5,5,5,5
84048079,US,USA,840,48079.0,Cochran,Texas,US,33.60425307,-102.82844990000001,"Cochran, Texas, US",0,0,0,0,0,0,0,0,0,0,0,0,0,0,0,0,0,0,0,0,0,0,0,0,0,0,0,0,0,0,0,0,0,0,0,0,0,0,0,0,0,0,0,0,0,0,0,0,0,0,0,0,0,0,0,0,0,0,0,0,0,0,0,0,0,0,0,0,0,0,0,0,0,0,0,0,0,0,0,0,0,0,0,0,0,0,0,0,0,0,0,0,1,1,1,1,1,1,1,1,1,1,1,1,1,1,1,1,1,1,1,1,1,1,1,1,1,1,1,1,1,1,1,1,1,1,1,1,1,1,1,1,1,1,1,1,1,1,1,1,1,1,1,1,1,1,1,1,1,1,1,1
84048081,US,USA,840,48081.0,Coke,Texas,US,31.88911733,-100.5297533,"Coke, Texas, US",0,0,0,0,0,0,0,0,0,0,0,0,0,0,0,0,0,0,0,0,0,0,0,0,0,0,0,0,0,0,0,0,0,0,0,0,0,0,0,0,0,0,0,0,0,0,0,0,0,0,0,0,0,0,0,0,0,0,0,0,0,0,0,0,0,0,0,0,0,0,0,0,0,0,0,0,0,0,0,0,0,0,0,0,0,0,0,0,0,0,0,0,0,0,0,0,0,0,0,0,0,0,0,0,1,1,1,1,1,1,1,1,1,1,1,1,1,1,1,1,1,1,1,1,1,1,1,1,1,1,1,1,1,1,1,1,1,1,1,1,1,2,4,4,4,4,4,4,4,4,4,4
84048083,US,USA,840,48083.0,Coleman,Texas,US,31.76736834,-99.45240766,"Coleman, Texas, US",0,0,0,0,0,0,0,0,0,0,0,0,0,0,0,0,0,0,0,0,0,0,0,0,0,0,0,0,0,0,0,0,0,0,0,0,0,0,0,0,0,0,0,0,0,0,0,0,0,0,0,0,0,0,0,0,0,0,0,0,0,0,0,0,0,0,0,0,0,0,0,0,0,0,0,0,0,0,0,0,0,0,0,0,0,0,0,0,0,0,0,0,0,1,1,1,1,1,1,1,1,1,1,1,1,1,2,2,2,2,2,2,2,2,2,2,2,2,2,2,2,2,2,2,2,2,2,3,3,3,3,3,3,4,4,4,3,3,3,3,3,3,3,3,3,3,3,3,3,3,3,3
84048085,US,USA,840,48085.0,Collin,Texas,US,33.18820114,-96.57264368,"Collin, Texas, US",0,0,0,0,0,0,0,0,0,0,0,0,0,0,0,0,0,0,0,0,0,0,0,0,0,0,0,0,0,0,0,0,0,0,0,0,0,0,0,0,0,0,0,0,0,0,0,1,3,3,3,5,6,7,8,8,11,18,27,27,38,38,45,53,66,87,118,134,134,160,184,207,227,256,287,306,306,343,378,406,425,453,472,472,477,505,505,522,522,527,570,584,609,639,639,654,663,676,692,710,724,766,784,789,804,828,839,857,887,918,918,939,963,978,993,1008,1016,1028,1047,1073,1090,1090,1132,1136,1151,1157,1189,1217,1217,1278,1297,1312,1312,1346,1388,1430,1447,1447,1447,1528,1546,1553,1560,1638,1647,1667,1787,1866,1967,2026,2064,2189
84048087,US,USA,840,48087.0,Collingsworth,Texas,US,34.96489496,-100.27001109999999,"Collingsworth, Texas, US",0,0,0,0,0,0,0,0,0,0,0,0,0,0,0,0,0,0,0,0,0,0,0,0,0,0,0,0,0,0,0,0,0,0,0,0,0,0,0,0,0,0,0,0,0,0,0,0,0,0,0,0,0,0,0,0,0,0,0,0,0,0,0,0,0,0,0,0,0,0,0,0,0,0,0,0,0,0,0,0,0,0,0,0,0,0,0,0,0,0,0,0,0,0,0,0,0,0,0,0,0,0,0,0,1,1,1,1,1,4,4,4,4,4,4,4,4,4,4,4,4,4,4,4,4,5,5,5,5,5,5,5,5,5,5,5,5,5,5,5,5,5,5,5,5,5,5,5,5,5,5,5
84048089,US,USA,840,48089.0,Colorado,Texas,US,29.622097999999998,-96.5273805,"Colorado, Texas, US",0,0,0,0,0,0,0,0,0,0,0,0,0,0,0,0,0,0,0,0,0,0,0,0,0,0,0,0,0,0,0,0,0,0,0,0,0,0,0,0,0,0,0,0,0,0,0,0,0,0,0,0,0,0,0,0,0,0,0,0,0,0,0,0,0,0,0,0,0,2,2,2,4,2,2,2,3,6,6,6,7,7,7,7,7,7,7,8,8,8,9,9,10,10,10,10,10,10,10,10,11,11,11,10,10,12,12,13,16,16,16,16,18,18,18,18,18,18,19,19,19,19,19,19,20,20,21,22,22,22,22,22,23,23,24,24,24,24,24,26,27,28,31,33,33,34,36,41,44,46,55,55
84048091,US,USA,840,48091.0,Comal,Texas,US,29.80811278,-98.27647225,"Comal, Texas, US",0,0,0,0,0,0,0,0,0,0,0,0,0,0,0,0,0,0,0,0,0,0,0,0,0,0,0,0,0,0,0,0,0,0,0,0,0,0,0,0,0,0,0,0,0,0,0,0,0,0,0,0,0,0,0,0,1,1,2,2,2,3,5,7,8,9,9,9,11,11,12,15,18,21,21,22,27,29,34,34,37,37,38,38,43,43,43,43,43,43,43,45,47,48,48,48,48,49,52,54,55,58,58,58,58,59,61,65,65,65,65,65,68,68,68,70,70,70,71,72,78,78,78,82,82,82,83,87,87,94,94,99,100,108,111,113,117,117,117,121,134,137,141,151,159,159,159,197,207,219,240,280
84048093,US,USA,840,48093.0,Comanche,Texas,US,31.94854689,-98.55876441,"Comanche, Texas, US",0,0,0,0,0,0,0,0,0,0,0,0,0,0,0,0,0,0,0,0,0,0,0,0,0,0,0,0,0,0,0,0,0,0,0,0,0,0,0,0,0,0,0,0,0,0,0,0,0,0,0,0,0,0,0,0,0,0,0,0,0,0,0,0,0,0,1,1,1,2,2,1,1,2,2,2,3,3,3,3,3,3,3,3,3,3,3,3,4,4,4,4,4,4,4,4,4,4,4,4,3,3,3,3,3,3,3,3,3,3,3,3,3,3,3,3,3,3,5,5,5,5,5,10,10,9,9,9,9,12,12,12,12,12,12,12,12,12,12,12,12,12,12,12,12,12,14,14,14,14,14,14
84048095,US,USA,840,48095.0,Concho,Texas,US,31.32635934,-99.86473038,"Concho, Texas, US",0,0,0,0,0,0,0,0,0,0,0,0,0,0,0,0,0,0,0,0,0,0,0,0,0,0,0,0,0,0,0,0,0,0,0,0,0,0,0,0,0,0,0,0,0,0,0,0,0,0,0,0,0,0,0,0,0,0,0,0,0,0,0,0,0,0,0,0,0,0,0,0,0,0,0,0,0,0,0,1,1,1,1,1,1,1,1,1,1,1,1,1,1,1,1,1,1,1,1,1,1,1,1,1,1,1,1,1,1,1,1,1,1,1,1,1,1,1,1,1,1,1,1,1,1,1,1,1,1,1,1,1,1,1,1,1,1,1,1,1,1,1,1,1,1,1,1,1,1,1,2,2
84048097,US,USA,840,48097.0,Cooke,Texas,US,33.63979567,-97.21240912,"Cooke, Texas, US",0,0,0,0,0,0,0,0,0,0,0,0,0,0,0,0,0,0,0,0,0,0,0,0,0,0,0,0,0,0,0,0,0,0,0,0,0,0,0,0,0,0,0,0,0,0,0,0,0,0,0,0,0,0,0,0,0,0,0,0,0,0,0,0,0,0,0,0,0,0,0,0,0,0,0,0,0,0,0,1,1,1,1,2,2,2,4,4,4,4,4,4,4,4,4,4,4,4,8,8,7,8,8,9,9,11,11,11,12,12,12,12,13,13,13,13,13,13,13,13,13,13,13,13,13,13,13,13,13,14,14,14,16,18,19,20,20,20,20,20,20,23,23,23,23,23,24,26,27,27,27,27
84048099,US,USA,840,48099.0,Coryell,Texas,US,31.39078397,-97.79936155,"Coryell, Texas, US",0,0,0,0,0,0,0,0,0,0,0,0,0,0,0,0,0,0,0,0,0,0,0,0,0,0,0,0,0,0,0,0,0,0,0,0,0,0,0,0,0,0,0,0,0,0,0,0,0,0,0,0,0,0,0,0,0,0,0,0,0,0,0,1,1,1,1,1,1,1,1,1,2,4,5,5,11,12,17,18,34,34,34,34,60,70,71,75,75,75,84,86,86,103,104,105,105,105,105,155,158,160,162,162,180,190,201,205,207,208,208,211,217,220,221,224,224,224,226,225,226,226,226,226,226,227,227,227,227,231,281,282,285,289,289,289,290,289,289,296,299,296,299,299,300,300,300,303,304,305,305,310
84048101,US,USA,840,48101.0,Cottle,Texas,US,34.07783319,-100.27850620000001,"Cottle, Texas, US",0,0,0,0,0,0,0,0,0,0,0,0,0,0,0,0,0,0,0,0,0,0,0,0,0,0,0,0,0,0,0,0,0,0,0,0,0,0,0,0,0,0,0,0,0,0,0,0,0,0,0,0,0,0,0,0,0,0,0,0,0,0,0,0,0,0,0,0,0,0,0,0,0,0,0,0,0,0,0,0,0,0,0,0,0,0,0,0,0,0,0,0,0,0,0,0,1,1,2,2,2,2,2,2,3,3,3,3,4,4,4,4,4,4,4,4,4,4,4,4,4,4,4,4,4,4,4,4,4,4,4,4,4,4,4,4,4,4,4,4,4,4,4,4,4,4,4,4,4,4,4,4
84048103,US,USA,840,48103.0,Crane,Texas,US,31.43052248,-102.5143314,"Crane, Texas, US",0,0,0,0,0,0,0,0,0,0,0,0,0,0,0,0,0,0,0,0,0,0,0,0,0,0,0,0,0,0,0,0,0,0,0,0,0,0,0,0,0,0,0,0,0,0,0,0,0,0,0,0,0,0,0,0,0,1,1,1,1,1,1,1,1,1,1,1,2,2,2,2,2,2,2,2,2,2,2,2,2,2,2,2,2,2,2,2,2,2,2,2,2,2,2,2,2,2,2,2,2,2,2,2,2,2,2,2,2,2,2,2,2,2,2,2,2,2,2,2,3,3,3,7,22,22,22,22,22,23,23,23,25,25,25,26,27,27,27,28,31,32,32,32,32,32,39,39,45,45,46,46
84048105,US,USA,840,48105.0,Crockett,Texas,US,30.72367027,-101.4134238,"Crockett, Texas, US",0,0,0,0,0,0,0,0,0,0,0,0,0,0,0,0,0,0,0,0,0,0,0,0,0,0,0,0,0,0,0,0,0,0,0,0,0,0,0,0,0,0,0,0,0,0,0,0,0,0,0,0,0,0,0,0,0,0,0,0,0,0,0,0,0,0,0,0,0,0,0,0,0,0,0,0,0,0,0,0,0,0,0,0,0,0,0,0,0,0,0,0,0,0,0,0,0,0,0,0,0,0,0,0,0,0,0,0,0,0,0,0,0,0,0,0,0,0,0,0,0,0,0,0,0,0,0,0,0,0,0,0,0,0,0,1,1,1,1,4,5,5,5,5,5,5,5,5,5,5,5,5
84048107,US,USA,840,48107.0,Crosby,Texas,US,33.61431553,-101.30003640000001,"Crosby, Texas, US",0,0,0,0,0,0,0,0,0,0,0,0,0,0,0,0,0,0,0,0,0,0,0,0,0,0,0,0,0,0,0,0,0,0,0,0,0,0,0,0,0,0,0,0,0,0,0,0,0,0,0,0,0,0,0,0,0,0,0,0,0,0,0,0,0,0,0,0,0,0,0,0,0,0,0,1,1,1,1,1,1,1,1,1,1,1,1,1,1,1,1,1,1,2,2,2,2,2,2,2,2,2,2,2,2,2,2,2,2,2,2,2,2,2,2,2,3,3,3,3,3,3,3,3,3,3,3,3,3,4,4,4,4,3,3,3,3,3,3,3,4,4,4,4,4,4,7,8,8,8,8,8
84048109,US,USA,840,48109.0,Culberson,Texas,US,31.44506775,-104.5185739,"Culberson, Texas, US",0,0,0,0,0,0,0,0,0,0,0,0,0,0,0,0,0,0,0,0,0,0,0,0,0,0,0,0,0,0,0,0,0,0,0,0,0,0,0,0,0,0,0,0,0,0,0,0,0,0,0,0,0,0,0,0,0,0,0,0,0,0,0,0,0,0,0,0,0,0,0,0,0,0,0,0,0,0,0,0,0,0,0,0,0,0,0,0,0,0,0,0,0,0,0,0,0,0,0,0,0,0,0,0,0,0,0,0,0,0,0,0,0,0,0,0,0,0,0,0,0,0,0,0,0,0,0,0,0,0,0,0,0,0,0,0,0,0,0,0,0,0,0,0,0,0,0,0,0,0,1,1
84048111,US,USA,840,48111.0,Dallam,Texas,US,36.27787176,-102.60207249999999,"Dallam, Texas, US",0,0,0,0,0,0,0,0,0,0,0,0,0,0,0,0,0,0,0,0,0,0,0,0,0,0,0,0,0,0,0,0,0,0,0,0,0,0,0,0,0,0,0,0,0,0,0,0,0,0,0,0,0,0,0,0,0,0,0,0,0,0,0,0,0,0,0,0,0,0,0,0,0,0,0,1,1,1,1,1,1,1,1,2,2,2,3,3,3,3,3,3,3,4,8,8,8,8,10,10,10,12,12,13,12,11,11,11,13,13,14,16,17,19,21,20,22,22,22,22,22,22,22,22,22,22,22,24,24,25,25,25,26,27,27,27,27,27,27,29,32,35,36,35,35,35,36,39,45,49,49,49
84048113,US,USA,840,48113.0,Dallas,Texas,US,32.76670599,-96.77796049999999,"Dallas, Texas, US",0,0,0,0,0,0,0,0,0,0,0,0,0,0,0,0,0,0,0,0,0,0,0,0,0,0,0,0,0,0,0,0,0,0,0,0,0,0,0,0,0,0,0,0,0,0,0,0,0,2,3,8,9,11,19,28,39,59,74,95,131,155,169,247,303,367,439,488,549,631,731,831,921,1105,1112,1155,1261,1324,1432,1537,1644,1723,1788,1877,1986,2066,2190,2324,2428,2512,2512,2683,2763,2834,2909,3014,3014,3240,3240,3531,3718,3899,4133,4370,4623,4869,5120,5369,5619,5870,6123,6123,6602,6837,7036,7250,7455,7679,7904,7904,8273,8477,8649,8827,8998,9188,9385,9587,9787,9787,10234,10462,10719,10958,11243,11541,11830,12093,12347,12645,12945,13257,13585,13930,14232,14537,14843,15256,15648,16042,16437,16845
84048115,US,USA,840,48115.0,Dawson,Texas,US,32.74255572,-101.94772420000001,"Dawson, Texas, US",0,0,0,0,0,0,0,0,0,0,0,0,0,0,0,0,0,0,0,0,0,0,0,0,0,0,0,0,0,0,0,0,0,0,0,0,0,0,0,0,0,0,0,0,0,0,0,0,0,0,0,0,0,0,0,0,0,0,0,0,0,0,0,0,0,1,3,3,3,3,3,3,5,5,7,7,7,7,7,7,7,7,8,8,8,8,12,12,12,13,14,14,18,18,18,21,21,21,21,24,24,26,26,26,29,30,30,30,30,30,30,30,32,32,36,38,38,38,38,39,39,39,39,39,39,40,40,40,40,42,42,42,42,43,45,45,45,45,45,45,45,45,45,45,45,45,45,45,45,45,45,45
84048117,US,USA,840,48117.0,Deaf Smith,Texas,US,34.96522957,-102.6054267,"Deaf Smith, Texas, US",0,0,0,0,0,0,0,0,0,0,0,0,0,0,0,0,0,0,0,0,0,0,0,0,0,0,0,0,0,0,0,0,0,0,0,0,0,0,0,0,0,0,0,0,0,0,0,0,0,0,0,0,0,0,0,0,0,0,0,0,1,1,1,1,2,2,2,2,2,2,2,2,3,3,5,7,7,7,7,7,7,7,8,11,11,11,11,11,12,12,14,14,17,21,21,21,25,26,26,31,31,34,35,37,38,41,41,46,46,59,59,67,92,93,119,120,122,122,133,139,141,141,141,157,157,157,158,161,161,164,164,164,166,166,166,174,176,176,176,183,190,192,203,212,212,212,222,223,226,233,233,233
84048119,US,USA,840,48119.0,Delta,Texas,US,33.38570922,-95.66921122,"Delta, Texas, US",0,0,0,0,0,0,0,0,0,0,0,0,0,0,0,0,0,0,0,0,0,0,0,0,0,0,0,0,0,0,0,0,0,0,0,0,0,0,0,0,0,0,0,0,0,0,0,0,0,0,0,0,0,0,0,0,0,0,0,0,0,0,0,0,0,0,0,0,0,0,0,0,0,0,0,0,0,0,1,1,1,1,1,1,1,1,1,1,1,1,1,1,1,1,1,1,1,1,1,1,1,1,1,1,1,1,1,1,1,1,1,1,1,1,1,1,1,1,1,1,1,1,1,1,1,1,1,1,1,1,1,1,1,2,2,2,2,2,2,2,2,2,2,2,2,2,2,3,3,4,4,4
84048121,US,USA,840,48121.0,Denton,Texas,US,33.20521901,-97.11691153,"Denton, Texas, US",0,0,0,0,0,0,0,0,0,0,0,0,0,0,0,0,0,0,0,0,0,0,0,0,0,0,0,0,0,0,0,0,0,0,0,0,0,0,0,0,0,0,0,0,0,0,0,0,0,0,0,0,0,0,1,1,5,9,15,24,30,30,38,51,83,137,148,165,165,206,206,254,273,273,304,337,366,366,426,426,454,474,507,507,521,547,564,585,592,593,598,619,661,680,680,702,713,725,738,748,765,786,799,803,806,832,846,872,902,914,922,946,968,989,1016,1040,1051,1069,1088,1116,1161,1161,1205,1212,1224,1233,1255,1285,1285,1329,1357,1373,1398,1416,1435,1454,1467,1486,1500,1524,1559,1599,1632,1687,1719,1736,1772,1812,1893,1980,2054,2113
84048123,US,USA,840,48123.0,DeWitt,Texas,US,29.08101855,-97.35681170000001,"DeWitt, Texas, US",0,0,0,0,0,0,0,0,0,0,0,0,0,0,0,0,0,0,0,0,0,0,0,0,0,0,0,0,0,0,0,0,0,0,0,0,0,0,0,0,0,0,0,0,0,0,0,0,0,0,0,0,0,0,0,0,1,1,1,1,1,1,1,2,2,3,3,3,3,6,6,4,6,6,7,7,7,7,8,8,9,9,9,0,10,10,10,13,13,13,14,14,14,14,15,15,15,15,15,15,15,15,15,15,15,15,15,15,15,15,15,17,17,17,17,17,17,17,17,17,17,17,17,17,17,17,17,17,17,17,17,17,17,17,17,18,18,18,18,23,24,25,26,28,28,28,31,31,35,35,37,37
84048125,US,USA,840,48125.0,Dickens,Texas,US,33.61616822,-100.7788855,"Dickens, Texas, US",0,0,0,0,0,0,0,0,0,0,0,0,0,0,0,0,0,0,0,0,0,0,0,0,0,0,0,0,0,0,0,0,0,0,0,0,0,0,0,0,0,0,0,0,0,0,0,0,0,0,0,0,0,0,0,0,0,0,0,0,0,0,0,0,0,0,0,0,0,0,0,0,0,0,0,0,0,1,1,1,2,2,2,1,1,1,1,1,1,1,1,1,1,1,1,1,1,1,1,1,1,1,1,1,1,1,1,1,1,1,1,1,1,1,1,1,1,1,1,1,1,1,1,1,1,1,1,1,1,1,1,1,1,1,1,1,1,1,1,1,1,1,2,2,2,2,2,2,2,2,2,2
84048127,US,USA,840,48127.0,Dimmit,Texas,US,28.42270064,-99.75645095,"Dimmit, Texas, US",0,0,0,0,0,0,0,0,0,0,0,0,0,0,0,0,0,0,0,0,0,0,0,0,0,0,0,0,0,0,0,0,0,0,0,0,0,0,0,0,0,0,0,0,0,0,0,0,0,0,0,0,0,0,0,0,0,0,0,0,0,0,0,0,0,0,0,0,0,0,0,0,0,0,0,0,0,0,0,0,1,1,1,1,1,1,1,1,1,1,1,1,1,1,1,1,1,1,1,1,1,1,1,1,1,1,1,1,1,1,1,1,1,1,1,1,1,1,1,1,1,1,1,1,1,1,1,1,1,1,1,1,1,1,1,1,1,1,1,1,1,1,1,1,1,1,1,1,1,3,3,3
84048129,US,USA,840,48129.0,Donley,Texas,US,34.96517499,-100.8140093,"Donley, Texas, US",0,0,0,0,0,0,0,0,0,0,0,0,0,0,0,0,0,0,0,0,0,0,0,0,0,0,0,0,0,0,0,0,0,0,0,0,0,0,0,0,0,0,0,0,0,0,0,0,0,0,0,0,0,0,0,0,0,0,0,0,0,0,0,0,0,0,0,0,0,1,1,1,5,5,7,7,7,13,14,21,23,22,22,22,22,23,23,23,23,23,24,24,24,24,24,24,24,24,24,24,24,25,25,25,25,25,25,25,25,26,26,25,25,25,26,25,25,26,27,26,26,26,26,26,26,26,26,26,26,26,26,26,26,26,27,27,27,27,27,27,27,27,28,28,28,28,28,27,27,27,27,27
84048131,US,USA,840,48131.0,Duval,Texas,US,27.68184592,-98.50864568,"Duval, Texas, US",0,0,0,0,0,0,0,0,0,0,0,0,0,0,0,0,0,0,0,0,0,0,0,0,0,0,0,0,0,0,0,0,0,0,0,0,0,0,0,0,0,0,0,0,0,0,0,0,0,0,0,0,0,0,0,0,0,0,0,0,0,0,0,0,0,0,0,0,0,0,0,0,0,0,0,0,0,0,0,0,0,0,0,1,1,1,1,1,1,1,1,1,1,1,2,2,2,2,2,2,2,3,3,3,3,3,3,3,5,5,5,5,5,5,5,5,5,5,5,6,5,5,5,5,5,5,5,5,5,5,5,5,5,5,5,5,5,5,5,5,5,5,5,5,5,5,5,5,5,5,5,5
84048133,US,USA,840,48133.0,Eastland,Texas,US,32.32743996,-98.83243566,"Eastland, Texas, US",0,0,0,0,0,0,0,0,0,0,0,0,0,0,0,0,0,0,0,0,0,0,0,0,0,0,0,0,0,0,0,0,0,0,0,0,0,0,0,0,0,0,0,0,0,0,0,0,0,0,0,0,0,0,0,0,0,0,0,0,0,1,1,1,2,4,4,4,4,4,4,3,3,3,3,3,3,3,3,3,3,3,3,3,3,3,3,3,3,3,3,3,3,3,3,3,3,3,3,3,3,3,3,3,3,3,3,3,3,3,3,3,3,4,4,5,5,5,5,5,5,5,5,5,5,5,6,6,6,6,6,6,6,7,7,7,7,7,7,7,7,7,7,7,7,7,7,7,7,7,7,7
84048135,US,USA,840,48135.0,Ector,Texas,US,31.86898877,-102.54294279999999,"Ector, Texas, US",0,0,0,0,0,0,0,0,0,0,0,0,0,0,0,0,0,0,0,0,0,0,0,0,0,0,0,0,0,0,0,0,0,0,0,0,0,0,0,0,0,0,0,0,0,0,0,0,0,0,0,0,0,0,0,0,0,0,0,0,0,0,0,0,0,0,1,3,7,10,11,12,22,22,26,26,30,30,39,39,40,43,43,45,46,48,55,58,58,58,60,61,62,67,67,67,70,76,78,81,78,78,81,84,84,85,90,94,95,95,99,100,100,102,103,109,114,114,115,124,130,130,130,144,146,151,152,152,152,154,154,154,161,167,175,185,187,187,187,206,214,221,227,238,238,238,260,275,289,300,325,325
84048137,US,USA,840,48137.0,Edwards,Texas,US,29.98202582,-100.304252,"Edwards, Texas, US",0,0,0,0,0,0,0,0,0,0,0,0,0,0,0,0,0,0,0,0,0,0,0,0,0,0,0,0,0,0,0,0,0,0,0,0,0,0,0,0,0,0,0,0,0,0,0,0,0,0,0,0,0,0,0,0,0,0,0,0,0,0,0,0,0,0,0,0,0,0,0,0,0,0,0,0,0,0,0,0,0,0,0,0,0,0,0,0,0,0,0,0,0,0,0,0,0,0,0,0,0,0,0,0,0,0,0,0,0,0,0,0,0,0,0,0,0,0,0,0,0,0,0,0,0,0,0,0,0,0,0,0,0,0,0,0,0,0,0,0,0,0,0,0,0,0,0,0,0,0,0,0
84048139,US,USA,840,48139.0,Ellis,Texas,US,32.34894117,-96.79371841,"Ellis, Texas, US",0,0,0,0,0,0,0,0,0,0,0,0,0,0,0,0,0,0,0,0,0,0,0,0,0,0,0,0,0,0,0,0,0,0,0,0,0,0,0,0,0,0,0,0,0,0,0,0,0,0,0,0,0,0,0,0,1,1,1,3,3,3,6,7,7,10,13,13,15,20,20,26,27,29,32,29,35,41,50,58,66,66,66,72,76,81,82,83,83,90,100,110,111,121,127,127,133,133,143,148,148,166,166,169,176,184,188,193,202,202,211,216,221,236,241,247,247,247,258,264,266,266,266,272,272,289,290,305,305,317,335,335,335,335,338,366,388,388,388,399,418,429,437,448,448,448,458,470,490,510,510,510
84048141,US,USA,840,48141.0,El Paso,Texas,US,31.76980765,-106.23632749999999,"El Paso, Texas, US",0,0,0,0,0,0,0,0,0,0,0,0,0,0,0,0,0,0,0,0,0,0,0,0,0,0,0,0,0,0,0,0,0,0,0,0,0,0,0,0,0,0,0,0,0,0,0,0,0,0,0,0,1,1,2,3,3,6,6,7,7,9,10,16,28,28,38,42,40,53,57,75,85,103,113,132,132,153,192,225,252,269,292,300,346,393,451,482,505,531,540,587,674,706,706,780,802,829,857,887,924,961,986,998,1029,1080,1119,1190,1276,1322,1340,1348,1413,1456,1607,1655,1726,1772,1852,1930,2046,2046,2265,2340,2376,2393,2461,2569,2569,2704,2764,2794,2833,2872,3069,3213,3298,3376,3376,3512,3582,3650,3650,3794,3834,3911,3948,3999,4088,4178,4340,4488
84048143,US,USA,840,48143.0,Erath,Texas,US,32.23602653,-98.21773417,"Erath, Texas, US",0,0,0,0,0,0,0,0,0,0,0,0,0,0,0,0,0,0,0,0,0,0,0,0,0,0,0,0,0,0,0,0,0,0,0,0,0,0,0,0,0,0,0,0,0,0,0,0,0,0,0,0,0,0,0,0,0,0,0,0,0,1,1,1,1,1,1,2,3,5,7,8,9,9,9,10,11,11,13,13,13,13,13,13,13,13,13,13,13,13,13,13,13,13,13,13,13,12,12,12,12,12,12,12,12,13,15,14,14,14,14,14,14,15,15,15,15,15,15,15,15,15,15,15,15,16,16,16,16,17,17,17,17,17,17,25,26,26,26,29,29,30,32,36,36,36,37,41,43,44,44,44
84048145,US,USA,840,48145.0,Falls,Texas,US,31.25350609,-96.93630086,"Falls, Texas, US",0,0,0,0,0,0,0,0,0,0,0,0,0,0,0,0,0,0,0,0,0,0,0,0,0,0,0,0,0,0,0,0,0,0,0,0,0,0,0,0,0,0,0,0,0,0,0,0,0,0,0,0,0,0,0,0,0,0,0,0,0,1,1,1,1,1,1,1,1,1,1,1,1,1,1,1,1,1,1,1,1,1,1,1,1,1,1,1,1,1,1,1,1,1,1,2,3,3,4,4,4,4,4,4,6,6,6,6,6,6,6,6,6,6,6,6,6,6,6,6,6,6,6,6,6,6,6,6,6,7,7,7,9,9,10,11,11,11,11,13,13,14,14,14,17,17,18,19,21,22,22,22
84048147,US,USA,840,48147.0,Fannin,Texas,US,33.59564294,-96.10751083,"Fannin, Texas, US",0,0,0,0,0,0,0,0,0,0,0,0,0,0,0,0,0,0,0,0,0,0,0,0,0,0,0,0,0,0,0,0,0,0,0,0,0,0,0,0,0,0,0,0,0,0,0,0,0,0,0,0,0,0,0,0,1,1,1,1,1,1,1,1,1,1,1,1,1,1,1,1,2,2,2,2,2,4,4,5,5,5,5,5,5,5,5,7,7,8,9,12,13,13,15,15,16,17,18,18,18,19,19,20,20,22,23,23,23,23,23,23,24,24,24,25,25,25,27,28,29,29,29,34,34,37,37,37,37,41,41,41,40,41,41,42,43,43,43,49,50,51,52,54,54,54,55,59,65,65,65,65
84048149,US,USA,840,48149.0,Fayette,Texas,US,29.87788372,-96.92076062,"Fayette, Texas, US",0,0,0,0,0,0,0,0,0,0,0,0,0,0,0,0,0,0,0,0,0,0,0,0,0,0,0,0,0,0,0,0,0,0,0,0,0,0,0,0,0,0,0,0,0,0,0,0,0,0,0,0,0,0,0,0,0,0,1,1,1,1,1,1,1,1,1,1,1,2,4,4,10,10,11,9,9,9,8,9,9,10,10,10,12,13,15,15,15,15,15,15,15,15,15,15,15,15,15,15,15,15,15,15,17,17,19,21,24,25,25,26,26,28,27,29,29,29,31,31,31,31,31,32,32,32,32,34,34,34,34,34,34,36,38,38,38,38,38,38,39,43,44,43,44,44,45,52,51,52,58,60
84048151,US,USA,840,48151.0,Fisher,Texas,US,32.74281316,-100.40193020000001,"Fisher, Texas, US",0,0,0,0,0,0,0,0,0,0,0,0,0,0,0,0,0,0,0,0,0,0,0,0,0,0,0,0,0,0,0,0,0,0,0,0,0,0,0,0,0,0,0,0,0,0,0,0,0,0,0,0,0,0,0,0,0,0,0,0,0,0,0,0,0,0,0,0,0,0,0,0,0,0,0,0,0,0,0,0,0,0,0,0,0,0,0,0,0,0,0,0,0,0,0,0,0,0,0,0,0,0,0,0,0,0,0,0,0,0,0,0,0,0,1,1,1,1,2,2,2,2,2,2,2,2,2,2,2,2,2,2,2,2,2,2,2,2,2,2,2,2,2,2,2,2,2,2,2,2,2,2
84048153,US,USA,840,48153.0,Floyd,Texas,US,34.07227468,-101.3031546,"Floyd, Texas, US",0,0,0,0,0,0,0,0,0,0,0,0,0,0,0,0,0,0,0,0,0,0,0,0,0,0,0,0,0,0,0,0,0,0,0,0,0,0,0,0,0,0,0,0,0,0,0,0,0,0,0,0,0,0,0,0,0,0,0,0,0,0,0,0,0,0,0,0,0,0,0,0,0,0,0,0,1,1,1,1,1,1,1,1,2,2,2,2,2,2,2,2,3,3,3,3,3,3,3,3,3,3,3,3,4,4,4,4,4,4,4,4,4,4,4,4,4,4,5,5,5,5,5,5,5,5,7,8,8,11,11,11,11,15,15,16,16,16,16,16,16,16,16,16,16,16,16,16,17,18,18,18
84048155,US,USA,840,48155.0,Foard,Texas,US,33.97308618,-99.7767797,"Foard, Texas, US",0,0,0,0,0,0,0,0,0,0,0,0,0,0,0,0,0,0,0,0,0,0,0,0,0,0,0,0,0,0,0,0,0,0,0,0,0,0,0,0,0,0,0,0,0,0,0,0,0,0,0,0,0,0,0,0,0,0,0,0,0,0,0,0,0,0,0,0,0,0,0,0,0,0,0,0,0,0,0,0,0,0,0,0,0,0,0,0,0,0,0,0,0,0,0,0,0,0,0,0,0,0,0,0,0,0,0,0,0,0,0,0,0,0,0,0,0,0,0,0,0,0,0,0,0,0,0,0,0,0,0,0,0,0,0,0,0,0,0,0,0,0,0,0,0,0,0,0,0,0,0,0
84048157,US,USA,840,48157.0,Fort Bend,Texas,US,29.52704478,-95.77219463,"Fort Bend, Texas, US",0,0,0,0,0,0,0,0,0,0,0,0,0,0,0,0,0,0,0,0,0,0,0,0,0,0,0,0,0,0,0,0,0,0,0,0,0,0,0,0,0,0,0,1,1,3,6,6,6,6,6,9,9,9,9,9,12,19,24,29,29,29,46,46,86,101,101,119,119,163,163,194,221,255,268,318,318,417,437,485,518,536,543,543,627,627,656,755,755,783,808,808,889,889,905,919,952,957,973,1018,1052,1079,1133,1183,1187,1245,1287,1332,1357,1370,1385,1404,1404,1452,1471,1510,1558,1559,1559,1621,1652,1652,1676,1685,1685,1732,1732,1766,1766,1832,1861,1881,1881,1916,1951,2032,2117,2117,2117,2138,2225,2299,2320,2358,2385,2385,2402,2496,2667,2726,2882,2951
84048159,US,USA,840,48159.0,Franklin,Texas,US,33.17653242,-95.21917243,"Franklin, Texas, US",0,0,0,0,0,0,0,0,0,0,0,0,0,0,0,0,0,0,0,0,0,0,0,0,0,0,0,0,0,0,0,0,0,0,0,0,0,0,0,0,0,0,0,0,0,0,0,0,0,0,0,0,0,0,0,0,0,0,0,0,0,0,0,0,0,0,0,1,1,1,1,1,1,1,1,1,1,1,1,1,1,1,1,1,1,1,1,1,1,1,1,1,1,1,1,1,1,1,1,1,1,2,2,2,2,3,3,3,3,3,3,3,3,4,4,5,5,6,7,8,8,8,8,12,12,12,13,13,13,15,15,16,16,17,18,18,19,19,19,22,22,24,24,27,27,27,27,29,30,30,31,33
84048161,US,USA,840,48161.0,Freestone,Texas,US,31.70422788,-96.15072516,"Freestone, Texas, US",0,0,0,0,0,0,0,0,0,0,0,0,0,0,0,0,0,0,0,0,0,0,0,0,0,0,0,0,0,0,0,0,0,0,0,0,0,0,0,0,0,0,0,0,0,0,0,0,0,0,0,0,0,0,0,0,0,0,0,0,0,0,0,0,0,0,0,0,0,0,0,0,0,0,0,0,0,0,0,0,0,0,0,0,1,1,1,3,3,3,3,3,3,3,3,3,3,3,3,3,5,6,7,7,7,7,7,7,7,7,7,7,7,8,8,7,7,7,7,7,7,7,7,10,10,10,10,10,10,10,10,10,10,10,10,10,11,11,11,12,13,12,15,15,15,15,17,17,19,18,18,19
84048163,US,USA,840,48163.0,Frio,Texas,US,28.86751206,-99.10804207,"Frio, Texas, US",0,0,0,0,0,0,0,0,0,0,0,0,0,0,0,0,0,0,0,0,0,0,0,0,0,0,0,0,0,0,0,0,0,0,0,0,0,0,0,0,0,0,0,0,0,0,0,0,0,0,0,0,0,0,0,0,0,0,0,0,0,0,0,0,0,0,0,0,0,0,0,0,0,0,0,0,0,1,1,1,1,1,1,1,1,1,1,1,1,1,1,1,1,1,3,3,3,4,7,7,7,8,10,10,10,10,25,25,34,34,34,34,34,34,34,35,35,35,35,35,35,35,35,36,36,36,37,37,37,37,37,37,37,37,37,40,40,46,46,50,54,54,57,64,79,79,79,80,86,119,130,139
84048165,US,USA,840,48165.0,Gaines,Texas,US,32.74055318,-102.6353295,"Gaines, Texas, US",0,0,0,0,0,0,0,0,0,0,0,0,0,0,0,0,0,0,0,0,0,0,0,0,0,0,0,0,0,0,0,0,0,0,0,0,0,0,0,0,0,0,0,0,0,0,0,0,0,0,0,0,0,0,0,0,0,0,0,0,0,1,1,1,1,1,1,1,1,1,1,1,1,1,1,1,1,1,1,1,1,1,2,2,2,2,2,2,2,2,2,2,2,2,2,2,2,2,2,2,2,2,2,2,3,3,3,3,3,3,3,4,4,4,5,5,5,5,6,6,6,6,6,6,6,6,7,7,7,7,7,7,7,7,7,7,8,8,8,9,9,9,9,14,14,14,14,14,14,14,14,14
84048167,US,USA,840,48167.0,Galveston,Texas,US,29.40167322,-94.90469073,"Galveston, Texas, US",0,0,0,0,0,0,0,0,0,0,0,0,0,0,0,0,0,0,0,0,0,0,0,0,0,0,0,0,0,0,0,0,0,0,0,0,0,0,0,0,0,0,0,0,0,0,0,0,0,0,0,0,1,1,1,2,4,4,6,8,11,18,18,22,40,40,49,70,70,92,106,118,130,136,240,256,256,272,287,308,341,355,355,377,392,401,421,438,450,455,468,479,507,522,522,539,541,548,554,572,595,614,629,636,648,659,669,672,676,680,685,686,688,691,693,696,701,702,706,715,721,721,740,749,752,753,763,779,779,795,807,817,847,857,876,906,906,972,994,1026,1051,1084,1114,1166,1237,1255,1312,1378,1486,1535,1642,1784
84048169,US,USA,840,48169.0,Garza,Texas,US,33.17969345,-101.2984114,"Garza, Texas, US",0,0,0,0,0,0,0,0,0,0,0,0,0,0,0,0,0,0,0,0,0,0,0,0,0,0,0,0,0,0,0,0,0,0,0,0,0,0,0,0,0,0,0,0,0,0,0,0,0,0,0,0,0,0,0,0,0,0,0,0,0,0,0,0,0,0,0,0,0,0,0,0,0,0,0,0,0,0,0,0,0,0,0,0,0,0,0,0,0,0,0,0,0,0,0,0,0,0,0,1,1,3,3,3,3,3,3,3,3,3,3,4,4,4,4,4,4,4,4,4,4,4,4,5,5,5,5,5,5,5,5,5,5,6,6,6,6,6,6,6,7,6,6,6,6,6,7,7,7,7,7,7
84048171,US,USA,840,48171.0,Gillespie,Texas,US,30.31824095,-98.94676915,"Gillespie, Texas, US",0,0,0,0,0,0,0,0,0,0,0,0,0,0,0,0,0,0,0,0,0,0,0,0,0,0,0,0,0,0,0,0,0,0,0,0,0,0,0,0,0,0,0,0,0,0,0,0,0,0,0,0,0,0,0,0,0,0,0,0,0,0,0,0,0,0,0,0,0,1,1,1,1,2,2,3,1,1,1,1,1,1,1,1,1,1,1,1,1,1,1,1,1,1,1,1,1,1,1,1,2,3,3,4,4,4,4,4,4,4,4,4,4,4,4,4,4,4,5,5,5,5,5,5,5,5,5,5,5,5,5,5,5,5,5,5,5,5,5,5,5,5,5,6,6,6,9,9,10,16,17,17
84048173,US,USA,840,48173.0,Glasscock,Texas,US,31.86942909,-101.5207776,"Glasscock, Texas, US",0,0,0,0,0,0,0,0,0,0,0,0,0,0,0,0,0,0,0,0,0,0,0,0,0,0,0,0,0,0,0,0,0,0,0,0,0,0,0,0,0,0,0,0,0,0,0,0,0,0,0,0,0,0,0,0,0,0,0,0,0,0,0,0,0,0,0,0,0,0,0,0,0,0,0,0,0,0,0,0,0,0,0,0,0,0,0,0,0,0,0,0,0,0,0,0,0,0,0,1,1,1,1,1,1,1,1,1,1,1,1,1,1,1,1,1,1,1,1,1,1,1,1,1,1,1,1,1,1,1,1,1,1,1,1,1,1,1,1,1,1,1,1,2,2,2,3,3,5,5,5,5
84048175,US,USA,840,48175.0,Goliad,Texas,US,28.65696592,-97.42760647,"Goliad, Texas, US",0,0,0,0,0,0,0,0,0,0,0,0,0,0,0,0,0,0,0,0,0,0,0,0,0,0,0,0,0,0,0,0,0,0,0,0,0,0,0,0,0,0,0,0,0,0,0,0,0,0,0,0,0,0,0,0,0,0,0,0,0,0,0,0,0,0,0,0,0,0,0,1,1,1,1,3,3,3,3,4,4,4,4,4,5,5,5,5,5,5,6,6,6,6,6,7,7,7,7,7,7,7,7,7,7,7,7,7,7,7,7,7,7,7,7,7,7,7,7,7,7,7,7,7,7,7,7,7,7,7,7,7,7,7,7,7,7,7,7,7,7,7,7,7,7,7,7,7,7,7,7,7
84048177,US,USA,840,48177.0,Gonzales,Texas,US,29.45634206,-97.49424032,"Gonzales, Texas, US",0,0,0,0,0,0,0,0,0,0,0,0,0,0,0,0,0,0,0,0,0,0,0,0,0,0,0,0,0,0,0,0,0,0,0,0,0,0,0,0,0,0,0,0,0,0,0,0,0,0,0,0,0,0,0,0,0,0,0,0,0,0,0,0,0,0,0,0,0,0,1,1,1,1,1,1,1,1,2,2,2,2,2,2,2,2,2,2,2,2,2,3,4,4,8,12,12,14,18,20,21,23,27,30,31,31,31,31,40,53,59,59,62,70,73,75,79,85,86,88,90,90,90,91,91,91,100,111,111,121,129,129,132,143,144,147,149,151,151,153,155,157,157,165,166,166,169,172,175,203,213,215
84048179,US,USA,840,48179.0,Gray,Texas,US,35.40081878,-100.8129222,"Gray, Texas, US",0,0,0,0,0,0,0,0,0,0,0,0,0,0,0,0,0,0,0,0,0,0,0,0,0,0,0,0,0,0,0,0,0,0,0,0,0,0,0,0,0,0,0,0,0,0,0,0,0,0,0,0,0,0,0,0,0,0,0,0,0,0,0,0,0,0,0,0,0,0,0,1,2,5,5,9,9,11,12,12,13,13,13,13,13,16,16,17,17,17,20,22,27,32,35,37,37,38,42,47,58,58,58,67,68,71,73,73,73,75,75,76,77,77,88,91,91,93,94,95,95,95,95,96,96,96,96,96,96,98,98,98,100,100,101,104,104,104,104,105,106,107,111,111,111,111,111,111,112,113,113,113
84048181,US,USA,840,48181.0,Grayson,Texas,US,33.62744998,-96.67753461,"Grayson, Texas, US",0,0,0,0,0,0,0,0,0,0,0,0,0,0,0,0,0,0,0,0,0,0,0,0,0,0,0,0,0,0,0,0,0,0,0,0,0,0,0,0,0,0,0,0,0,0,0,0,0,0,0,0,0,0,0,0,0,0,0,0,0,2,2,2,2,2,2,3,7,7,8,11,12,12,12,13,14,15,15,17,17,17,17,17,19,19,19,19,19,19,19,19,19,19,22,22,23,24,27,31,34,38,41,49,53,58,60,78,83,89,91,105,112,122,129,140,147,152,165,199,268,268,268,296,300,303,310,316,316,327,333,338,342,350,355,366,372,375,377,384,389,403,408,433,433,438,440,473,481,491,491,514
84048183,US,USA,840,48183.0,Gregg,Texas,US,32.47940482,-94.81591935,"Gregg, Texas, US",0,0,0,0,0,0,0,0,0,0,0,0,0,0,0,0,0,0,0,0,0,0,0,0,0,0,0,0,0,0,0,0,0,0,0,0,0,0,0,0,0,0,0,0,0,0,0,0,1,1,1,1,4,1,1,1,1,1,1,1,1,1,1,3,4,4,4,4,5,5,8,8,13,16,16,16,23,32,35,37,40,40,40,45,47,49,50,51,52,52,52,53,59,59,59,62,66,69,69,73,80,87,87,87,97,107,109,117,117,118,118,132,136,138,142,170,170,170,173,173,180,180,180,185,185,185,197,201,201,213,213,213,236,244,249,250,257,257,257,272,273,274,274,278,278,278,285,296,302,304,305,305
84048185,US,USA,840,48185.0,Grimes,Texas,US,30.54579585,-95.98902499,"Grimes, Texas, US",0,0,0,0,0,0,0,0,0,0,0,0,0,0,0,0,0,0,0,0,0,0,0,0,0,0,0,0,0,0,0,0,0,0,0,0,0,0,0,0,0,0,0,0,0,0,0,0,0,0,0,0,0,0,0,0,1,1,1,2,2,2,2,2,2,2,2,2,2,3,3,3,3,3,3,3,4,6,5,6,6,7,7,7,7,9,10,10,10,10,10,10,10,13,13,13,15,16,16,19,19,21,22,22,22,25,25,37,42,42,42,42,54,56,63,65,65,65,65,89,91,91,91,99,100,104,111,113,113,121,215,217,218,226,226,226,237,241,241,245,252,252,270,271,274,274,281,287,291,288,289,301
84048187,US,USA,840,48187.0,Guadalupe,Texas,US,29.58165339,-97.94786822,"Guadalupe, Texas, US",0,0,0,0,0,0,0,0,0,0,0,0,0,0,0,0,0,0,0,0,0,0,0,0,0,0,0,0,0,0,0,0,0,0,0,0,0,0,0,0,0,0,0,0,0,0,0,0,0,0,0,0,0,0,0,0,0,0,1,1,1,2,4,4,9,8,8,10,13,15,17,20,23,26,28,28,39,45,46,47,47,49,49,50,50,53,53,53,57,58,60,63,64,64,67,68,69,69,80,80,81,85,85,86,87,88,90,92,92,95,97,99,99,101,106,109,110,110,110,114,116,116,116,122,122,122,124,126,126,132,133,133,133,135,142,145,147,147,147,147,151,154,160,165,171,171,175,184,186,280,311,323
84048189,US,USA,840,48189.0,Hale,Texas,US,34.07044901,-101.82681140000001,"Hale, Texas, US",0,0,0,0,0,0,0,0,0,0,0,0,0,0,0,0,0,0,0,0,0,0,0,0,0,0,0,0,0,0,0,0,0,0,0,0,0,0,0,0,0,0,0,0,0,0,0,0,0,0,0,0,0,0,0,0,0,0,0,0,0,0,0,1,1,1,1,1,1,1,1,6,6,6,7,7,7,7,9,9,11,11,11,11,11,11,11,11,12,12,15,16,16,19,19,19,19,24,24,25,25,26,29,29,29,31,37,37,37,37,37,39,40,41,42,43,44,44,49,49,50,50,50,55,55,55,56,56,56,57,58,58,58,60,60,60,60,60,61,61,67,67,76,76,85,85,100,110,110,122,135,139
84048191,US,USA,840,48191.0,Hall,Texas,US,34.5307555,-100.68138520000001,"Hall, Texas, US",0,0,0,0,0,0,0,0,0,0,0,0,0,0,0,0,0,0,0,0,0,0,0,0,0,0,0,0,0,0,0,0,0,0,0,0,0,0,0,0,0,0,0,0,0,0,0,0,0,0,0,0,0,0,0,0,0,0,0,0,0,0,0,0,0,0,0,0,0,0,0,0,0,0,0,0,0,0,0,0,0,0,0,0,0,0,0,0,0,0,0,0,0,0,0,0,0,0,0,0,0,0,0,0,0,0,0,0,0,0,0,0,0,0,0,0,0,0,0,1,1,1,1,2,2,2,2,2,2,2,2,2,2,2,2,2,2,2,2,2,2,2,2,2,2,2,2,2,2,2,2,2
84048193,US,USA,840,48193.0,Hamilton,Texas,US,31.70470573,-98.11083887,"Hamilton, Texas, US",0,0,0,0,0,0,0,0,0,0,0,0,0,0,0,0,0,0,0,0,0,0,0,0,0,0,0,0,0,0,0,0,0,0,0,0,0,0,0,0,0,0,0,0,0,0,0,0,0,0,0,0,0,0,0,0,0,0,0,0,0,0,0,0,0,0,0,0,0,0,0,0,0,0,0,0,1,2,2,2,3,3,3,3,3,3,5,5,5,5,5,5,5,5,5,5,5,5,5,5,5,5,5,5,5,5,5,6,6,6,7,7,7,7,7,7,7,7,7,7,7,7,7,7,7,7,7,7,7,8,8,8,8,8,9,9,9,9,9,10,10,10,11,11,11,11,15,18,18,18,18,18
84048195,US,USA,840,48195.0,Hansford,Texas,US,36.27743284,-101.3545796,"Hansford, Texas, US",0,0,0,0,0,0,0,0,0,0,0,0,0,0,0,0,0,0,0,0,0,0,0,0,0,0,0,0,0,0,0,0,0,0,0,0,0,0,0,0,0,0,0,0,0,0,0,0,0,0,0,0,0,0,0,0,0,0,0,0,0,0,0,0,0,0,0,0,0,0,0,0,0,0,0,1,1,1,1,1,1,1,1,1,1,1,1,1,1,1,1,1,2,2,4,4,4,5,5,6,6,6,7,7,11,11,11,12,12,12,12,13,13,15,15,16,16,16,16,17,18,18,18,18,18,18,18,18,18,19,19,19,19,20,20,20,20,20,20,20,21,21,21,21,21,21,23,23,23,23,23,23
84048197,US,USA,840,48197.0,Hardeman,Texas,US,34.28944521,-99.74632408,"Hardeman, Texas, US",0,0,0,0,0,0,0,0,0,0,0,0,0,0,0,0,0,0,0,0,0,0,0,0,0,0,0,0,0,0,0,0,0,0,0,0,0,0,0,0,0,0,0,0,0,0,0,0,0,0,0,0,0,0,0,0,0,0,0,0,0,0,0,0,0,0,0,0,0,0,0,0,0,0,0,0,0,0,0,0,0,0,0,0,0,0,0,0,0,0,0,0,0,0,0,0,0,0,0,0,0,0,0,0,0,0,0,0,0,0,0,0,0,0,0,0,0,0,0,0,0,0,0,1,1,1,1,1,1,1,1,1,1,2,2,3,3,3,3,4,4,4,4,4,4,4,4,4,4,4,4,4
84048199,US,USA,840,48199.0,Hardin,Texas,US,30.33364686,-94.38931817,"Hardin, Texas, US",0,0,0,0,0,0,0,0,0,0,0,0,0,0,0,0,0,0,0,0,0,0,0,0,0,0,0,0,0,0,0,0,0,0,0,0,0,0,0,0,0,0,0,0,0,0,0,0,0,0,0,0,0,0,0,0,0,0,0,0,2,2,2,2,2,4,6,9,9,12,13,14,15,15,26,26,28,41,41,41,47,61,61,61,65,66,69,75,75,75,88,89,92,92,92,92,92,96,99,99,100,103,103,103,112,112,113,113,113,115,115,115,115,116,116,117,117,117,118,121,121,121,121,136,136,136,136,137,137,138,138,138,138,138,142,142,142,142,142,142,144,144,145,146,146,146,147,155,156,167,172,172
84048201,US,USA,840,48201.0,Harris,Texas,US,29.85864939,-95.39339521,"Harris, Texas, US",0,0,0,0,0,0,0,0,0,0,0,0,0,0,0,0,0,0,0,0,0,0,0,0,0,0,0,0,0,0,0,0,0,0,0,0,0,0,0,0,0,0,0,2,3,5,5,6,6,7,9,9,11,11,13,16,23,30,55,68,74,78,134,185,203,229,445,526,563,680,847,955,1106,1284,1395,1809,2146,2341,3047,3261,3561,3629,3744,3907,4097,4306,4460,4653,4823,4977,5143,5211,5330,5482,5482,5628,5628,5827,6161,6356,6551,6708,6838,6967,7128,7244,7377,7594,7803,7878,8176,8416,8621,8817,9050,9126,9465,9635,9859,10095,10283,10526,10770,10921,10995,11281,11542,11770,12009,12220,12276,12664,13027,13268,13603,13940,14423,14586,14918,15238,15552,15864,16188,16568,16778,17282,17707,18157,18552,19739,20874,21053
84048203,US,USA,840,48203.0,Harrison,Texas,US,32.54935988,-94.36934071,"Harrison, Texas, US",0,0,0,0,0,0,0,0,0,0,0,0,0,0,0,0,0,0,0,0,0,0,0,0,0,0,0,0,0,0,0,0,0,0,0,0,0,0,0,0,0,0,0,0,0,0,0,0,0,0,0,0,0,0,0,0,0,0,0,0,0,0,0,0,1,1,1,1,1,1,3,5,5,5,6,8,11,11,12,12,14,16,16,31,34,35,40,42,44,47,59,59,63,69,69,71,86,83,84,102,113,121,140,140,149,160,167,180,180,186,186,189,192,195,200,200,202,202,205,206,217,217,217,225,228,228,236,239,239,244,245,245,247,250,255,256,256,256,256,258,259,261,267,268,269,270,269,269,268,268,271,272
84048205,US,USA,840,48205.0,Hartley,Texas,US,35.84008013,-102.6029022,"Hartley, Texas, US",0,0,0,0,0,0,0,0,0,0,0,0,0,0,0,0,0,0,0,0,0,0,0,0,0,0,0,0,0,0,0,0,0,0,0,0,0,0,0,0,0,0,0,0,0,0,0,0,0,0,0,0,0,0,0,0,0,0,0,0,0,0,0,0,0,0,0,0,0,0,0,0,0,0,0,0,0,0,0,0,0,0,0,0,0,0,0,0,1,1,1,1,2,4,4,4,4,4,4,4,5,5,5,5,7,7,7,7,8,8,8,9,9,9,9,9,9,9,11,11,11,11,11,11,11,11,11,11,11,11,11,12,12,12,12,12,12,12,12,12,12,12,12,13,13,13,13,13,13,13,13,13
84048207,US,USA,840,48207.0,Haskell,Texas,US,33.17823584,-99.73037358,"Haskell, Texas, US",0,0,0,0,0,0,0,0,0,0,0,0,0,0,0,0,0,0,0,0,0,0,0,0,0,0,0,0,0,0,0,0,0,0,0,0,0,0,0,0,0,0,0,0,0,0,0,0,0,0,0,0,0,0,0,0,0,0,0,0,0,0,0,0,0,0,0,0,0,0,0,0,0,0,0,0,0,0,0,0,0,0,0,0,0,0,0,0,0,0,0,0,0,0,0,0,0,0,0,0,0,0,0,0,0,0,0,0,0,0,0,0,0,0,1,1,1,1,2,2,2,2,2,2,2,2,2,2,2,3,3,3,3,3,3,3,3,3,3,3,3,3,4,4,4,4,4,4,4,4,4,4
84048209,US,USA,840,48209.0,Hays,Texas,US,30.05669873,-98.02944344,"Hays, Texas, US",0,0,0,0,0,0,0,0,0,0,0,0,0,0,0,0,0,0,0,0,0,0,0,0,0,0,0,0,0,0,0,0,0,0,0,0,0,0,0,0,0,0,0,0,0,0,0,0,0,0,0,0,0,1,2,3,5,5,6,6,7,7,7,10,11,13,13,13,16,38,42,42,47,50,54,59,61,75,77,79,82,82,82,93,103,109,117,121,121,128,128,140,147,147,148,148,148,155,161,165,165,167,167,168,176,176,176,195,203,203,203,203,214,217,219,219,219,219,219,238,250,250,250,270,270,270,279,297,297,329,329,329,353,371,385,385,385,385,385,441,465,492,574,673,673,673,938,1093,1238,1448,1551,1608
84048211,US,USA,840,48211.0,Hemphill,Texas,US,35.83764858,-100.2703577,"Hemphill, Texas, US",0,0,0,0,0,0,0,0,0,0,0,0,0,0,0,0,0,0,0,0,0,0,0,0,0,0,0,0,0,0,0,0,0,0,0,0,0,0,0,0,0,0,0,0,0,0,0,0,0,0,0,0,0,0,0,0,0,0,0,0,0,0,0,0,0,0,0,0,0,0,0,0,1,1,1,1,1,1,1,1,1,1,1,1,1,1,1,1,1,1,1,1,1,1,1,1,1,1,1,1,1,1,1,1,1,1,1,1,1,1,1,1,1,1,1,1,1,1,1,1,1,1,1,1,1,1,1,1,1,1,1,1,1,1,1,1,1,1,1,1,1,1,1,1,1,1,1,2,2,2,2,2
84048213,US,USA,840,48213.0,Henderson,Texas,US,32.21128872,-95.85846587,"Henderson, Texas, US",0,0,0,0,0,0,0,0,0,0,0,0,0,0,0,0,0,0,0,0,0,0,0,0,0,0,0,0,0,0,0,0,0,0,0,0,0,0,0,0,0,0,0,0,0,0,0,0,0,0,0,0,0,0,0,0,0,0,0,0,0,0,0,0,0,0,0,1,1,1,1,1,1,1,2,2,6,4,6,8,10,10,10,10,11,12,12,13,13,13,19,19,22,22,22,24,24,24,24,25,25,28,28,28,32,33,34,36,36,41,41,46,47,47,48,48,48,48,49,49,51,51,51,55,55,55,56,57,57,57,57,57,59,63,65,65,68,68,68,71,71,74,74,80,80,80,82,85,90,94,97,97
84048215,US,USA,840,48215.0,Hidalgo,Texas,US,26.39418217,-98.18299696,"Hidalgo, Texas, US",0,0,0,0,0,0,0,0,0,0,0,0,0,0,0,0,0,0,0,0,0,0,0,0,0,0,0,0,0,0,0,0,0,0,0,0,0,0,0,0,0,0,0,0,0,0,0,0,0,0,0,0,0,0,0,0,0,0,0,0,2,2,2,7,9,11,18,27,28,38,46,62,79,86,86,99,113,128,139,146,181,190,190,198,217,225,235,242,255,261,268,275,281,290,299,303,308,310,315,324,334,339,340,341,353,353,359,368,377,387,389,394,403,409,417,425,425,440,448,457,467,472,482,482,497,504,516,537,548,560,560,575,584,610,634,679,679,701,733,759,804,842,912,967,967,1050,1112,1255,1347,1447,1556,1556
84048217,US,USA,840,48217.0,Hill,Texas,US,31.99045053,-97.13423143,"Hill, Texas, US",0,0,0,0,0,0,0,0,0,0,0,0,0,0,0,0,0,0,0,0,0,0,0,0,0,0,0,0,0,0,0,0,0,0,0,0,0,0,0,0,0,0,0,0,0,0,0,0,0,0,0,0,0,0,0,0,0,0,0,0,0,0,0,0,0,0,0,1,1,1,2,3,3,5,5,5,5,6,6,8,8,8,8,8,8,9,10,10,10,10,11,12,14,15,15,15,15,15,16,16,16,16,17,17,18,18,18,19,19,19,19,21,21,22,22,22,22,22,23,23,23,23,23,24,24,24,24,24,24,24,24,24,24,24,25,26,27,29,29,30,30,33,34,36,36,36,38,41,46,47,48,48
84048219,US,USA,840,48219.0,Hockley,Texas,US,33.60771256,-102.3431676,"Hockley, Texas, US",0,0,0,0,0,0,0,0,0,0,0,0,0,0,0,0,0,0,0,0,0,0,0,0,0,0,0,0,0,0,0,0,0,0,0,0,0,0,0,0,0,0,0,0,0,0,0,0,0,0,0,0,0,0,0,0,0,0,1,3,3,3,3,5,5,7,7,7,7,7,7,7,7,7,10,10,10,10,12,12,13,14,14,14,15,15,15,15,16,16,16,17,18,19,20,20,20,20,20,20,21,20,20,20,20,20,19,20,20,20,20,20,23,22,23,23,23,23,24,27,27,27,27,27,27,27,27,27,27,27,27,27,27,27,27,27,27,27,27,27,27,28,28,28,28,28,28,29,29,29,29,29
84048221,US,USA,840,48221.0,Hood,Texas,US,32.42990927,-97.83242024,"Hood, Texas, US",0,0,0,0,0,0,0,0,0,0,0,0,0,0,0,0,0,0,0,0,0,0,0,0,0,0,0,0,0,0,0,0,0,0,0,0,0,0,0,0,0,0,0,0,0,0,0,0,0,0,0,0,0,0,0,0,0,0,0,0,0,0,0,0,1,2,3,2,3,6,6,6,8,9,9,9,10,10,11,12,13,13,13,15,15,15,17,17,17,17,17,17,17,17,17,17,17,17,18,19,19,20,20,20,20,20,20,22,22,22,22,22,22,22,22,22,22,22,22,23,23,23,23,23,23,26,26,26,26,27,27,27,27,27,27,31,31,31,31,31,31,31,34,35,35,35,35,35,35,35,35,35
84048223,US,USA,840,48223.0,Hopkins,Texas,US,33.14875072,-95.56351139,"Hopkins, Texas, US",0,0,0,0,0,0,0,0,0,0,0,0,0,0,0,0,0,0,0,0,0,0,0,0,0,0,0,0,0,0,0,0,0,0,0,0,0,0,0,0,0,0,0,0,0,0,0,0,0,0,0,0,0,0,0,0,0,0,0,0,0,0,1,1,1,1,1,1,2,2,3,3,3,3,4,4,4,4,4,4,4,4,4,4,4,4,4,4,4,4,4,4,4,4,4,4,4,4,4,4,4,6,6,6,6,6,7,7,7,8,8,8,8,8,8,8,8,8,8,11,12,12,12,15,17,18,21,24,24,26,26,26,26,27,27,28,29,30,30,39,39,41,41,41,41,41,44,44,44,48,48,50
84048225,US,USA,840,48225.0,Houston,Texas,US,31.31925973,-95.42226208,"Houston, Texas, US",0,0,0,0,0,0,0,0,0,0,0,0,0,0,0,0,0,0,0,0,0,0,0,0,0,0,0,0,0,0,0,0,0,0,0,0,0,0,0,0,0,0,0,0,0,0,0,0,0,0,0,0,0,0,0,0,0,0,0,0,0,0,0,0,0,0,0,0,0,0,0,0,0,0,0,0,0,0,0,0,0,0,0,0,0,0,0,3,3,3,3,3,4,6,6,6,6,5,5,5,6,7,7,7,8,9,10,10,10,13,13,14,21,71,74,76,76,79,81,81,81,81,81,84,84,84,84,84,84,84,114,114,114,127,145,151,151,151,151,152,153,153,154,155,156,156,147,148,147,147,148,148
84048227,US,USA,840,48227.0,Howard,Texas,US,32.30621324,-101.4356444,"Howard, Texas, US",0,0,0,0,0,0,0,0,0,0,0,0,0,0,0,0,0,0,0,0,0,0,0,0,0,0,0,0,0,0,0,0,0,0,0,0,0,0,0,0,0,0,0,0,0,0,0,0,0,0,0,0,0,0,0,0,0,0,0,0,0,0,0,0,0,0,0,0,0,0,0,0,0,0,0,0,0,0,1,1,1,1,1,1,1,1,1,1,1,1,1,1,2,4,4,4,4,4,4,4,4,4,4,4,5,6,6,6,6,6,6,6,6,6,6,6,6,6,6,6,6,6,6,6,6,6,6,7,7,8,8,8,9,9,9,9,9,9,9,15,17,18,18,18,18,18,23,24,24,24,26,26
84048229,US,USA,840,48229.0,Hudspeth,Texas,US,31.45628381,-105.388178,"Hudspeth, Texas, US",0,0,0,0,0,0,0,0,0,0,0,0,0,0,0,0,0,0,0,0,0,0,0,0,0,0,0,0,0,0,0,0,0,0,0,0,0,0,0,0,0,0,0,0,0,0,0,0,0,0,0,0,0,0,0,0,0,0,0,0,0,0,0,0,0,0,0,0,0,0,0,0,0,0,0,0,0,0,0,0,0,0,0,0,0,0,0,0,0,0,0,0,0,0,0,0,0,0,0,0,0,0,0,0,0,0,0,0,0,0,0,0,0,0,0,0,0,0,0,0,0,0,0,0,0,1,1,1,1,2,2,2,2,2,3,4,4,4,4,4,11,11,12,13,13,13,13,13,14,14,14,14
84048231,US,USA,840,48231.0,Hunt,Texas,US,33.12351514,-96.08551032,"Hunt, Texas, US",0,0,0,0,0,0,0,0,0,0,0,0,0,0,0,0,0,0,0,0,0,0,0,0,0,0,0,0,0,0,0,0,0,0,0,0,0,0,0,0,0,0,0,0,0,0,0,0,0,0,0,0,0,0,0,0,0,0,0,0,0,0,1,1,1,1,1,1,3,4,4,4,8,8,8,1,1,14,15,15,16,18,18,22,22,25,25,25,26,32,35,38,38,38,38,39,41,44,44,44,47,48,49,49,52,54,54,56,57,57,57,58,58,58,66,66,66,66,68,69,71,71,71,75,75,76,76,76,76,82,88,88,89,91,96,114,114,121,121,121,132,147,162,185,185,185,185,217,223,227,246,258
84048233,US,USA,840,48233.0,Hutchinson,Texas,US,35.84006574,-101.3546643,"Hutchinson, Texas, US",0,0,0,0,0,0,0,0,0,0,0,0,0,0,0,0,0,0,0,0,0,0,0,0,0,0,0,0,0,0,0,0,0,0,0,0,0,0,0,0,0,0,0,0,0,0,0,0,0,0,0,0,0,0,0,0,0,0,0,0,0,0,0,0,0,0,0,0,0,0,0,0,0,2,2,2,2,2,2,2,2,2,3,3,3,6,6,7,7,8,9,9,9,10,11,11,13,13,13,14,14,14,16,16,19,20,19,19,20,21,21,22,25,25,25,25,25,28,30,32,31,31,31,30,30,30,30,34,34,36,36,36,42,42,44,44,44,44,44,44,44,44,45,45,45,45,45,47,47,49,49,49
84048235,US,USA,840,48235.0,Irion,Texas,US,31.30375559,-100.982439,"Irion, Texas, US",0,0,0,0,0,0,0,0,0,0,0,0,0,0,0,0,0,0,0,0,0,0,0,0,0,0,0,0,0,0,0,0,0,0,0,0,0,0,0,0,0,0,0,0,0,0,0,0,0,0,0,0,0,0,0,0,0,0,0,0,0,0,0,0,0,0,0,0,0,0,0,0,0,0,0,0,0,0,0,0,0,0,0,0,0,0,0,0,0,0,0,0,0,0,0,0,0,0,0,0,0,0,0,0,0,0,0,0,0,0,0,0,0,0,0,0,0,0,0,0,0,0,0,0,0,0,0,0,0,0,0,0,1,1,1,1,1,1,1,1,1,1,1,1,1,1,1,1,1,1,1,1
84048237,US,USA,840,48237.0,Jack,Texas,US,33.23377248,-98.17283469,"Jack, Texas, US",0,0,0,0,0,0,0,0,0,0,0,0,0,0,0,0,0,0,0,0,0,0,0,0,0,0,0,0,0,0,0,0,0,0,0,0,0,0,0,0,0,0,0,0,0,0,0,0,0,0,0,0,0,0,0,0,0,0,0,0,0,0,0,0,0,0,0,0,0,0,0,0,0,0,0,0,0,0,1,1,1,1,1,2,3,3,3,3,3,3,4,4,4,4,4,4,4,4,4,4,4,4,4,4,4,4,4,4,4,4,4,4,4,4,4,4,4,4,4,4,4,4,4,4,4,4,4,4,4,4,4,4,4,4,4,4,4,4,4,4,4,4,4,4,4,4,4,4,4,4,4,4
84048239,US,USA,840,48239.0,Jackson,Texas,US,28.95472367,-96.57749563,"Jackson, Texas, US",0,0,0,0,0,0,0,0,0,0,0,0,0,0,0,0,0,0,0,0,0,0,0,0,0,0,0,0,0,0,0,0,0,0,0,0,0,0,0,0,0,0,0,0,0,0,0,0,0,0,0,0,0,0,0,0,0,0,0,0,0,0,0,0,0,1,1,1,1,1,1,2,3,3,3,3,4,4,4,4,4,4,4,4,4,4,4,4,4,4,6,6,6,6,6,6,6,6,6,6,8,10,14,14,14,14,14,14,14,14,14,15,15,15,15,15,15,15,15,15,16,16,16,17,17,17,17,18,18,18,18,18,19,19,19,19,19,19,19,19,19,20,20,20,21,21,21,21,21,24,25,25
84048241,US,USA,840,48241.0,Jasper,Texas,US,30.74685667,-94.02667579,"Jasper, Texas, US",0,0,0,0,0,0,0,0,0,0,0,0,0,0,0,0,0,0,0,0,0,0,0,0,0,0,0,0,0,0,0,0,0,0,0,0,0,0,0,0,0,0,0,0,0,0,0,0,0,0,0,0,0,0,0,0,0,0,0,0,0,0,0,0,0,0,0,0,1,1,1,2,3,3,3,3,3,3,3,6,7,7,7,7,7,7,7,9,9,9,13,13,14,14,14,14,14,21,21,22,16,18,18,18,18,18,18,19,19,19,19,19,19,19,23,23,23,23,26,26,26,26,26,28,28,28,28,28,28,29,29,29,29,29,29,29,30,30,30,31,32,32,32,32,32,32,32,33,33,33,35,36
84048243,US,USA,840,48243.0,Jeff Davis,Texas,US,30.71490589,-104.1399973,"Jeff Davis, Texas, US",0,0,0,0,0,0,0,0,0,0,0,0,0,0,0,0,0,0,0,0,0,0,0,0,0,0,0,0,0,0,0,0,0,0,0,0,0,0,0,0,0,0,0,0,0,0,0,0,0,0,0,0,0,0,0,0,0,0,0,0,0,0,0,0,0,0,0,0,0,0,0,0,0,0,0,0,0,0,0,0,0,0,0,0,0,0,0,0,0,0,0,0,0,0,0,0,0,0,0,0,0,0,0,0,0,0,0,0,0,0,0,0,0,0,0,0,0,0,0,0,0,0,0,0,0,0,0,0,0,0,0,0,0,0,0,0,0,0,0,0,0,0,0,0,0,0,0,0,0,0,0,0
84048245,US,USA,840,48245.0,Jefferson,Texas,US,29.8832777,-94.16434171,"Jefferson, Texas, US",0,0,0,0,0,0,0,0,0,0,0,0,0,0,0,0,0,0,0,0,0,0,0,0,0,0,0,0,0,0,0,0,0,0,0,0,0,0,0,0,0,0,0,0,0,0,0,0,0,0,0,0,0,0,0,0,1,1,1,1,3,6,6,6,7,8,12,16,18,18,27,31,40,40,58,59,78,78,87,94,100,100,127,134,140,143,157,171,171,180,196,214,240,240,243,266,268,288,298,305,307,318,319,325,333,335,336,353,360,376,381,385,399,418,429,436,436,436,451,458,465,465,465,492,498,503,506,518,518,533,544,550,562,581,585,604,619,627,627,647,1184,1187,1222,1233,1235,1242,1279,1319,1340,1356,1388,1393
84048247,US,USA,840,48247.0,Jim Hogg,Texas,US,27.04453923,-98.69681870000001,"Jim Hogg, Texas, US",0,0,0,0,0,0,0,0,0,0,0,0,0,0,0,0,0,0,0,0,0,0,0,0,0,0,0,0,0,0,0,0,0,0,0,0,0,0,0,0,0,0,0,0,0,0,0,0,0,0,0,0,0,0,0,0,0,0,0,0,0,0,0,0,0,0,0,0,0,0,0,0,0,0,0,0,0,0,0,0,0,0,0,0,0,0,0,0,0,0,0,0,1,1,1,1,1,3,3,3,3,3,3,3,3,3,3,3,3,3,3,3,3,3,3,4,4,4,4,4,4,4,4,4,4,4,4,4,4,4,4,4,4,4,4,4,4,4,4,4,4,4,4,4,4,4,4,4,6,6,8,9
84048249,US,USA,840,48249.0,Jim Wells,Texas,US,27.73103938,-98.0904705,"Jim Wells, Texas, US",0,0,0,0,0,0,0,0,0,0,0,0,0,0,0,0,0,0,0,0,0,0,0,0,0,0,0,0,0,0,0,0,0,0,0,0,0,0,0,0,0,0,0,0,0,0,0,0,0,0,0,0,0,0,0,0,0,0,0,0,0,0,0,0,0,0,0,0,0,0,0,1,1,2,2,2,2,2,2,2,2,2,2,2,2,2,2,2,2,2,2,2,2,2,3,3,3,3,3,3,3,4,5,5,5,5,5,5,6,7,7,7,7,7,7,8,8,8,8,8,9,9,9,9,9,9,9,9,9,9,9,9,9,12,12,12,13,13,13,13,15,15,17,17,18,18,18,19,21,21,22,27
84048251,US,USA,840,48251.0,Johnson,Texas,US,32.37877812,-97.36615819,"Johnson, Texas, US",0,0,0,0,0,0,0,0,0,0,0,0,0,0,0,0,0,0,0,0,0,0,0,0,0,0,0,0,0,0,0,0,0,0,0,0,0,0,0,0,0,0,0,0,0,0,0,0,0,0,0,0,0,0,0,0,1,1,1,2,2,2,2,3,3,6,8,8,8,8,12,17,18,21,23,21,24,25,25,27,28,28,28,31,34,37,37,39,44,41,44,47,50,54,57,57,58,62,67,69,69,82,82,83,87,95,97,99,100,100,103,107,110,117,119,123,123,123,136,142,144,144,144,148,148,155,158,165,165,175,175,175,176,176,178,202,202,202,202,209,214,220,229,232,232,232,232,244,249,254,254,254
84048253,US,USA,840,48253.0,Jones,Texas,US,32.73997145,-99.87861576,"Jones, Texas, US",0,0,0,0,0,0,0,0,0,0,0,0,0,0,0,0,0,0,0,0,0,0,0,0,0,0,0,0,0,0,0,0,0,0,0,0,0,0,0,0,0,0,0,0,0,0,0,0,0,0,0,0,0,0,0,0,0,0,0,0,0,0,0,0,0,0,0,0,0,0,0,0,0,0,0,0,0,1,2,2,2,2,2,2,2,3,3,3,4,4,4,4,4,7,13,13,13,13,37,37,37,62,62,78,78,84,84,87,92,92,95,96,101,110,110,112,112,112,115,117,134,134,134,135,135,101,101,323,323,401,401,401,606,637,636,637,637,637,637,637,636,633,633,631,631,631,630,615,614,610,650,650
84048255,US,USA,840,48255.0,Karnes,Texas,US,28.90705334,-97.85960149,"Karnes, Texas, US",0,0,0,0,0,0,0,0,0,0,0,0,0,0,0,0,0,0,0,0,0,0,0,0,0,0,0,0,0,0,0,0,0,0,0,0,0,0,0,0,0,0,0,0,0,0,0,0,0,0,0,0,0,0,0,0,0,0,0,0,0,0,0,0,1,1,1,2,2,2,2,2,2,2,2,2,2,2,2,2,2,2,2,3,3,3,3,3,3,3,3,3,3,3,3,3,3,3,3,3,3,3,3,3,3,3,3,3,3,3,3,3,4,4,4,3,3,3,4,4,4,4,4,4,4,4,4,4,4,4,4,4,4,4,4,4,4,4,4,4,4,4,4,4,4,4,4,7,7,11,14,14
84048257,US,USA,840,48257.0,Kaufman,Texas,US,32.599141700000004,-96.28734728,"Kaufman, Texas, US",0,0,0,0,0,0,0,0,0,0,0,0,0,0,0,0,0,0,0,0,0,0,0,0,0,0,0,0,0,0,0,0,0,0,0,0,0,0,0,0,0,0,0,0,0,0,0,0,0,0,0,0,0,0,0,0,0,0,0,0,0,0,0,2,2,2,2,2,3,3,4,5,9,10,10,9,14,16,19,24,26,26,28,32,33,33,38,42,42,44,48,51,58,62,71,71,74,75,83,86,86,87,87,90,96,101,106,111,116,116,120,127,133,137,143,147,147,147,155,165,173,173,173,182,182,198,199,203,203,223,223,223,227,230,240,260,269,269,269,275,308,316,325,330,330,330,339,343,349,360,360,360
84048259,US,USA,840,48259.0,Kendall,Texas,US,29.94414155,-98.7113588,"Kendall, Texas, US",0,0,0,0,0,0,0,0,0,0,0,0,0,0,0,0,0,0,0,0,0,0,0,0,0,0,0,0,0,0,0,0,0,0,0,0,0,0,0,0,0,0,0,0,0,0,0,0,0,0,0,0,0,0,0,0,0,0,1,1,1,1,1,1,3,4,6,7,7,7,7,8,8,9,10,9,9,9,9,10,10,11,11,12,14,14,14,14,14,14,14,14,15,15,16,16,16,16,16,16,16,16,16,16,17,17,18,18,19,19,19,20,20,20,20,21,21,21,23,24,24,24,24,24,24,24,28,28,28,29,29,29,30,31,31,32,33,33,33,33,35,35,35,35,36,36,36,36,36,44,44,44
84048261,US,USA,840,48261.0,Kenedy,Texas,US,26.92601662,-97.66413984,"Kenedy, Texas, US",0,0,0,0,0,0,0,0,0,0,0,0,0,0,0,0,0,0,0,0,0,0,0,0,0,0,0,0,0,0,0,0,0,0,0,0,0,0,0,0,0,0,0,0,0,0,0,0,0,0,0,0,0,0,0,0,0,0,0,0,0,0,0,0,0,0,0,0,0,0,0,0,0,0,0,0,0,0,0,0,0,0,0,0,0,0,0,0,0,0,0,0,0,0,0,0,0,0,0,0,0,0,0,0,0,0,0,0,0,0,0,0,0,0,0,0,0,0,0,0,0,0,0,0,0,0,0,0,0,0,0,0,0,0,0,0,0,0,0,0,0,0,0,0,0,0,0,0,0,0,0,0
84048263,US,USA,840,48263.0,Kent,Texas,US,33.18104136,-100.7780939,"Kent, Texas, US",0,0,0,0,0,0,0,0,0,0,0,0,0,0,0,0,0,0,0,0,0,0,0,0,0,0,0,0,0,0,0,0,0,0,0,0,0,0,0,0,0,0,0,0,0,0,0,0,0,0,0,0,0,0,0,0,0,0,0,0,0,0,0,0,0,0,0,0,0,0,0,0,0,0,0,0,0,0,0,0,0,0,0,0,0,0,0,0,0,0,0,0,0,0,0,0,0,0,0,0,0,0,0,0,0,0,0,0,0,0,0,0,0,0,0,0,0,0,0,0,0,0,0,0,0,0,0,0,0,0,0,0,0,0,0,0,0,0,0,0,0,0,0,0,0,0,0,0,0,0,0,0
84048265,US,USA,840,48265.0,Kerr,Texas,US,30.06040006,-99.34930144,"Kerr, Texas, US",0,0,0,0,0,0,0,0,0,0,0,0,0,0,0,0,0,0,0,0,0,0,0,0,0,0,0,0,0,0,0,0,0,0,0,0,0,0,0,0,0,0,0,0,0,0,0,0,0,0,0,0,0,0,0,0,0,0,0,0,0,0,0,0,0,0,0,0,0,1,1,1,2,2,2,2,2,2,2,2,2,2,2,2,3,4,4,4,4,4,4,4,5,5,5,6,6,5,5,5,5,5,5,5,5,6,6,7,9,9,9,9,9,10,10,10,10,10,10,11,11,11,11,16,16,16,17,17,17,18,19,19,20,20,20,20,20,20,20,20,20,20,20,20,20,20,20,20,20,32,33,33
84048267,US,USA,840,48267.0,Kimble,Texas,US,30.48678918,-99.74856473,"Kimble, Texas, US",0,0,0,0,0,0,0,0,0,0,0,0,0,0,0,0,0,0,0,0,0,0,0,0,0,0,0,0,0,0,0,0,0,0,0,0,0,0,0,0,0,0,0,0,0,0,0,0,0,0,0,0,0,0,0,0,0,0,0,0,0,0,0,0,0,0,0,0,0,0,0,0,0,0,0,0,0,0,0,0,0,0,0,0,0,0,0,0,0,0,0,0,0,0,0,0,0,0,0,0,0,0,0,0,0,0,0,1,1,1,1,1,1,1,1,1,1,1,1,1,1,1,1,1,1,1,1,1,1,1,1,1,1,1,1,1,1,1,1,1,1,1,1,1,1,1,1,1,1,1,1,1
84048269,US,USA,840,48269.0,King,Texas,US,33.61643847,-100.2558057,"King, Texas, US",0,0,0,0,0,0,0,0,0,0,0,0,0,0,0,0,0,0,0,0,0,0,0,0,0,0,0,0,0,0,0,0,0,0,0,0,0,0,0,0,0,0,0,0,0,0,0,0,0,0,0,0,0,0,0,0,0,0,0,0,0,0,0,0,0,0,0,0,0,0,0,0,0,0,0,0,0,0,0,0,0,0,0,0,0,0,0,0,0,0,0,0,0,0,0,0,0,0,0,0,0,0,0,0,0,0,0,0,0,0,0,0,0,0,0,0,0,0,0,0,0,0,0,0,0,0,0,0,0,0,0,0,0,0,0,0,0,0,0,0,0,0,0,0,0,0,0,0,0,0,0,0
84048271,US,USA,840,48271.0,Kinney,Texas,US,29.34967888,-100.41866379999999,"Kinney, Texas, US",0,0,0,0,0,0,0,0,0,0,0,0,0,0,0,0,0,0,0,0,0,0,0,0,0,0,0,0,0,0,0,0,0,0,0,0,0,0,0,0,0,0,0,0,0,0,0,0,0,0,0,0,0,0,0,0,0,0,0,0,0,0,0,0,0,0,0,0,0,0,0,0,0,0,0,0,0,0,0,0,0,0,0,0,0,0,0,0,0,0,0,0,0,0,0,0,0,0,0,0,0,0,0,0,0,0,0,0,0,0,0,0,0,0,0,0,0,0,0,0,0,0,0,0,0,0,0,0,0,1,1,1,1,1,1,1,1,1,1,1,1,1,1,1,1,1,1,1,1,1,2,2
84048273,US,USA,840,48273.0,Kleberg,Texas,US,27.42435506,-97.69894948,"Kleberg, Texas, US",0,0,0,0,0,0,0,0,0,0,0,0,0,0,0,0,0,0,0,0,0,0,0,0,0,0,0,0,0,0,0,0,0,0,0,0,0,0,0,0,0,0,0,0,0,0,0,0,0,0,0,0,0,0,0,0,0,0,0,0,0,0,0,0,0,0,1,1,1,1,1,2,1,2,2,2,2,2,2,2,2,2,2,2,3,3,5,5,6,6,6,7,7,7,8,8,9,9,9,9,8,10,10,10,10,10,10,10,10,11,11,11,11,11,13,14,14,14,14,14,14,14,14,15,15,16,16,16,16,16,16,16,17,17,17,18,18,18,18,20,20,20,20,20,20,20,20,20,23,24,25,27
84048275,US,USA,840,48275.0,Knox,Texas,US,33.60519951,-99.74229059999999,"Knox, Texas, US",0,0,0,0,0,0,0,0,0,0,0,0,0,0,0,0,0,0,0,0,0,0,0,0,0,0,0,0,0,0,0,0,0,0,0,0,0,0,0,0,0,0,0,0,0,0,0,0,0,0,0,0,0,0,0,0,0,0,0,0,0,0,0,0,0,0,0,0,0,0,0,0,0,0,0,0,1,1,1,1,1,1,1,1,1,1,1,1,1,1,1,1,1,1,1,1,1,1,1,1,1,1,1,1,1,1,1,1,1,1,1,1,1,1,1,1,1,1,1,1,1,1,1,1,1,1,1,1,1,1,1,1,1,1,1,1,1,1,1,1,1,1,1,1,1,1,1,1,1,1,1,1
84048277,US,USA,840,48277.0,Lamar,Texas,US,33.66981763,-95.57404777,"Lamar, Texas, US",0,0,0,0,0,0,0,0,0,0,0,0,0,0,0,0,0,0,0,0,0,0,0,0,0,0,0,0,0,0,0,0,0,0,0,0,0,0,0,0,0,0,0,0,0,0,0,0,0,0,0,0,0,0,0,0,0,0,1,1,1,1,1,1,1,1,1,3,3,3,3,3,3,5,5,6,6,6,8,8,8,8,8,8,7,7,7,7,7,7,7,8,8,8,8,8,8,51,51,51,61,67,67,67,69,71,76,77,77,89,89,96,104,105,111,111,116,116,116,122,126,126,126,133,134,134,134,136,136,138,145,145,145,151,152,154,155,154,154,156,158,160,163,163,165,165,174,180,180,199,199,205
84048279,US,USA,840,48279.0,Lamb,Texas,US,34.06859623,-102.35162890000001,"Lamb, Texas, US",0,0,0,0,0,0,0,0,0,0,0,0,0,0,0,0,0,0,0,0,0,0,0,0,0,0,0,0,0,0,0,0,0,0,0,0,0,0,0,0,0,0,0,0,0,0,0,0,0,0,0,0,0,0,0,0,0,0,0,0,0,0,0,0,0,1,1,1,1,1,1,1,1,1,1,1,1,1,1,1,1,1,2,2,2,2,2,2,2,2,2,2,2,2,2,2,3,3,3,3,3,4,4,4,4,4,5,5,5,7,7,8,8,10,10,11,11,11,11,11,11,11,11,15,15,15,16,16,16,16,16,16,16,16,16,16,17,17,17,17,18,18,18,18,18,18,20,25,28,29,29,29
84048281,US,USA,840,48281.0,Lampasas,Texas,US,31.19531316,-98.24206613,"Lampasas, Texas, US",0,0,0,0,0,0,0,0,0,0,0,0,0,0,0,0,0,0,0,0,0,0,0,0,0,0,0,0,0,0,0,0,0,0,0,0,0,0,0,0,0,0,0,0,0,0,0,0,0,0,0,0,0,0,0,0,0,0,0,0,0,0,0,0,0,0,0,0,0,0,0,0,1,1,1,2,2,2,2,3,2,2,2,2,3,2,2,2,2,2,2,2,2,2,2,2,2,3,3,3,3,4,4,4,5,5,6,6,8,8,8,8,8,8,8,8,8,8,8,8,8,8,8,8,8,8,8,8,8,9,9,9,9,9,9,9,9,9,9,9,9,9,9,9,9,9,11,13,13,15,16,17
84048283,US,USA,840,48283.0,La Salle,Texas,US,28.34453111,-99.09908775,"La Salle, Texas, US",0,0,0,0,0,0,0,0,0,0,0,0,0,0,0,0,0,0,0,0,0,0,0,0,0,0,0,0,0,0,0,0,0,0,0,0,0,0,0,0,0,0,0,0,0,0,0,0,0,0,0,0,0,0,0,0,0,0,0,0,0,0,0,0,0,0,0,0,0,0,0,0,0,0,0,0,0,0,0,0,0,0,0,0,0,1,1,1,1,1,1,1,1,1,1,1,1,1,1,1,1,1,1,1,1,1,1,1,2,2,2,2,3,4,4,4,4,4,4,4,4,4,4,4,4,4,4,4,4,4,4,4,4,4,4,4,4,4,4,4,4,4,4,4,4,4,4,5,5,7,7,7
84048285,US,USA,840,48285.0,Lavaca,Texas,US,29.38508402,-96.93186692,"Lavaca, Texas, US",0,0,0,0,0,0,0,0,0,0,0,0,0,0,0,0,0,0,0,0,0,0,0,0,0,0,0,0,0,0,0,0,0,0,0,0,0,0,0,0,0,0,0,0,0,0,0,0,0,0,0,0,1,1,1,1,1,1,1,1,1,1,1,1,1,1,3,1,1,1,1,1,1,2,2,2,2,3,4,4,4,4,4,4,4,4,4,4,4,4,4,4,5,5,5,5,5,5,5,6,6,6,6,6,6,6,6,6,6,6,6,6,7,7,7,8,8,8,8,8,8,8,8,9,9,9,11,11,11,12,12,12,13,14,17,18,19,19,19,19,20,21,21,22,22,22,22,22,22,43,68,85
84048287,US,USA,840,48287.0,Lee,Texas,US,30.31120597,-96.97045773,"Lee, Texas, US",0,0,0,0,0,0,0,0,0,0,0,0,0,0,0,0,0,0,0,0,0,0,0,0,0,0,0,0,0,0,0,0,0,0,0,0,0,0,0,0,0,0,0,0,0,0,0,0,0,0,0,0,0,0,0,0,0,0,0,0,0,0,0,0,0,0,0,0,0,0,0,1,2,2,2,2,2,2,2,2,2,2,2,2,2,2,2,2,2,2,2,2,2,2,2,2,2,2,2,2,2,2,2,2,2,2,2,4,5,5,5,6,6,6,6,6,6,6,7,6,8,8,8,9,10,10,11,21,21,25,24,24,24,25,25,25,25,26,26,26,29,32,35,35,35,35,36,39,48,47,48,49
84048289,US,USA,840,48289.0,Leon,Texas,US,31.29872538,-95.9936328,"Leon, Texas, US",0,0,0,0,0,0,0,0,0,0,0,0,0,0,0,0,0,0,0,0,0,0,0,0,0,0,0,0,0,0,0,0,0,0,0,0,0,0,0,0,0,0,0,0,0,0,0,0,0,0,0,0,0,0,0,0,0,0,0,0,0,0,0,0,0,0,0,0,1,1,2,2,2,2,2,2,2,2,2,3,3,3,3,3,3,4,5,5,5,5,5,5,5,5,5,5,5,5,5,5,6,6,6,6,7,7,7,9,9,9,9,9,9,9,9,9,9,9,9,9,9,9,9,9,9,9,9,10,10,10,10,10,10,10,10,11,11,11,11,11,11,11,11,11,11,11,12,13,13,13,14,15
84048291,US,USA,840,48291.0,Liberty,Texas,US,30.15152688,-94.81205615,"Liberty, Texas, US",0,0,0,0,0,0,0,0,0,0,0,0,0,0,0,0,0,0,0,0,0,0,0,0,0,0,0,0,0,0,0,0,0,0,0,0,0,0,0,0,0,0,0,0,0,0,0,0,0,0,0,0,0,0,0,0,0,0,0,0,1,1,1,1,1,2,2,2,2,2,3,3,5,5,6,6,12,15,15,16,17,19,19,20,23,25,25,29,32,32,33,37,37,37,38,38,38,39,41,42,43,45,45,45,46,47,48,49,62,64,66,70,72,72,72,75,75,75,75,79,81,81,81,80,80,80,80,81,81,92,95,95,95,97,97,101,101,103,103,108,110,115,121,121,122,127,137,156,163,169,177,182
84048293,US,USA,840,48293.0,Limestone,Texas,US,31.5454767,-96.58095444,"Limestone, Texas, US",0,0,0,0,0,0,0,0,0,0,0,0,0,0,0,0,0,0,0,0,0,0,0,0,0,0,0,0,0,0,0,0,0,0,0,0,0,0,0,0,0,0,0,0,0,0,0,0,0,0,0,0,0,0,0,0,0,0,0,0,0,0,0,1,1,1,1,1,2,2,2,3,3,3,3,3,6,6,7,9,11,11,11,11,11,11,11,11,11,11,11,11,11,11,11,11,12,13,13,13,12,13,13,13,13,13,13,13,14,15,15,15,15,15,15,15,15,15,17,17,18,18,18,23,23,23,23,23,23,24,24,24,26,27,30,30,32,32,32,34,34,36,36,38,39,39,40,41,40,40,41,41
84048295,US,USA,840,48295.0,Lipscomb,Texas,US,36.27783108,-100.27331509999999,"Lipscomb, Texas, US",0,0,0,0,0,0,0,0,0,0,0,0,0,0,0,0,0,0,0,0,0,0,0,0,0,0,0,0,0,0,0,0,0,0,0,0,0,0,0,0,0,0,0,0,0,0,0,0,0,0,0,0,0,0,0,0,0,0,0,0,0,0,0,0,0,0,0,0,0,0,0,0,0,0,0,0,0,0,0,0,0,0,0,0,0,0,0,0,0,0,0,0,0,0,0,0,0,0,2,2,2,2,2,2,2,2,2,2,2,2,2,2,2,2,2,2,2,2,2,2,2,2,2,2,2,2,2,2,2,2,2,2,2,3,4,5,5,5,5,7,7,7,7,7,7,7,9,9,9,9,9,9
84048297,US,USA,840,48297.0,Live Oak,Texas,US,28.35101362,-98.1246786,"Live Oak, Texas, US",0,0,0,0,0,0,0,0,0,0,0,0,0,0,0,0,0,0,0,0,0,0,0,0,0,0,0,0,0,0,0,0,0,0,0,0,0,0,0,0,0,0,0,0,0,0,0,0,0,0,0,0,0,0,0,0,0,0,0,0,0,0,0,0,0,0,0,0,0,1,1,3,3,3,3,3,3,3,3,3,3,3,3,3,3,3,3,3,3,3,3,5,5,5,5,5,5,5,5,5,5,5,5,5,5,5,5,5,5,5,5,5,5,5,6,6,6,7,7,7,9,9,9,9,9,9,9,9,9,9,9,9,9,9,9,9,9,9,9,9,9,9,9,9,9,9,10,10,10,10,10,10
84048299,US,USA,840,48299.0,Llano,Texas,US,30.70645047,-98.68475262,"Llano, Texas, US",0,0,0,0,0,0,0,0,0,0,0,0,0,0,0,0,0,0,0,0,0,0,0,0,0,0,0,0,0,0,0,0,0,0,0,0,0,0,0,0,0,0,0,0,0,0,0,0,0,0,0,0,0,0,0,0,0,0,0,0,0,0,1,1,2,2,2,2,3,3,3,3,3,3,3,2,3,3,3,3,3,3,3,3,3,3,3,3,3,3,3,3,3,3,3,3,3,3,3,3,3,3,3,3,3,3,3,3,3,3,3,3,3,3,3,3,3,3,3,3,3,3,3,3,3,3,3,3,3,3,3,3,3,3,3,3,3,3,3,3,3,4,4,4,4,4,5,5,5,5,5,5
84048301,US,USA,840,48301.0,Loving,Texas,US,31.84947612,-103.5818571,"Loving, Texas, US",0,0,0,0,0,0,0,0,0,0,0,0,0,0,0,0,0,0,0,0,0,0,0,0,0,0,0,0,0,0,0,0,0,0,0,0,0,0,0,0,0,0,0,0,0,0,0,0,0,0,0,0,0,0,0,0,0,0,0,0,0,0,0,0,0,0,0,0,0,0,0,0,0,0,0,0,0,0,0,0,0,0,0,0,0,0,0,0,0,0,0,0,0,0,0,0,0,0,0,0,0,0,0,0,0,0,0,0,0,0,0,0,0,0,0,0,0,0,0,0,0,0,0,0,0,0,0,0,0,0,0,0,0,0,0,0,0,0,0,0,0,0,0,0,0,0,0,0,0,0,0,0
84048303,US,USA,840,48303.0,Lubbock,Texas,US,33.61008596,-101.82047890000001,"Lubbock, Texas, US",0,0,0,0,0,0,0,0,0,0,0,0,0,0,0,0,0,0,0,0,0,0,0,0,0,0,0,0,0,0,0,0,0,0,0,0,0,0,0,0,0,0,0,0,0,0,0,0,0,0,0,0,0,0,0,0,3,3,2,9,9,9,12,13,19,29,31,41,51,77,100,108,117,138,154,180,180,191,214,234,249,270,307,317,330,367,401,407,419,430,445,458,481,494,494,497,499,504,507,516,535,543,549,553,560,567,575,582,583,589,592,598,605,607,614,616,619,619,624,630,639,639,656,662,664,667,674,677,677,688,691,692,704,706,707,720,734,741,747,756,759,775,790,813,847,857,894,955,1031,1136,1208,1288
84048305,US,USA,840,48305.0,Lynn,Texas,US,33.17657705,-101.8162849,"Lynn, Texas, US",0,0,0,0,0,0,0,0,0,0,0,0,0,0,0,0,0,0,0,0,0,0,0,0,0,0,0,0,0,0,0,0,0,0,0,0,0,0,0,0,0,0,0,0,0,0,0,0,0,0,0,0,0,0,0,0,0,0,0,0,0,0,0,0,0,0,1,2,2,2,2,3,3,3,3,3,4,4,4,5,5,5,5,5,5,5,5,5,5,5,5,5,5,5,5,5,5,5,5,5,5,5,5,5,5,5,5,5,5,5,5,5,5,5,5,5,5,5,5,5,5,5,5,5,5,5,6,6,6,7,7,7,7,7,8,8,8,8,8,8,10,14,14,19,19,19,21,21,21,21,21,21
84048307,US,USA,840,48307.0,McCulloch,Texas,US,31.1925468,-99.34682807,"McCulloch, Texas, US",0,0,0,0,0,0,0,0,0,0,0,0,0,0,0,0,0,0,0,0,0,0,0,0,0,0,0,0,0,0,0,0,0,0,0,0,0,0,0,0,0,0,0,0,0,0,0,0,0,0,0,0,0,0,0,0,0,0,0,0,0,0,0,0,0,0,0,0,0,0,0,0,0,0,0,0,1,0,1,2,3,3,3,3,3,3,3,3,3,3,3,3,3,3,3,3,3,3,3,3,3,3,3,3,3,3,3,3,3,3,3,3,3,3,3,3,3,3,3,3,3,3,3,3,3,3,3,3,3,3,3,3,3,3,3,3,3,3,3,3,3,3,3,3,3,3,4,4,4,4,5,5
84048309,US,USA,840,48309.0,McLennan,Texas,US,31.55255453,-97.20217694,"McLennan, Texas, US",0,0,0,0,0,0,0,0,0,0,0,0,0,0,0,0,0,0,0,0,0,0,0,0,0,0,0,0,0,0,0,0,0,0,0,0,0,0,0,0,0,0,0,0,0,0,0,0,0,0,0,0,0,0,0,0,5,6,13,16,16,16,24,24,28,33,34,34,36,39,44,48,49,50,51,53,56,62,62,66,68,69,71,71,74,74,76,76,76,76,77,78,81,81,81,81,82,87,87,88,89,91,91,91,91,92,92,94,94,94,94,94,96,96,96,97,97,98,98,98,102,102,102,107,107,107,112,113,113,118,118,118,120,121,123,125,127,129,129,132,138,141,150,153,158,163,178,196,222,245,262,303
84048311,US,USA,840,48311.0,McMullen,Texas,US,28.35251708,-98.56769164,"McMullen, Texas, US",0,0,0,0,0,0,0,0,0,0,0,0,0,0,0,0,0,0,0,0,0,0,0,0,0,0,0,0,0,0,0,0,0,0,0,0,0,0,0,0,0,0,0,0,0,0,0,0,0,0,0,0,0,0,0,0,0,0,0,0,0,0,0,0,0,0,0,0,0,0,0,0,0,0,0,0,0,0,0,0,0,0,0,0,0,0,0,0,0,0,0,0,0,0,0,0,0,0,0,0,0,0,0,0,0,0,0,0,0,0,0,0,0,0,0,0,0,0,0,0,0,0,0,0,0,0,0,0,0,0,0,0,0,0,0,0,0,0,0,0,0,0,0,0,0,0,0,0,0,0,0,0
84048313,US,USA,840,48313.0,Madison,Texas,US,30.96694679,-95.93003775,"Madison, Texas, US",0,0,0,0,0,0,0,0,0,0,0,0,0,0,0,0,0,0,0,0,0,0,0,0,0,0,0,0,0,0,0,0,0,0,0,0,0,0,0,0,0,0,0,0,0,0,0,0,0,0,0,0,0,0,0,0,0,0,0,0,0,0,0,0,0,0,0,0,0,0,0,0,0,0,0,0,0,0,1,1,1,1,1,1,1,1,1,2,2,2,2,2,2,2,2,2,2,2,2,2,1,1,1,1,1,1,2,3,3,3,3,3,2,4,6,8,8,8,8,8,8,8,8,8,8,8,8,8,8,8,8,8,8,9,9,9,10,10,10,16,17,19,19,20,20,20,22,23,24,25,26,28
84048315,US,USA,840,48315.0,Marion,Texas,US,32.79868409,-94.35661230000001,"Marion, Texas, US",0,0,0,0,0,0,0,0,0,0,0,0,0,0,0,0,0,0,0,0,0,0,0,0,0,0,0,0,0,0,0,0,0,0,0,0,0,0,0,0,0,0,0,0,0,0,0,0,0,0,0,0,0,0,0,0,0,0,0,0,0,0,0,0,0,0,0,0,0,0,0,0,0,0,0,0,0,0,0,0,0,0,0,0,0,3,3,3,3,3,6,6,6,6,6,7,9,9,9,13,14,14,15,15,15,15,15,16,16,16,15,15,15,15,15,15,15,15,15,15,15,15,15,15,15,15,16,16,16,16,16,16,16,17,17,17,17,17,17,18,18,18,19,19,19,21,21,21,21,21,21,21
84048317,US,USA,840,48317.0,Martin,Texas,US,32.30600051,-101.9513518,"Martin, Texas, US",0,0,0,0,0,0,0,0,0,0,0,0,0,0,0,0,0,0,0,0,0,0,0,0,0,0,0,0,0,0,0,0,0,0,0,0,0,0,0,0,0,0,0,0,0,0,0,0,0,0,0,0,0,0,0,0,0,0,0,0,0,0,0,0,1,1,1,1,1,1,1,1,1,1,1,2,2,2,2,2,2,2,2,2,2,2,2,2,2,2,2,2,2,2,2,2,2,2,2,2,2,2,2,2,3,3,3,3,3,3,3,3,3,3,3,3,3,3,3,3,3,3,3,3,3,3,3,3,3,3,3,3,3,3,3,3,3,3,3,3,3,3,3,3,3,4,4,4,4,5,6,6
84048319,US,USA,840,48319.0,Mason,Texas,US,30.71780434,-99.22629416,"Mason, Texas, US",0,0,0,0,0,0,0,0,0,0,0,0,0,0,0,0,0,0,0,0,0,0,0,0,0,0,0,0,0,0,0,0,0,0,0,0,0,0,0,0,0,0,0,0,0,0,0,0,0,0,0,0,0,0,0,0,0,0,0,0,0,0,0,0,0,0,0,0,0,0,0,0,0,1,1,1,1,1,1,1,1,1,1,1,1,1,1,1,1,1,1,1,1,1,1,1,5,5,15,15,21,24,24,24,26,27,28,28,28,28,28,28,28,28,28,31,31,31,31,31,31,31,31,31,31,31,31,31,31,32,32,32,32,32,32,32,32,32,32,32,32,33,33,33,33,33,33,33,33,33,33,33
84048321,US,USA,840,48321.0,Matagorda,Texas,US,28.81955746,-96.01230294,"Matagorda, Texas, US",0,0,0,0,0,0,0,0,0,0,0,0,0,0,0,0,0,0,0,0,0,0,0,0,0,0,0,0,0,0,0,0,0,0,0,0,0,0,0,0,0,0,0,0,0,0,0,0,0,0,0,0,0,0,1,2,3,3,3,3,3,4,4,6,9,10,11,11,20,21,27,32,35,36,41,41,42,42,44,45,49,49,49,49,51,51,51,51,51,55,56,56,57,59,59,59,59,60,60,60,60,62,62,64,64,64,64,64,64,64,64,64,64,65,65,65,65,65,65,66,66,67,67,67,67,67,67,70,70,70,70,70,70,70,70,71,71,71,77,77,77,77,80,80,80,81,85,94,96,104,105,109
84048323,US,USA,840,48323.0,Maverick,Texas,US,28.7429195,-100.3157686,"Maverick, Texas, US",0,0,0,0,0,0,0,0,0,0,0,0,0,0,0,0,0,0,0,0,0,0,0,0,0,0,0,0,0,0,0,0,0,0,0,0,0,0,0,0,0,0,0,0,0,0,0,0,0,0,0,0,0,0,0,0,0,0,0,0,0,1,1,1,1,1,1,1,1,1,1,3,4,4,4,5,5,7,7,8,9,9,9,10,10,10,12,12,12,12,15,15,15,15,16,16,16,16,16,24,24,24,26,26,26,26,26,26,31,31,31,45,45,52,74,74,74,89,94,93,94,98,94,97,97,97,109,109,116,116,116,116,120,120,129,129,133,133,133,146,149,153,149,160,160,160,199,199,200,206,223,223
84048325,US,USA,840,48325.0,Medina,Texas,US,29.355730100000002,-99.11030298,"Medina, Texas, US",0,0,0,0,0,0,0,0,0,0,0,0,0,0,0,0,0,0,0,0,0,0,0,0,0,0,0,0,0,0,0,0,0,0,0,0,0,0,0,0,0,0,0,0,0,0,0,0,0,0,0,0,0,0,0,0,0,0,0,1,1,1,1,1,1,3,3,3,3,3,3,3,3,3,4,4,6,7,9,10,12,13,13,13,13,15,15,15,15,15,15,17,17,17,19,19,19,19,19,20,20,20,20,20,20,20,21,22,22,31,32,38,45,47,48,49,50,58,59,60,64,64,64,67,67,67,68,69,69,71,73,73,73,74,76,78,216,216,216,216,216,218,220,221,221,221,221,227,228,244,245,250
84048327,US,USA,840,48327.0,Menard,Texas,US,30.88990665,-99.82047940000001,"Menard, Texas, US",0,0,0,0,0,0,0,0,0,0,0,0,0,0,0,0,0,0,0,0,0,0,0,0,0,0,0,0,0,0,0,0,0,0,0,0,0,0,0,0,0,0,0,0,0,0,0,0,0,0,0,0,0,0,0,0,0,0,0,0,0,0,0,0,0,0,0,0,0,0,0,0,0,0,0,0,0,0,0,0,0,0,0,0,0,0,0,0,0,0,0,0,0,0,0,0,0,0,0,0,0,0,0,0,0,0,0,0,0,0,0,0,0,0,0,0,0,0,0,0,0,0,0,0,0,0,0,0,0,0,0,0,0,0,0,0,0,0,0,0,0,0,0,0,0,0,0,0,0,0,0,0
84048329,US,USA,840,48329.0,Midland,Texas,US,31.86904128,-102.03156820000001,"Midland, Texas, US",0,0,0,0,0,0,0,0,0,0,0,0,0,0,0,0,0,0,0,0,0,0,0,0,0,0,0,0,0,0,0,0,0,0,0,0,0,0,0,0,0,0,0,0,0,0,0,0,0,0,0,0,0,0,0,0,0,0,1,1,1,1,3,4,6,7,11,12,13,16,16,16,22,22,24,24,27,30,31,31,31,32,32,32,35,37,41,42,42,43,64,65,67,69,70,71,73,74,75,76,79,82,82,89,90,91,94,100,101,101,101,107,112,115,116,120,120,120,122,122,123,123,123,124,124,124,125,126,126,129,129,129,132,137,141,146,155,155,155,169,177,180,194,201,201,201,222,222,264,287,322,322
84048331,US,USA,840,48331.0,Milam,Texas,US,30.78581830000001,-96.97718698,"Milam, Texas, US",0,0,0,0,0,0,0,0,0,0,0,0,0,0,0,0,0,0,0,0,0,0,0,0,0,0,0,0,0,0,0,0,0,0,0,0,0,0,0,0,0,0,0,0,0,0,0,0,0,0,0,0,0,0,0,0,0,0,1,1,1,2,2,2,2,2,2,2,2,2,2,2,2,2,3,3,3,7,7,7,7,7,8,8,8,8,9,9,11,12,12,12,13,13,13,13,13,14,14,16,16,16,17,18,18,18,18,18,20,20,20,20,20,22,23,23,24,24,25,26,27,27,27,28,28,28,28,28,28,28,28,28,29,29,29,32,35,35,35,35,37,38,40,42,44,44,44,48,51,56,57,57
84048333,US,USA,840,48333.0,Mills,Texas,US,31.49557106,-98.59272068,"Mills, Texas, US",0,0,0,0,0,0,0,0,0,0,0,0,0,0,0,0,0,0,0,0,0,0,0,0,0,0,0,0,0,0,0,0,0,0,0,0,0,0,0,0,0,0,0,0,0,0,0,0,0,0,0,0,0,0,0,0,0,0,0,0,0,0,0,0,0,0,0,0,0,0,0,0,0,0,0,0,0,0,0,0,0,0,0,0,0,0,0,0,0,0,0,0,0,0,0,0,0,0,0,0,0,0,0,0,0,0,0,0,0,0,0,1,1,1,1,1,1,1,1,1,1,1,1,1,1,1,1,1,1,1,1,1,1,1,1,1,1,1,1,1,1,1,1,1,1,1,1,1,1,1,1,1
84048335,US,USA,840,48335.0,Mitchell,Texas,US,32.30623474,-100.9212058,"Mitchell, Texas, US",0,0,0,0,0,0,0,0,0,0,0,0,0,0,0,0,0,0,0,0,0,0,0,0,0,0,0,0,0,0,0,0,0,0,0,0,0,0,0,0,0,0,0,0,0,0,0,0,0,0,0,0,0,0,0,0,0,0,0,0,0,0,0,0,0,0,0,0,0,0,0,0,0,0,0,0,1,1,1,1,1,1,1,1,1,1,1,1,1,1,1,1,1,1,1,1,1,1,1,1,1,1,1,1,1,1,1,1,1,1,1,1,1,1,1,1,1,1,1,1,1,1,1,1,1,1,1,1,1,1,1,1,1,1,1,1,1,1,1,1,1,2,2,2,2,2,2,2,2,2,2,2
84048337,US,USA,840,48337.0,Montague,Texas,US,33.67521893,-97.72500958,"Montague, Texas, US",0,0,0,0,0,0,0,0,0,0,0,0,0,0,0,0,0,0,0,0,0,0,0,0,0,0,0,0,0,0,0,0,0,0,0,0,0,0,0,0,0,0,0,0,0,0,0,0,0,0,0,0,0,0,0,0,0,0,0,0,0,0,0,0,0,1,1,1,1,1,1,1,1,1,1,1,1,1,1,1,2,2,2,5,5,5,5,5,5,5,6,6,6,6,6,6,6,6,6,6,6,6,6,7,8,9,9,9,9,9,9,9,9,9,9,9,9,9,9,9,9,9,9,9,9,9,9,9,9,9,9,9,9,9,9,9,9,9,9,9,9,9,9,9,9,9,9,9,9,12,12,12
84048339,US,USA,840,48339.0,Montgomery,Texas,US,30.30079133,-95.50572772,"Montgomery, Texas, US",0,0,0,0,0,0,0,0,0,0,0,0,0,0,0,0,0,0,0,0,0,0,0,0,0,0,0,0,0,0,0,0,0,0,0,0,0,0,0,0,0,0,0,0,0,0,0,0,0,1,4,3,4,4,4,4,7,7,10,13,13,19,23,31,41,47,63,65,81,93,110,119,130,142,149,161,197,210,231,231,251,251,266,308,331,331,370,370,377,377,393,440,467,496,506,506,530,562,562,602,629,634,634,640,662,672,689,699,699,699,724,742,758,773,798,798,798,817,848,861,881,888,888,888,888,888,926,926,954,954,954,966,1010,1033,1053,1064,1064,1064,1090,1122,1162,1197,1258,1258,1258,1300,1359,1428,1484,1484,1555,1555
84048341,US,USA,840,48341.0,Moore,Texas,US,35.83769242,-101.8930281,"Moore, Texas, US",0,0,0,0,0,0,0,0,0,0,0,0,0,0,0,0,0,0,0,0,0,0,0,0,0,0,0,0,0,0,0,0,0,0,0,0,0,0,0,0,0,0,0,0,0,0,0,0,0,0,0,0,0,0,0,0,0,0,0,0,0,0,0,0,0,0,0,0,1,1,1,6,6,6,6,6,8,9,15,21,21,22,22,36,52,59,75,99,106,121,139,162,172,186,192,252,272,294,295,327,350,363,399,399,434,448,454,487,494,527,526,535,526,534,540,544,552,567,575,579,579,579,579,579,579,583,583,583,583,604,686,689,838,840,844,851,852,852,852,864,864,866,871,873,873,873,872,872,876,877,877,877
84048343,US,USA,840,48343.0,Morris,Texas,US,33.11304005,-94.73255695,"Morris, Texas, US",0,0,0,0,0,0,0,0,0,0,0,0,0,0,0,0,0,0,0,0,0,0,0,0,0,0,0,0,0,0,0,0,0,0,0,0,0,0,0,0,0,0,0,0,0,0,0,0,0,0,0,0,0,0,0,0,0,0,0,0,0,0,0,1,1,1,1,1,1,1,1,1,1,1,1,1,1,1,2,3,3,3,3,3,3,3,4,4,5,5,5,5,5,5,5,5,5,5,5,5,5,8,9,9,9,9,9,9,9,9,9,9,9,10,10,11,11,11,13,14,15,15,15,17,17,21,22,27,27,26,26,26,26,25,27,27,27,27,27,27,27,28,28,30,31,31,31,31,31,31,33,34
84048345,US,USA,840,48345.0,Motley,Texas,US,34.07408766,-100.77972199999999,"Motley, Texas, US",0,0,0,0,0,0,0,0,0,0,0,0,0,0,0,0,0,0,0,0,0,0,0,0,0,0,0,0,0,0,0,0,0,0,0,0,0,0,0,0,0,0,0,0,0,0,0,0,0,0,0,0,0,0,0,0,0,0,0,0,0,0,0,0,0,0,0,0,0,0,0,0,0,0,0,0,0,0,0,0,0,0,1,1,1,1,1,1,1,1,1,1,1,1,1,1,1,1,1,1,1,1,1,1,1,1,1,1,1,1,1,1,1,1,1,1,1,1,1,1,1,1,1,1,1,1,1,1,1,1,1,1,1,1,1,1,1,1,1,1,1,1,1,1,1,1,1,1,1,1,1,1
84048347,US,USA,840,48347.0,Nacogdoches,Texas,US,31.62017125,-94.61803994,"Nacogdoches, Texas, US",0,0,0,0,0,0,0,0,0,0,0,0,0,0,0,0,0,0,0,0,0,0,0,0,0,0,0,0,0,0,0,0,0,0,0,0,0,0,0,0,0,0,0,0,0,0,0,0,0,0,0,0,0,0,0,0,0,0,0,0,0,0,0,1,1,1,1,2,2,2,4,5,12,15,16,18,21,25,25,31,31,47,48,56,64,69,75,88,89,91,96,98,111,115,115,125,125,141,141,157,160,172,172,174,187,189,202,202,202,206,211,221,224,227,229,233,238,239,241,243,244,244,244,257,257,257,261,271,271,287,287,288,290,294,298,301,301,304,304,305,315,317,317,324,324,324,326,329,337,341,343,345
84048349,US,USA,840,48349.0,Navarro,Texas,US,32.04620681,-96.47428766,"Navarro, Texas, US",0,0,0,0,0,0,0,0,0,0,0,0,0,0,0,0,0,0,0,0,0,0,0,0,0,0,0,0,0,0,0,0,0,0,0,0,0,0,0,0,0,0,0,0,0,0,0,0,0,0,0,0,0,0,0,0,0,0,0,0,0,0,0,0,0,1,1,1,3,3,4,4,5,5,6,4,4,4,10,11,12,12,12,16,16,18,20,20,20,20,23,24,25,26,28,28,28,28,30,30,31,31,31,31,31,33,34,36,36,36,36,36,37,37,38,38,38,38,38,40,40,40,40,44,44,45,49,49,49,55,56,56,57,58,61,64,66,66,66,70,70,74,84,87,87,87,98,98,101,116,120,120
84048351,US,USA,840,48351.0,Newton,Texas,US,30.78548982,-93.74408813,"Newton, Texas, US",0,0,0,0,0,0,0,0,0,0,0,0,0,0,0,0,0,0,0,0,0,0,0,0,0,0,0,0,0,0,0,0,0,0,0,0,0,0,0,0,0,0,0,0,0,0,0,0,0,0,0,0,0,0,0,0,0,0,0,0,0,0,0,0,0,0,0,0,0,1,1,1,1,1,1,1,1,1,1,1,2,2,2,2,2,2,2,2,2,2,2,2,2,2,2,2,2,2,2,2,2,2,2,2,2,4,4,4,4,4,4,4,4,4,4,4,4,4,4,4,4,4,4,4,4,4,4,4,4,5,5,5,5,5,5,5,6,6,6,6,6,6,6,6,6,6,6,6,6,6,6,8
84048353,US,USA,840,48353.0,Nolan,Texas,US,32.30365282,-100.4060208,"Nolan, Texas, US",0,0,0,0,0,0,0,0,0,0,0,0,0,0,0,0,0,0,0,0,0,0,0,0,0,0,0,0,0,0,0,0,0,0,0,0,0,0,0,0,0,0,0,0,0,0,0,0,0,0,0,0,0,0,0,0,0,0,0,0,0,0,0,0,0,0,0,0,0,0,0,0,0,0,0,0,0,0,0,0,0,0,0,0,0,0,0,0,0,0,0,0,0,1,1,1,1,1,1,1,1,2,2,2,2,2,2,2,2,2,2,2,2,2,2,2,2,2,2,2,2,2,2,2,2,2,2,2,2,4,4,4,2,3,8,8,9,9,9,9,3,3,3,4,4,4,5,5,8,8,10,10
84048355,US,USA,840,48355.0,Nueces,Texas,US,27.736286,-97.5433285,"Nueces, Texas, US",0,0,0,0,0,0,0,0,0,0,0,0,0,0,0,0,0,0,0,0,0,0,0,0,0,0,0,0,0,0,0,0,0,0,0,0,0,0,0,0,0,0,0,0,0,0,0,0,0,0,0,0,0,0,0,0,0,0,0,1,1,1,6,10,14,18,21,22,22,34,34,40,41,47,53,59,65,65,69,72,72,76,76,79,83,83,87,89,90,90,90,90,91,91,92,94,94,99,99,99,102,106,107,107,113,114,117,123,128,129,132,147,174,186,209,231,233,234,242,248,256,260,260,262,262,263,266,268,268,268,274,275,275,280,285,286,289,289,289,300,303,310,321,336,336,336,360,391,420,485,548,597
84048357,US,USA,840,48357.0,Ochiltree,Texas,US,36.27829105,-100.8158184,"Ochiltree, Texas, US",0,0,0,0,0,0,0,0,0,0,0,0,0,0,0,0,0,0,0,0,0,0,0,0,0,0,0,0,0,0,0,0,0,0,0,0,0,0,0,0,0,0,0,0,0,0,0,0,0,0,0,0,0,0,0,0,0,0,0,0,0,0,0,0,0,0,0,0,0,0,0,0,0,0,0,0,0,0,0,0,0,0,0,0,0,0,0,0,0,0,0,0,0,1,5,5,5,24,25,25,19,19,19,19,25,26,28,29,29,29,29,29,40,40,40,40,40,41,40,41,41,41,41,43,43,43,43,48,48,49,49,49,49,50,51,51,51,51,51,52,52,52,53,53,53,53,53,53,53,53,53,53
84048359,US,USA,840,48359.0,Oldham,Texas,US,35.40425596,-102.6027606,"Oldham, Texas, US",0,0,0,0,0,0,0,0,0,0,0,0,0,0,0,0,0,0,0,0,0,0,0,0,0,0,0,0,0,0,0,0,0,0,0,0,0,0,0,0,0,0,0,0,0,0,0,0,0,0,0,0,0,0,0,0,0,0,1,1,1,1,1,1,1,2,2,2,2,2,2,2,2,2,2,2,3,3,3,3,3,3,3,3,3,3,3,3,3,3,3,3,3,3,3,3,3,3,3,3,3,3,3,3,3,3,3,3,3,3,3,3,3,3,4,4,4,4,3,3,3,3,3,3,3,3,3,3,3,3,3,3,4,4,4,4,4,4,4,4,4,4,4,4,4,4,4,4,4,4,4,4
84048361,US,USA,840,48361.0,Orange,Texas,US,30.11879481,-93.89412775,"Orange, Texas, US",0,0,0,0,0,0,0,0,0,0,0,0,0,0,0,0,0,0,0,0,0,0,0,0,0,0,0,0,0,0,0,0,0,0,0,0,0,0,0,0,0,0,0,0,0,0,0,0,0,0,0,0,0,0,0,0,0,0,0,0,0,1,1,1,1,1,1,1,5,5,7,7,7,7,22,22,26,29,30,30,33,44,44,45,46,47,50,53,53,53,58,59,63,63,64,64,64,64,70,70,71,71,71,71,77,79,81,81,85,85,85,85,84,84,87,87,87,87,87,89,89,89,89,96,96,96,96,96,96,98,98,98,98,98,101,101,100,100,100,100,102,102,105,106,106,106,107,118,126,135,143,143
84048363,US,USA,840,48363.0,Palo Pinto,Texas,US,32.75310985,-98.31319001,"Palo Pinto, Texas, US",0,0,0,0,0,0,0,0,0,0,0,0,0,0,0,0,0,0,0,0,0,0,0,0,0,0,0,0,0,0,0,0,0,0,0,0,0,0,0,0,0,0,0,0,0,0,0,0,0,0,0,0,0,0,0,0,0,0,0,0,0,0,0,0,0,0,0,0,0,0,0,1,1,1,1,1,2,3,4,4,4,4,7,7,7,7,7,7,7,7,7,7,7,7,7,7,7,7,7,7,7,8,8,8,8,9,9,9,9,9,9,9,9,9,9,9,9,9,9,10,10,10,10,10,10,11,11,11,11,13,13,13,13,13,13,13,13,13,13,13,13,14,14,14,14,14,14,14,14,14,14,14
84048365,US,USA,840,48365.0,Panola,Texas,US,32.163959600000005,-94.30552481,"Panola, Texas, US",0,0,0,0,0,0,0,0,0,0,0,0,0,0,0,0,0,0,0,0,0,0,0,0,0,0,0,0,0,0,0,0,0,0,0,0,0,0,0,0,0,0,0,0,0,0,0,0,0,0,0,0,0,0,0,0,0,0,0,0,0,0,0,0,0,0,0,0,0,1,3,3,4,4,4,4,4,4,7,10,13,13,13,20,22,32,36,38,38,38,55,55,75,75,75,76,78,80,80,107,128,133,133,135,135,136,139,168,168,168,162,162,162,175,175,175,175,175,175,175,175,188,188,188,188,194,194,196,196,197,197,197,199,199,213,213,213,214,214,214,214,214,216,216,219,221,209,209,209,209,209,209
84048367,US,USA,840,48367.0,Parker,Texas,US,32.77757172,-97.80500621,"Parker, Texas, US",0,0,0,0,0,0,0,0,0,0,0,0,0,0,0,0,0,0,0,0,0,0,0,0,0,0,0,0,0,0,0,0,0,0,0,0,0,0,0,0,0,0,0,0,0,0,0,0,0,0,0,0,0,0,0,0,0,0,0,0,0,1,1,1,2,2,4,4,4,4,4,4,5,6,6,6,6,6,9,11,13,13,14,15,16,17,20,21,21,21,21,21,22,23,24,24,24,25,30,30,30,35,35,39,40,41,43,44,45,45,45,45,47,56,57,57,57,57,63,64,67,67,67,67,67,68,68,70,70,76,76,76,79,81,81,87,92,92,92,104,105,105,110,112,112,112,116,118,120,124,124,124
84048369,US,USA,840,48369.0,Parmer,Texas,US,34.52993409,-102.78446679999999,"Parmer, Texas, US",0,0,0,0,0,0,0,0,0,0,0,0,0,0,0,0,0,0,0,0,0,0,0,0,0,0,0,0,0,0,0,0,0,0,0,0,0,0,0,0,0,0,0,0,0,0,0,0,0,0,0,0,0,0,0,0,0,0,0,0,0,0,0,0,0,0,0,0,0,0,0,0,0,0,0,0,0,0,0,0,0,0,0,0,0,0,0,0,1,1,2,3,3,4,4,4,4,6,6,6,8,8,8,13,13,14,17,17,19,19,19,21,22,23,23,25,26,34,36,39,39,39,39,53,53,54,54,53,53,59,59,59,59,69,71,88,89,89,89,98,98,100,111,120,120,120,124,132,139,155,155,155
84048371,US,USA,840,48371.0,Pecos,Texas,US,30.78097267,-102.72412609999999,"Pecos, Texas, US",0,0,0,0,0,0,0,0,0,0,0,0,0,0,0,0,0,0,0,0,0,0,0,0,0,0,0,0,0,0,0,0,0,0,0,0,0,0,0,0,0,0,0,0,0,0,0,0,0,0,0,0,0,0,0,0,0,0,0,0,0,0,0,0,0,0,0,0,0,0,0,0,0,0,0,1,1,1,1,1,1,3,3,3,5,5,5,5,5,5,5,5,6,6,8,8,9,9,9,9,11,10,10,10,13,14,14,14,15,15,15,19,20,20,20,20,20,20,23,24,24,24,24,27,27,27,27,56,56,66,93,102,102,103,103,103,104,105,105,105,107,107,107,107,107,107,112,111,111,112,112,112
84048373,US,USA,840,48373.0,Polk,Texas,US,30.79472531,-94.82766240000001,"Polk, Texas, US",0,0,0,0,0,0,0,0,0,0,0,0,0,0,0,0,0,0,0,0,0,0,0,0,0,0,0,0,0,0,0,0,0,0,0,0,0,0,0,0,0,0,0,0,0,0,0,0,0,0,0,0,0,0,0,0,0,0,0,0,0,0,0,0,0,0,1,1,1,4,4,4,7,7,7,8,8,8,8,8,9,9,9,11,11,14,14,14,14,14,15,15,18,18,18,18,18,18,19,19,20,20,20,20,30,30,30,35,35,35,35,40,40,46,47,47,47,47,50,50,52,52,52,52,52,52,53,54,54,56,56,56,60,60,60,60,61,61,61,61,62,62,65,65,65,65,71,72,73,73,75,75
84048375,US,USA,840,48375.0,Potter,Texas,US,35.40133773,-101.893964,"Potter, Texas, US",0,0,0,0,0,0,0,0,0,0,0,0,0,0,0,0,0,0,0,0,0,0,0,0,0,0,0,0,0,0,0,0,0,0,0,0,0,0,0,0,0,0,0,0,0,0,0,0,0,0,0,0,0,0,0,0,0,2,0,0,0,2,3,3,3,3,3,5,5,8,16,16,21,24,40,40,41,47,58,59,66,70,70,79,79,92,101,110,130,142,160,174,204,221,280,326,333,396,430,499,572,684,766,818,876,907,971,1027,1101,1124,1124,1179,1327,1421,1462,2080,2129,2129,2145,2193,2196,2196,2229,2238,2238,2238,2251,2266,2266,2317,2321,2321,2354,2432,2488,2504,2754,2756,2756,2763,2766,2778,2785,2785,2785,2785,2789,2798,2811,2819,2822,2822
84048377,US,USA,840,48377.0,Presidio,Texas,US,29.99954402,-104.24080790000001,"Presidio, Texas, US",0,0,0,0,0,0,0,0,0,0,0,0,0,0,0,0,0,0,0,0,0,0,0,0,0,0,0,0,0,0,0,0,0,0,0,0,0,0,0,0,0,0,0,0,0,0,0,0,0,0,0,0,0,0,0,0,0,0,0,0,0,0,0,0,0,0,0,0,0,0,0,0,0,0,0,0,0,0,0,0,0,0,0,0,0,0,0,0,0,0,0,0,0,0,0,0,0,0,0,0,0,0,0,0,0,0,0,0,0,0,0,0,0,0,0,0,0,0,0,0,0,0,0,0,1,1,1,1,1,1,1,1,1,1,1,1,2,2,2,2,2,2,2,2,2,2,2,11,11,11,11,11
84048379,US,USA,840,48379.0,Rains,Texas,US,32.87109387,-95.79232691,"Rains, Texas, US",0,0,0,0,0,0,0,0,0,0,0,0,0,0,0,0,0,0,0,0,0,0,0,0,0,0,0,0,0,0,0,0,0,0,0,0,0,0,0,0,0,0,0,0,0,0,0,0,0,0,0,0,0,0,0,0,0,0,0,0,0,0,0,0,0,0,0,0,0,0,0,0,0,0,0,0,0,0,1,1,1,1,1,1,2,2,2,2,2,2,2,2,2,2,2,2,2,2,2,2,2,2,2,2,2,2,2,2,2,2,2,2,2,2,2,2,2,2,2,2,3,3,3,3,3,3,3,3,3,3,3,3,3,4,4,4,4,4,4,4,4,4,4,5,5,5,5,6,6,7,8,8
84048381,US,USA,840,48381.0,Randall,Texas,US,34.96585996,-101.8971322,"Randall, Texas, US",0,0,0,0,0,0,0,0,0,0,0,0,0,0,0,0,0,0,0,0,0,0,0,0,0,0,0,0,0,0,0,0,0,0,0,0,0,0,0,0,0,0,0,0,0,0,0,0,0,0,0,0,0,0,0,0,0,0,2,2,2,2,2,2,2,3,3,6,6,10,17,17,21,24,34,36,36,40,52,56,60,64,64,73,73,80,93,97,103,112,115,117,125,137,149,164,172,191,200,213,234,256,270,279,296,310,333,343,355,358,358,379,413,444,477,593,602,602,611,616,625,625,645,648,648,648,652,655,655,671,674,674,688,711,715,724,727,728,728,737,740,747,748,749,751,751,758,763,769,771,775,775
84048383,US,USA,840,48383.0,Reagan,Texas,US,31.36607041,-101.52326590000001,"Reagan, Texas, US",0,0,0,0,0,0,0,0,0,0,0,0,0,0,0,0,0,0,0,0,0,0,0,0,0,0,0,0,0,0,0,0,0,0,0,0,0,0,0,0,0,0,0,0,0,0,0,0,0,0,0,0,0,0,0,0,0,0,0,0,0,0,0,0,0,0,0,0,0,0,0,0,0,0,0,0,0,0,0,0,0,0,0,0,0,0,0,0,0,0,0,0,0,0,0,0,0,0,0,0,0,0,0,0,0,0,0,0,0,0,0,0,0,0,0,0,0,0,0,0,0,0,0,0,0,0,1,1,1,2,2,2,2,2,2,2,2,2,2,2,2,2,2,2,2,2,2,2,2,2,2,2
84048385,US,USA,840,48385.0,Real,Texas,US,29.83321503,-99.82018052,"Real, Texas, US",0,0,0,0,0,0,0,0,0,0,0,0,0,0,0,0,0,0,0,0,0,0,0,0,0,0,0,0,0,0,0,0,0,0,0,0,0,0,0,0,0,0,0,0,0,0,0,0,0,0,0,0,0,0,0,0,0,0,0,0,0,0,0,0,0,0,0,0,0,0,0,0,0,0,0,0,0,0,0,0,0,0,0,0,0,0,0,0,0,0,0,0,0,0,0,0,0,0,0,0,0,0,0,0,0,0,0,0,0,0,0,0,0,0,0,0,0,0,0,0,0,0,0,0,0,0,0,0,0,0,0,0,0,0,0,1,1,1,1,1,1,1,1,1,1,1,1,1,1,1,1,1
84048387,US,USA,840,48387.0,Red River,Texas,US,33.61886692,-95.04841765,"Red River, Texas, US",0,0,0,0,0,0,0,0,0,0,0,0,0,0,0,0,0,0,0,0,0,0,0,0,0,0,0,0,0,0,0,0,0,0,0,0,0,0,0,0,0,0,0,0,0,0,0,0,0,0,0,0,0,0,0,0,0,0,0,0,0,0,0,0,0,0,0,0,0,0,0,0,0,0,0,0,0,0,0,0,0,0,0,0,0,1,1,1,1,1,1,1,1,1,1,1,1,1,1,1,1,1,1,1,1,1,2,3,3,9,9,27,28,33,35,35,35,35,36,40,42,42,42,46,47,48,50,50,50,66,70,70,72,74,76,76,78,79,79,81,83,86,89,93,93,93,95,95,95,96,99,99
84048389,US,USA,840,48389.0,Reeves,Texas,US,31.32323325,-103.69038959999999,"Reeves, Texas, US",0,0,0,0,0,0,0,0,0,0,0,0,0,0,0,0,0,0,0,0,0,0,0,0,0,0,0,0,0,0,0,0,0,0,0,0,0,0,0,0,0,0,0,0,0,0,0,0,0,0,0,0,0,0,0,0,0,0,0,0,0,0,0,1,1,1,0,0,0,0,0,0,1,1,1,1,1,1,1,1,1,2,2,2,2,2,2,2,2,2,2,2,2,2,2,2,2,5,5,5,5,5,5,5,5,5,5,7,7,7,7,7,7,7,7,7,7,7,7,7,7,7,7,7,7,7,7,7,7,7,7,7,7,7,7,8,8,8,8,11,11,11,12,12,12,12,14,14,14,14,14,14
84048391,US,USA,840,48391.0,Refugio,Texas,US,28.323897600000002,-97.15766311,"Refugio, Texas, US",0,0,0,0,0,0,0,0,0,0,0,0,0,0,0,0,0,0,0,0,0,0,0,0,0,0,0,0,0,0,0,0,0,0,0,0,0,0,0,0,0,0,0,0,0,0,0,0,0,0,0,0,0,0,0,0,0,0,0,0,0,0,0,0,0,0,0,0,0,0,0,0,0,0,0,0,0,0,0,0,0,0,0,0,0,0,0,0,0,0,0,0,0,0,0,0,0,0,0,0,0,0,0,1,1,1,1,1,1,1,1,2,3,3,3,3,3,3,3,3,3,3,3,3,3,3,3,3,3,3,3,3,3,3,3,3,3,3,3,5,5,5,5,5,5,5,6,6,6,6,6,6
84048393,US,USA,840,48393.0,Roberts,Texas,US,35.83809685,-100.813175,"Roberts, Texas, US",0,0,0,0,0,0,0,0,0,0,0,0,0,0,0,0,0,0,0,0,0,0,0,0,0,0,0,0,0,0,0,0,0,0,0,0,0,0,0,0,0,0,0,0,0,0,0,0,0,0,0,0,0,0,0,0,0,0,0,0,0,0,0,0,0,0,0,0,0,0,0,0,0,0,0,0,0,0,0,0,0,0,0,0,0,1,1,2,2,2,2,2,2,2,2,2,2,2,2,2,2,2,2,2,2,2,2,2,2,2,2,2,2,2,2,2,2,2,2,2,2,2,2,2,2,2,2,2,2,2,2,2,2,2,2,2,2,2,2,2,2,2,2,2,2,2,2,2,2,2,2,2
84048395,US,USA,840,48395.0,Robertson,Texas,US,31.02539637,-96.51272246,"Robertson, Texas, US",0,0,0,0,0,0,0,0,0,0,0,0,0,0,0,0,0,0,0,0,0,0,0,0,0,0,0,0,0,0,0,0,0,0,0,0,0,0,0,0,0,0,0,0,0,0,0,0,0,0,0,0,0,0,0,0,0,0,0,0,0,1,1,1,1,1,2,2,2,2,2,2,2,2,2,2,2,2,2,2,2,2,2,2,2,2,2,2,2,2,2,2,2,2,2,2,2,2,4,4,4,4,4,4,4,4,5,5,5,5,5,5,6,6,6,6,6,6,7,7,7,7,7,7,7,7,7,7,7,8,8,9,11,11,11,14,14,16,16,17,17,18,18,17,17,17,18,18,23,22,23,27
84048397,US,USA,840,48397.0,Rockwall,Texas,US,32.89779518,-96.40771592,"Rockwall, Texas, US",0,0,0,0,0,0,0,0,0,0,0,0,0,0,0,0,0,0,0,0,0,0,0,0,0,0,0,0,0,0,0,0,0,0,0,0,0,0,0,0,0,0,0,0,0,0,0,0,0,0,0,0,0,0,0,0,0,0,0,0,0,0,0,0,2,3,3,3,4,5,9,10,10,11,11,10,11,14,14,16,20,20,26,26,39,39,39,39,41,41,41,48,48,49,51,51,56,58,75,75,75,85,85,88,91,95,96,100,100,100,104,113,126,138,138,138,138,138,138,143,147,147,147,151,151,155,156,159,159,167,167,167,171,171,176,194,200,200,202,202,224,230,233,233,233,233,233,247,258,264,264,264
84048399,US,USA,840,48399.0,Runnels,Texas,US,31.8314342,-99.97616148,"Runnels, Texas, US",0,0,0,0,0,0,0,0,0,0,0,0,0,0,0,0,0,0,0,0,0,0,0,0,0,0,0,0,0,0,0,0,0,0,0,0,0,0,0,0,0,0,0,0,0,0,0,0,0,0,0,0,0,0,0,0,0,0,0,0,0,0,0,0,0,0,0,0,0,0,0,0,0,0,0,0,0,0,0,0,0,0,0,0,0,0,0,0,0,0,0,0,0,0,0,0,0,1,1,1,1,2,2,2,2,2,2,2,2,2,2,2,2,2,2,2,2,2,2,2,2,2,2,2,2,2,2,2,2,3,3,3,2,2,2,3,3,3,3,3,2,2,2,2,2,2,2,2,2,3,3,3
84048401,US,USA,840,48401.0,Rusk,Texas,US,32.10773545,-94.76176432,"Rusk, Texas, US",0,0,0,0,0,0,0,0,0,0,0,0,0,0,0,0,0,0,0,0,0,0,0,0,0,0,0,0,0,0,0,0,0,0,0,0,0,0,0,0,0,0,0,0,0,0,0,0,0,0,0,0,0,0,0,1,1,1,1,1,1,1,1,2,2,2,2,2,3,3,5,6,7,11,12,12,13,14,14,14,14,16,16,16,17,25,27,28,28,28,29,29,30,30,30,32,32,33,33,35,36,36,36,36,38,39,40,40,40,40,40,40,40,40,40,42,42,42,42,42,42,42,42,43,43,44,44,45,45,52,55,55,56,57,59,60,63,64,64,67,65,68,68,70,70,128,232,233,241,245,250,250
84048403,US,USA,840,48403.0,Sabine,Texas,US,31.34318809,-93.85440451,"Sabine, Texas, US",0,0,0,0,0,0,0,0,0,0,0,0,0,0,0,0,0,0,0,0,0,0,0,0,0,0,0,0,0,0,0,0,0,0,0,0,0,0,0,0,0,0,0,0,0,0,0,0,0,0,0,0,0,0,0,0,0,0,0,0,0,0,0,0,0,0,0,0,0,0,0,0,0,0,0,0,0,0,0,0,0,0,0,0,0,1,1,1,1,1,1,1,1,1,1,1,1,1,1,1,1,1,1,1,1,1,2,2,2,2,2,3,3,3,3,3,3,3,4,4,4,4,4,5,5,5,5,6,6,14,14,15,15,15,15,15,15,15,15,15,15,15,15,15,15,15,15,15,15,15,18,19
84048405,US,USA,840,48405.0,San Augustine,Texas,US,31.39457611,-94.17000399,"San Augustine, Texas, US",0,0,0,0,0,0,0,0,0,0,0,0,0,0,0,0,0,0,0,0,0,0,0,0,0,0,0,0,0,0,0,0,0,0,0,0,0,0,0,0,0,0,0,0,0,0,0,0,0,0,0,0,0,0,0,0,0,0,0,0,0,0,0,0,0,0,0,0,0,1,1,1,4,4,4,4,4,4,7,9,9,9,9,9,9,11,14,14,14,14,14,14,15,16,16,16,16,16,16,16,19,19,19,19,19,21,21,21,21,21,21,22,22,22,22,22,22,22,26,26,28,28,28,29,29,29,31,31,31,38,38,38,44,44,44,44,45,45,45,45,49,49,55,55,55,55,61,74,86,86,87,87
84048407,US,USA,840,48407.0,San Jacinto,Texas,US,30.57933681,-95.16260304,"San Jacinto, Texas, US",0,0,0,0,0,0,0,0,0,0,0,0,0,0,0,0,0,0,0,0,0,0,0,0,0,0,0,0,0,0,0,0,0,0,0,0,0,0,0,0,0,0,0,0,0,0,0,0,0,0,0,0,0,0,0,0,0,0,0,0,0,0,0,0,0,0,1,1,1,1,1,1,1,1,1,1,1,3,3,3,5,5,7,8,7,10,10,10,10,10,10,10,10,10,10,10,10,9,9,9,9,10,10,10,10,10,10,10,10,11,11,11,11,12,12,12,12,12,12,12,13,13,13,14,14,14,14,14,14,14,14,14,14,14,16,17,17,17,17,19,19,20,20,20,20,20,19,22,22,23,23,23
84048409,US,USA,840,48409.0,San Patricio,Texas,US,28.00880118,-97.51763891,"San Patricio, Texas, US",0,0,0,0,0,0,0,0,0,0,0,0,0,0,0,0,0,0,0,0,0,0,0,0,0,0,0,0,0,0,0,0,0,0,0,0,0,0,0,0,0,0,0,0,0,0,0,0,0,0,0,0,0,0,0,0,0,0,0,0,0,0,0,1,2,2,2,2,2,2,2,2,3,4,5,2,2,7,7,7,7,7,7,9,8,8,8,8,8,8,8,9,11,11,12,12,12,13,13,13,12,12,12,13,13,14,16,16,18,20,22,22,22,23,25,25,26,26,26,26,28,28,28,28,28,28,29,32,32,33,33,33,36,36,36,38,38,39,39,41,41,41,41,41,41,41,58,58,62,66,66,66
84048411,US,USA,840,48411.0,San Saba,Texas,US,31.1577796,-98.81758731,"San Saba, Texas, US",0,0,0,0,0,0,0,0,0,0,0,0,0,0,0,0,0,0,0,0,0,0,0,0,0,0,0,0,0,0,0,0,0,0,0,0,0,0,0,0,0,0,0,0,0,0,0,0,0,0,0,0,0,0,0,0,0,0,0,0,0,0,0,0,0,0,0,0,0,0,0,0,0,0,0,0,0,0,0,0,0,0,0,0,0,0,0,0,0,0,0,0,0,0,0,0,0,0,0,0,0,0,0,0,0,0,0,0,0,0,0,0,0,0,0,0,0,0,1,1,1,1,1,1,1,1,1,1,1,1,1,1,1,1,1,1,1,1,1,1,1,1,1,2,2,2,2,2,2,2,2,2
84048413,US,USA,840,48413.0,Schleicher,Texas,US,30.89740592,-100.5384842,"Schleicher, Texas, US",0,0,0,0,0,0,0,0,0,0,0,0,0,0,0,0,0,0,0,0,0,0,0,0,0,0,0,0,0,0,0,0,0,0,0,0,0,0,0,0,0,0,0,0,0,0,0,0,0,0,0,0,0,0,0,0,0,0,0,0,0,0,0,0,0,0,0,0,0,0,0,0,0,0,0,0,0,0,0,0,0,0,0,0,0,0,0,0,0,0,0,0,0,0,0,0,0,0,0,0,0,0,0,0,0,0,0,0,0,0,0,0,0,0,0,0,0,0,0,0,0,0,0,0,0,0,0,0,0,0,0,0,0,0,0,0,0,0,0,0,0,0,0,1,1,1,6,8,8,10,12,12
84048415,US,USA,840,48415.0,Scurry,Texas,US,32.74613808,-100.91626640000001,"Scurry, Texas, US",0,0,0,0,0,0,0,0,0,0,0,0,0,0,0,0,0,0,0,0,0,0,0,0,0,0,0,0,0,0,0,0,0,0,0,0,0,0,0,0,0,0,0,0,0,0,0,0,0,0,0,0,0,0,0,0,0,0,0,0,0,0,0,0,0,0,0,0,0,0,0,0,0,0,0,0,0,0,0,0,0,0,2,2,2,2,2,2,2,2,2,2,2,2,2,2,2,2,2,2,2,2,2,2,2,2,2,2,2,2,2,2,2,2,2,2,2,2,2,2,2,2,2,2,2,2,2,2,2,24,24,24,32,32,33,26,26,26,26,26,26,27,28,28,28,28,28,28,29,29,29,29
84048417,US,USA,840,48417.0,Shackelford,Texas,US,32.73587756,-99.35401337,"Shackelford, Texas, US",0,0,0,0,0,0,0,0,0,0,0,0,0,0,0,0,0,0,0,0,0,0,0,0,0,0,0,0,0,0,0,0,0,0,0,0,0,0,0,0,0,0,0,0,0,0,0,0,0,0,0,0,0,0,0,0,0,0,0,0,0,0,0,0,0,0,0,0,0,0,0,0,0,0,0,0,0,0,0,0,0,0,0,0,0,0,0,0,0,0,0,0,0,0,0,0,0,0,0,0,0,0,0,0,0,0,1,1,1,1,1,1,1,1,1,1,1,1,1,1,1,1,1,1,1,1,1,1,1,1,1,1,1,1,1,1,1,1,1,1,1,1,1,1,1,1,1,1,1,1,1,1
84048419,US,USA,840,48419.0,Shelby,Texas,US,31.79211404,-94.14550696,"Shelby, Texas, US",0,0,0,0,0,0,0,0,0,0,0,0,0,0,0,0,0,0,0,0,0,0,0,0,0,0,0,0,0,0,0,0,0,0,0,0,0,0,0,0,0,0,0,0,0,0,0,0,0,0,0,0,0,0,0,0,0,0,0,0,0,0,0,0,1,1,1,1,2,2,4,4,10,11,12,12,13,17,23,31,34,34,36,40,46,51,53,60,60,60,69,69,85,86,86,97,98,101,101,106,117,117,117,117,129,131,144,149,149,152,152,158,163,167,172,173,175,175,175,177,180,180,180,183,183,183,187,189,189,201,201,201,203,207,213,213,213,213,213,214,215,224,226,227,229,230,230,230,235,241,253,254
84048421,US,USA,840,48421.0,Sherman,Texas,US,36.27751473,-101.8933156,"Sherman, Texas, US",0,0,0,0,0,0,0,0,0,0,0,0,0,0,0,0,0,0,0,0,0,0,0,0,0,0,0,0,0,0,0,0,0,0,0,0,0,0,0,0,0,0,0,0,0,0,0,0,0,0,0,0,0,0,0,0,0,0,0,0,0,0,0,0,0,0,0,0,0,0,0,0,0,0,0,0,0,0,0,0,0,0,0,0,0,0,6,7,7,7,7,10,10,10,11,12,14,14,14,15,17,17,18,18,18,18,19,20,20,23,23,23,23,23,23,23,23,23,23,23,23,23,23,21,21,21,22,23,23,24,24,24,27,27,27,28,28,28,28,28,28,28,28,28,28,28,28,28,30,30,30,30
84048423,US,USA,840,48423.0,Smith,Texas,US,32.37474036,-95.27175679999999,"Smith, Texas, US",0,0,0,0,0,0,0,0,0,0,0,0,0,0,0,0,0,0,0,0,0,0,0,0,0,0,0,0,0,0,0,0,0,0,0,0,0,0,0,0,0,0,0,0,0,0,0,0,0,0,0,3,3,4,4,4,5,5,5,6,10,10,14,16,21,27,27,31,32,36,37,42,53,57,57,62,75,79,82,88,93,96,96,101,103,108,112,116,121,121,124,124,131,131,131,132,134,139,139,142,144,146,146,146,155,156,165,170,170,174,174,177,185,186,189,189,189,189,192,192,195,195,195,198,198,198,199,200,200,204,204,204,210,212,215,216,223,223,223,235,238,244,244,271,271,271,283,297,310,318,340,340
84048425,US,USA,840,48425.0,Somervell,Texas,US,32.22236802,-97.77403489,"Somervell, Texas, US",0,0,0,0,0,0,0,0,0,0,0,0,0,0,0,0,0,0,0,0,0,0,0,0,0,0,0,0,0,0,0,0,0,0,0,0,0,0,0,0,0,0,0,0,0,0,0,0,0,0,0,0,0,0,0,0,0,0,0,0,0,0,0,0,0,0,0,0,0,0,0,0,0,0,0,0,0,0,0,0,0,0,0,0,0,0,0,0,0,0,0,0,0,0,0,0,0,0,0,0,0,0,0,0,0,0,0,0,0,0,0,0,0,0,0,0,0,0,0,0,0,0,0,0,0,0,0,0,0,0,0,0,0,0,0,0,0,0,0,1,1,2,2,2,2,2,3,3,3,3,3,3
84048427,US,USA,840,48427.0,Starr,Texas,US,26.56150059,-98.73892358,"Starr, Texas, US",0,0,0,0,0,0,0,0,0,0,0,0,0,0,0,0,0,0,0,0,0,0,0,0,0,0,0,0,0,0,0,0,0,0,0,0,0,0,0,0,0,0,0,0,0,0,0,0,0,0,0,0,0,0,0,0,0,0,0,0,0,0,0,0,1,2,2,2,2,2,4,5,5,5,6,7,7,7,7,7,7,7,7,7,7,7,7,7,7,7,7,7,7,7,7,7,7,8,9,9,9,9,9,9,10,10,10,14,14,14,14,14,14,14,16,17,17,17,23,23,23,23,23,24,24,24,26,27,27,33,33,34,37,37,42,44,50,59,59,59,68,72,88,115,115,127,153,166,220,227,267,267
84048429,US,USA,840,48429.0,Stephens,Texas,US,32.73553157,-98.83631615,"Stephens, Texas, US",0,0,0,0,0,0,0,0,0,0,0,0,0,0,0,0,0,0,0,0,0,0,0,0,0,0,0,0,0,0,0,0,0,0,0,0,0,0,0,0,0,0,0,0,0,0,0,0,0,0,0,0,0,0,0,0,0,0,0,0,0,0,0,0,0,0,0,0,0,0,0,0,0,0,0,0,0,0,0,1,1,1,1,1,1,1,1,1,1,1,1,1,1,1,1,1,1,1,1,1,1,1,1,1,1,1,1,1,1,1,1,1,2,2,2,2,2,2,2,2,2,2,2,2,2,4,4,4,4,4,4,4,4,4,4,4,4,4,4,4,4,4,4,5,5,5,5,5,5,5,5,5
84048431,US,USA,840,48431.0,Sterling,Texas,US,31.82781912,-101.05007459999999,"Sterling, Texas, US",0,0,0,0,0,0,0,0,0,0,0,0,0,0,0,0,0,0,0,0,0,0,0,0,0,0,0,0,0,0,0,0,0,0,0,0,0,0,0,0,0,0,0,0,0,0,0,0,0,0,0,0,0,0,0,0,0,0,0,0,0,0,0,0,0,0,0,0,0,0,0,0,0,0,0,0,0,0,0,0,0,0,0,0,0,0,0,0,0,0,0,0,0,0,0,0,0,0,0,0,0,0,0,0,0,0,0,0,0,0,0,0,0,0,0,0,0,0,0,0,0,0,0,0,0,0,0,0,0,0,0,0,0,0,0,0,0,0,0,0,0,0,0,0,0,0,0,0,0,0,0,0
84048433,US,USA,840,48433.0,Stonewall,Texas,US,33.17906744,-100.25384009999999,"Stonewall, Texas, US",0,0,0,0,0,0,0,0,0,0,0,0,0,0,0,0,0,0,0,0,0,0,0,0,0,0,0,0,0,0,0,0,0,0,0,0,0,0,0,0,0,0,0,0,0,0,0,0,0,0,0,0,0,0,0,0,0,0,0,0,0,0,0,0,0,0,0,0,0,0,0,0,0,0,0,0,0,0,0,0,0,0,0,0,0,0,0,0,0,0,0,0,0,0,0,0,0,0,0,0,0,0,0,0,0,0,0,0,0,0,0,0,0,0,0,0,0,0,0,0,0,0,0,0,0,0,0,0,0,0,0,0,0,0,0,0,0,0,0,0,0,0,0,0,0,0,0,0,0,0,0,0
84048435,US,USA,840,48435.0,Sutton,Texas,US,30.49856623,-100.5382014,"Sutton, Texas, US",0,0,0,0,0,0,0,0,0,0,0,0,0,0,0,0,0,0,0,0,0,0,0,0,0,0,0,0,0,0,0,0,0,0,0,0,0,0,0,0,0,0,0,0,0,0,0,0,0,0,0,0,0,0,0,0,0,0,0,0,0,0,0,0,0,0,0,0,0,0,0,0,0,0,0,0,0,0,0,0,0,0,0,0,0,0,0,0,0,0,0,0,0,0,0,0,0,0,0,0,0,0,0,0,0,0,0,0,0,0,0,0,0,0,0,0,0,0,0,0,0,0,0,0,0,0,0,0,0,0,0,0,0,0,0,0,0,0,0,0,0,0,0,0,0,0,0,0,0,1,1,1
84048437,US,USA,840,48437.0,Swisher,Texas,US,34.53028891,-101.73491740000001,"Swisher, Texas, US",0,0,0,0,0,0,0,0,0,0,0,0,0,0,0,0,0,0,0,0,0,0,0,0,0,0,0,0,0,0,0,0,0,0,0,0,0,0,0,0,0,0,0,0,0,0,0,0,0,0,0,0,0,0,0,0,0,0,0,0,0,0,0,0,1,1,1,1,1,1,1,1,1,1,1,1,2,2,2,3,3,4,4,4,4,4,4,4,4,5,5,6,6,7,7,9,9,9,9,9,9,9,9,9,10,11,11,11,11,12,12,13,13,13,14,14,14,15,15,15,15,15,15,17,17,17,17,18,18,17,17,17,17,17,18,18,18,18,18,18,18,19,21,21,21,21,21,23,23,23,23,23
84048439,US,USA,840,48439.0,Tarrant,Texas,US,32.77143818,-97.29101614,"Tarrant, Texas, US",0,0,0,0,0,0,0,0,0,0,0,0,0,0,0,0,0,0,0,0,0,0,0,0,0,0,0,0,0,0,0,0,0,0,0,0,0,0,0,0,0,0,0,0,0,0,0,0,0,1,1,3,3,4,5,6,8,19,29,42,47,57,71,90,100,114,128,139,238,273,288,325,383,404,418,452,517,588,637,705,705,787,876,929,990,1093,1175,1229,1229,1242,1333,1333,1559,1706,1836,1947,1947,2019,2088,2246,2246,2388,2503,2584,2624,2686,2956,2956,3127,3210,3695,3745,3810,4076,4211,4266,4350,4447,4559,4643,4711,4711,4899,4951,4977,4977,5039,5190,5190,5379,5463,5513,5534,5623,5761,5985,5985,6073,6150,6369,6599,6824,7120,7120,7253,7334,7642,7822,8099,8331,8331,8955
84048441,US,USA,840,48441.0,Taylor,Texas,US,32.30163422,-99.89007449,"Taylor, Texas, US",0,0,0,0,0,0,0,0,0,0,0,0,0,0,0,0,0,0,0,0,0,0,0,0,0,0,0,0,0,0,0,0,0,0,0,0,0,0,0,0,0,0,0,0,0,0,0,0,0,0,0,0,0,0,0,0,0,0,0,0,0,0,0,0,1,2,3,9,11,14,14,18,23,27,31,31,38,38,51,55,55,59,68,68,74,79,89,126,142,144,144,164,191,203,203,216,222,255,277,291,319,327,348,349,356,378,206,207,208,208,208,210,213,214,215,217,217,217,222,225,225,228,228,228,230,230,230,231,231,234,235,236,241,241,242,245,246,246,246,247,248,249,252,252,255,255,255,259,261,268,278,282
84048443,US,USA,840,48443.0,Terrell,Texas,US,30.22429013,-102.0766732,"Terrell, Texas, US",0,0,0,0,0,0,0,0,0,0,0,0,0,0,0,0,0,0,0,0,0,0,0,0,0,0,0,0,0,0,0,0,0,0,0,0,0,0,0,0,0,0,0,0,0,0,0,0,0,0,0,0,0,0,0,0,0,0,0,0,0,0,0,0,0,0,0,0,0,0,0,0,0,0,0,0,0,0,0,0,0,0,0,0,0,0,0,0,0,0,0,0,0,0,0,0,0,0,0,0,0,0,0,0,0,0,0,0,0,0,0,0,0,0,0,0,0,0,0,0,0,0,0,0,0,0,0,0,0,0,0,0,0,0,0,0,0,0,0,0,0,0,0,0,0,0,0,0,0,0,0,0
84048445,US,USA,840,48445.0,Terry,Texas,US,33.17402785,-102.3354521,"Terry, Texas, US",0,0,0,0,0,0,0,0,0,0,0,0,0,0,0,0,0,0,0,0,0,0,0,0,0,0,0,0,0,0,0,0,0,0,0,0,0,0,0,0,0,0,0,0,0,0,0,0,0,0,0,0,0,0,0,0,0,0,0,0,0,0,1,3,3,4,4,4,4,4,4,4,4,4,4,4,6,6,6,7,7,7,10,10,10,10,10,10,10,10,10,10,10,10,10,10,10,10,10,11,11,11,11,11,12,12,12,12,12,12,12,12,12,12,12,12,12,12,13,13,13,13,13,13,13,13,13,13,13,13,13,13,13,13,13,13,13,13,13,13,13,13,13,13,13,13,13,13,14,14,14,14
84048447,US,USA,840,48447.0,Throckmorton,Texas,US,33.17751417,-99.21226795,"Throckmorton, Texas, US",0,0,0,0,0,0,0,0,0,0,0,0,0,0,0,0,0,0,0,0,0,0,0,0,0,0,0,0,0,0,0,0,0,0,0,0,0,0,0,0,0,0,0,0,0,0,0,0,0,0,0,0,0,0,0,0,0,0,0,0,0,0,0,0,0,0,0,0,0,0,0,0,0,0,0,0,0,0,0,0,0,0,0,0,0,0,0,0,0,0,0,0,0,0,0,0,0,0,0,0,0,0,0,0,0,0,0,0,0,0,0,0,0,0,0,0,0,0,0,0,0,0,0,0,0,0,0,0,0,0,0,0,0,0,0,1,1,1,1,1,1,1,1,1,1,1,1,1,1,1,1,1
84048449,US,USA,840,48449.0,Titus,Texas,US,33.21339719,-94.96797273,"Titus, Texas, US",0,0,0,0,0,0,0,0,0,0,0,0,0,0,0,0,0,0,0,0,0,0,0,0,0,0,0,0,0,0,0,0,0,0,0,0,0,0,0,0,0,0,0,0,0,0,0,0,0,0,0,0,0,0,0,0,0,0,0,0,0,0,0,0,0,0,0,0,0,0,0,0,1,1,1,1,2,2,4,6,6,6,6,7,8,8,8,8,9,9,11,12,12,15,15,15,15,15,15,16,17,17,20,20,21,23,27,29,29,35,35,37,59,74,83,96,96,102,129,142,189,248,248,248,299,321,347,443,443,464,451,458,467,511,511,583,583,583,629,635,637,645,655,655,655,714,717,719,719,729,729,729
84048451,US,USA,840,48451.0,Tom Green,Texas,US,31.40464436,-100.46244300000001,"Tom Green, Texas, US",0,0,0,0,0,0,0,0,0,0,0,0,0,0,0,0,0,0,0,0,0,0,0,0,0,0,0,0,0,0,0,0,0,0,0,0,0,0,0,0,0,0,0,0,0,0,0,0,0,0,0,0,0,0,0,0,0,0,0,0,0,0,1,3,2,2,3,5,6,9,9,10,17,20,21,24,24,25,32,33,35,35,39,39,40,40,41,41,41,41,41,41,41,42,42,43,44,44,44,49,53,53,78,79,79,83,84,84,84,84,84,84,84,85,86,86,86,87,87,88,89,90,90,90,90,90,93,93,93,99,100,106,106,107,109,109,111,111,111,119,122,122,137,146,146,164,164,164,214,223,232,239
84048453,US,USA,840,48453.0,Travis,Texas,US,30.33432034,-97.78535620000001,"Travis, Texas, US",0,0,0,0,0,0,0,0,0,0,0,0,0,0,0,0,0,0,0,0,0,0,0,0,0,0,0,0,0,0,0,0,0,0,0,0,0,0,0,0,0,0,0,0,0,0,0,0,0,0,0,2,3,3,6,10,23,41,58,62,62,79,86,98,119,160,179,200,206,244,244,351,351,430,484,502,502,554,597,642,690,744,774,856,900,977,1074,1074,1092,1108,1174,1233,1312,1379,1379,1396,1412,1464,1539,1654,1683,1714,1756,1816,1876,1946,2002,2071,2095,2127,2171,2235,2288,2345,2381,2425,2425,2459,2537,2595,2644,2644,2761,2788,2847,2933,2984,3057,3057,3186,3232,3272,3360,3433,3501,3562,3616,3662,3697,3815,3976,4109,4314,4314,4461,4545,4664,4771,4991,4991,5286,5704
84048455,US,USA,840,48455.0,Trinity,Texas,US,31.0879489,-95.1367187,"Trinity, Texas, US",0,0,0,0,0,0,0,0,0,0,0,0,0,0,0,0,0,0,0,0,0,0,0,0,0,0,0,0,0,0,0,0,0,0,0,0,0,0,0,0,0,0,0,0,0,0,0,0,0,0,0,0,0,0,0,0,0,0,0,0,0,0,0,0,0,0,0,0,0,0,0,0,1,2,2,2,2,2,3,3,3,3,3,4,4,7,7,7,7,7,8,8,8,8,8,8,8,8,8,8,8,8,8,8,9,10,10,11,11,11,11,11,11,11,11,11,11,11,11,11,11,11,11,13,13,13,13,13,13,14,15,15,15,15,20,20,20,20,20,22,22,22,22,22,22,22,17,20,21,21,22,23
84048457,US,USA,840,48457.0,Tyler,Texas,US,30.77031716,-94.37690895,"Tyler, Texas, US",0,0,0,0,0,0,0,0,0,0,0,0,0,0,0,0,0,0,0,0,0,0,0,0,0,0,0,0,0,0,0,0,0,0,0,0,0,0,0,0,0,0,0,0,0,0,0,0,0,0,0,0,0,0,0,0,0,0,0,0,0,0,0,0,0,0,0,0,0,1,1,0,2,2,2,2,2,2,4,4,4,4,4,4,4,5,6,6,6,6,6,6,6,6,6,6,6,6,6,6,6,6,6,6,7,7,7,7,7,7,7,7,7,7,7,9,9,9,10,10,10,10,10,11,11,11,11,11,11,12,12,12,12,12,14,14,15,16,16,16,16,16,16,16,16,16,14,14,14,14,18,18
84048459,US,USA,840,48459.0,Upshur,Texas,US,32.73706798,-94.93999853,"Upshur, Texas, US",0,0,0,0,0,0,0,0,0,0,0,0,0,0,0,0,0,0,0,0,0,0,0,0,0,0,0,0,0,0,0,0,0,0,0,0,0,0,0,0,0,0,0,0,0,0,0,0,0,0,0,0,0,0,0,0,0,0,0,1,1,0,0,0,0,0,0,0,2,2,2,3,3,3,3,3,5,6,6,6,6,8,8,9,9,9,9,9,9,9,10,12,12,13,13,13,13,13,13,14,15,15,15,15,15,16,16,17,17,17,17,17,17,17,18,18,18,18,18,18,18,18,18,18,18,19,19,20,20,26,26,26,27,28,28,30,31,31,31,35,35,35,37,37,37,38,41,42,41,41,41,43
84048461,US,USA,840,48461.0,Upton,Texas,US,31.36868194,-102.0423217,"Upton, Texas, US",0,0,0,0,0,0,0,0,0,0,0,0,0,0,0,0,0,0,0,0,0,0,0,0,0,0,0,0,0,0,0,0,0,0,0,0,0,0,0,0,0,0,0,0,0,0,0,0,0,0,0,0,0,0,0,0,0,0,0,0,0,0,0,0,0,0,0,0,0,0,0,0,0,0,0,0,0,0,0,0,0,0,0,0,0,0,0,0,0,0,0,0,0,0,0,0,0,0,0,0,0,0,0,0,0,0,0,0,0,0,0,0,0,0,0,0,0,0,0,0,0,0,0,0,0,0,0,0,0,0,0,0,0,0,0,0,0,0,0,0,0,0,0,0,0,1,1,1,1,1,1,1
84048463,US,USA,840,48463.0,Uvalde,Texas,US,29.35739637,-99.76229172,"Uvalde, Texas, US",0,0,0,0,0,0,0,0,0,0,0,0,0,0,0,0,0,0,0,0,0,0,0,0,0,0,0,0,0,0,0,0,0,0,0,0,0,0,0,0,0,0,0,0,0,0,0,0,0,0,0,0,0,0,0,0,0,0,0,0,0,0,0,0,0,1,1,1,2,2,4,4,4,4,4,5,5,5,6,7,6,6,6,6,6,6,6,6,6,6,6,6,6,6,6,6,6,6,6,6,6,6,6,6,6,6,6,7,7,6,6,6,6,6,6,6,6,6,6,6,6,6,6,6,6,6,6,6,6,11,12,12,14,16,18,18,18,18,18,20,21,22,24,24,25,26,26,29,30,31,36,37
84048465,US,USA,840,48465.0,Val Verde,Texas,US,29.89149232,-101.1525205,"Val Verde, Texas, US",0,0,0,0,0,0,0,0,0,0,0,0,0,0,0,0,0,0,0,0,0,0,0,0,0,0,0,0,0,0,0,0,0,0,0,0,0,0,0,0,0,0,0,0,0,0,0,0,0,0,0,0,0,0,0,0,0,0,0,0,0,0,0,1,1,3,5,5,5,5,5,5,5,5,5,5,6,7,7,8,10,11,12,12,12,12,12,12,12,12,12,12,12,12,12,12,13,13,13,13,13,13,13,13,13,13,13,13,13,13,13,13,13,13,13,13,13,13,13,13,13,14,14,14,14,17,18,20,20,20,20,20,21,21,21,21,21,25,25,25,27,32,32,33,33,36,36,36,43,53,59,59
84048467,US,USA,840,48467.0,Van Zandt,Texas,US,32.56483801,-95.83766469,"Van Zandt, Texas, US",0,0,0,0,0,0,0,0,0,0,0,0,0,0,0,0,0,0,0,0,0,0,0,0,0,0,0,0,0,0,0,0,0,0,0,0,0,0,0,0,0,0,0,0,0,0,0,0,0,0,0,0,0,0,0,0,0,1,1,1,1,1,1,1,1,1,1,1,2,2,2,3,3,4,4,5,7,7,7,10,10,10,10,10,10,11,11,12,12,12,13,13,13,13,13,13,13,14,14,14,15,16,16,16,16,18,18,18,18,18,18,18,22,22,22,22,22,22,23,24,25,25,25,26,26,26,30,30,30,31,31,31,34,35,35,37,39,39,39,40,41,44,44,46,46,46,52,53,52,54,54,54
84048469,US,USA,840,48469.0,Victoria,Texas,US,28.79780988,-96.96813006,"Victoria, Texas, US",0,0,0,0,0,0,0,0,0,0,0,0,0,0,0,0,0,0,0,0,0,0,0,0,0,0,0,0,0,0,0,0,0,0,0,0,0,0,0,0,0,0,0,0,0,0,0,0,0,0,0,0,0,0,0,0,0,0,0,0,0,0,3,3,3,3,3,3,6,15,16,20,27,32,32,35,50,59,66,73,76,77,81,87,89,89,89,89,93,93,95,96,105,105,114,117,121,127,127,132,137,139,139,139,143,146,146,146,148,150,150,150,150,154,154,154,154,156,157,157,157,157,157,157,157,157,157,159,159,160,160,160,160,162,167,170,170,170,170,174,180,184,184,197,199,199,202,207,223,241,241,241
84048471,US,USA,840,48471.0,Walker,Texas,US,30.73872995,-95.57440968,"Walker, Texas, US",0,0,0,0,0,0,0,0,0,0,0,0,0,0,0,0,0,0,0,0,0,0,0,0,0,0,0,0,0,0,0,0,0,0,0,0,0,0,0,0,0,0,0,0,0,0,0,0,0,0,0,0,0,0,0,0,0,0,0,0,1,1,1,1,3,2,3,3,3,3,5,7,5,8,10,10,15,15,15,15,17,17,21,38,38,58,67,68,77,73,114,114,136,151,164,164,192,200,212,245,269,269,298,298,298,303,315,332,337,340,342,342,393,374,374,405,421,423,442,552,552,436,436,474,475,475,716,869,869,945,1455,1456,1574,1730,1801,1843,1850,1851,1851,1868,1854,1866,1868,1870,1871,1878,1873,1879,1885,1890,1905,1912
84048473,US,USA,840,48473.0,Waller,Texas,US,30.01058447,-95.99011759,"Waller, Texas, US",0,0,0,0,0,0,0,0,0,0,0,0,0,0,0,0,0,0,0,0,0,0,0,0,0,0,0,0,0,0,0,0,0,0,0,0,0,0,0,0,0,0,0,0,0,0,0,0,0,0,0,0,0,0,0,0,0,0,0,0,0,1,1,1,0,0,0,0,3,3,3,5,7,8,8,9,11,11,12,13,14,15,16,18,20,22,23,23,24,24,24,27,27,27,28,29,29,31,31,32,33,33,33,33,33,36,37,37,38,38,39,39,39,37,38,39,40,40,43,45,45,45,45,49,53,53,56,55,55,57,57,62,63,63,64,65,68,72,72,77,85,86,90,85,88,90,92,99,100,104,106,110
84048475,US,USA,840,48475.0,Ward,Texas,US,31.50999644,-103.09279090000001,"Ward, Texas, US",0,0,0,0,0,0,0,0,0,0,0,0,0,0,0,0,0,0,0,0,0,0,0,0,0,0,0,0,0,0,0,0,0,0,0,0,0,0,0,0,0,0,0,0,0,0,0,0,0,0,0,0,0,0,0,0,0,0,0,0,0,0,0,0,0,0,0,0,0,0,0,0,0,0,0,0,0,0,0,0,0,0,0,0,0,0,0,0,0,0,0,0,0,0,0,0,0,0,0,0,0,0,0,0,0,0,0,0,0,0,0,0,0,0,0,0,0,0,0,0,0,0,0,1,1,1,1,1,1,1,1,1,1,1,1,1,1,1,1,2,2,2,4,4,4,4,7,7,7,7,8,8
84048477,US,USA,840,48477.0,Washington,Texas,US,30.21498498,-96.40946246,"Washington, Texas, US",0,0,0,0,0,0,0,0,0,0,0,0,0,0,0,0,0,0,0,0,0,0,0,0,0,0,0,0,0,0,0,0,0,0,0,0,0,0,0,0,0,0,0,0,0,0,0,0,0,0,0,0,0,0,0,0,0,0,0,0,0,0,0,0,0,3,6,6,8,9,17,17,17,17,17,19,21,24,28,34,36,37,37,37,44,46,49,50,52,61,68,71,78,78,103,113,113,136,140,142,144,145,145,145,147,150,153,156,164,164,164,170,175,175,179,181,181,181,184,186,187,187,187,193,193,193,196,197,197,202,202,202,205,204,206,206,206,207,207,208,213,214,216,218,218,218,218,219,222,222,224,229
84048479,US,USA,840,48479.0,Webb,Texas,US,27.7610369,-99.33237355,"Webb, Texas, US",0,0,0,0,0,0,0,0,0,0,0,0,0,0,0,0,0,0,0,0,0,0,0,0,0,0,0,0,0,0,0,0,0,0,0,0,0,0,0,0,0,0,0,0,0,0,0,0,0,0,0,0,0,0,0,1,1,1,1,1,4,4,4,9,11,19,25,30,35,45,45,63,65,83,98,122,122,135,155,166,171,191,196,206,223,239,245,253,267,280,281,295,321,321,338,340,345,346,349,358,363,368,385,391,396,400,410,414,424,434,435,444,444,445,451,469,477,477,479,492,498,498,502,511,516,516,521,524,524,540,546,548,551,552,565,574,594,594,594,608,634,652,661,675,675,675,718,756,803,854,874,874
84048481,US,USA,840,48481.0,Wharton,Texas,US,29.27765923,-96.22319248,"Wharton, Texas, US",0,0,0,0,0,0,0,0,0,0,0,0,0,0,0,0,0,0,0,0,0,0,0,0,0,0,0,0,0,0,0,0,0,0,0,0,0,0,0,0,0,0,0,0,0,0,0,0,0,0,0,0,0,0,0,0,0,0,0,1,1,1,1,3,3,3,3,3,6,6,7,9,9,9,9,13,17,18,18,24,24,26,27,28,28,32,32,34,34,34,36,36,36,36,36,37,37,36,36,37,37,37,37,39,40,40,40,41,41,41,41,42,42,42,42,42,42,43,44,46,45,45,45,45,50,55,56,57,57,57,58,58,64,68,70,73,75,76,76,84,86,87,89,92,94,94,98,98,99,114,115,118
84048483,US,USA,840,48483.0,Wheeler,Texas,US,35.40114335,-100.26995140000001,"Wheeler, Texas, US",0,0,0,0,0,0,0,0,0,0,0,0,0,0,0,0,0,0,0,0,0,0,0,0,0,0,0,0,0,0,0,0,0,0,0,0,0,0,0,0,0,0,0,0,0,0,0,0,0,0,0,0,0,0,0,0,0,0,0,0,0,0,0,0,0,0,0,0,0,0,0,0,0,0,0,0,0,0,0,0,0,0,0,0,0,0,0,0,0,0,0,1,1,3,3,5,5,5,7,7,7,8,9,9,11,12,12,13,13,14,14,14,14,14,14,14,14,14,14,15,15,15,15,15,15,15,15,15,15,15,15,15,15,15,15,15,15,15,15,15,15,15,15,15,15,15,15,16,16,16,16,16
84048485,US,USA,840,48485.0,Wichita,Texas,US,33.98842886,-98.70410340000001,"Wichita, Texas, US",0,0,0,0,0,0,0,0,0,0,0,0,0,0,0,0,0,0,0,0,0,0,0,0,0,0,0,0,0,0,0,0,0,0,0,0,0,0,0,0,0,0,0,0,0,0,0,0,0,0,0,0,0,0,0,0,1,1,4,4,4,5,5,8,10,15,23,23,28,30,38,43,44,46,46,47,48,48,50,53,54,56,56,56,56,57,57,58,59,60,60,62,62,62,62,62,62,63,64,65,65,65,65,65,68,70,70,71,74,75,75,75,76,77,78,78,78,78,80,82,82,82,82,82,82,82,84,84,84,84,84,84,85,85,85,87,87,87,87,90,90,92,93,99,99,99,117,120,137,150,169,169
84048487,US,USA,840,48487.0,Wilbarger,Texas,US,34.07945812,-99.24178437,"Wilbarger, Texas, US",0,0,0,0,0,0,0,0,0,0,0,0,0,0,0,0,0,0,0,0,0,0,0,0,0,0,0,0,0,0,0,0,0,0,0,0,0,0,0,0,0,0,0,0,0,0,0,0,0,0,0,0,0,0,0,0,0,0,0,0,0,0,0,0,0,0,0,0,0,0,0,0,0,0,0,0,0,0,0,0,0,0,0,1,1,1,1,1,1,1,1,1,1,1,1,1,1,1,1,1,1,1,1,1,1,2,2,2,2,2,2,2,2,2,5,5,5,5,6,6,6,6,6,6,6,6,6,6,6,7,7,7,7,7,7,7,7,7,7,7,7,7,7,7,7,7,7,7,7,7,7,7
84048489,US,USA,840,48489.0,Willacy,Texas,US,26.47411727,-97.61535848,"Willacy, Texas, US",0,0,0,0,0,0,0,0,0,0,0,0,0,0,0,0,0,0,0,0,0,0,0,0,0,0,0,0,0,0,0,0,0,0,0,0,0,0,0,0,0,0,0,0,0,0,0,0,0,0,0,0,0,0,0,0,0,0,0,0,0,0,0,0,0,1,1,1,2,2,2,3,3,5,5,5,5,7,5,5,5,5,5,5,5,7,7,8,8,8,9,10,10,10,13,13,13,13,13,13,13,13,13,13,13,13,14,14,14,14,14,14,14,14,14,14,14,14,14,15,15,15,15,14,14,14,15,14,14,16,16,18,21,21,21,26,35,37,37,42,45,48,52,54,56,59,61,65,71,75,82,87
84048491,US,USA,840,48491.0,Williamson,Texas,US,30.64655664,-97.60048540000001,"Williamson, Texas, US",0,0,0,0,0,0,0,0,0,0,0,0,0,0,0,0,0,0,0,0,0,0,0,0,0,0,0,0,0,0,0,0,0,0,0,0,0,0,0,0,0,0,0,0,0,0,0,0,0,0,0,0,0,0,0,0,4,8,8,9,9,14,14,22,27,34,34,37,37,42,50,63,71,71,77,77,81,87,97,103,110,113,117,119,124,128,140,146,151,155,156,158,167,182,206,211,262,287,287,301,306,313,323,328,333,341,352,361,368,377,380,397,424,442,451,463,481,486,501,513,520,528,541,553,565,584,588,596,605,612,621,630,636,649,660,672,684,691,698,745,763,787,820,862,904,960,1021,1068,1114,1159,1237,1337
84048493,US,USA,840,48493.0,Wilson,Texas,US,29.1732598,-98.08693082,"Wilson, Texas, US",0,0,0,0,0,0,0,0,0,0,0,0,0,0,0,0,0,0,0,0,0,0,0,0,0,0,0,0,0,0,0,0,0,0,0,0,0,0,0,0,0,0,0,0,0,0,0,0,0,0,0,0,0,0,0,0,0,0,0,0,0,0,0,1,1,1,2,2,2,3,3,5,6,6,6,6,7,8,9,10,10,11,11,11,11,13,19,19,21,21,22,23,25,25,26,29,29,29,31,32,32,33,33,33,34,34,34,34,34,35,36,36,36,36,36,36,36,36,37,37,38,38,38,38,38,38,38,38,38,38,38,38,40,41,41,44,44,45,45,45,46,46,50,52,52,52,53,53,55,65,69,72
84048495,US,USA,840,48495.0,Winkler,Texas,US,31.85008651,-103.04851629999999,"Winkler, Texas, US",0,0,0,0,0,0,0,0,0,0,0,0,0,0,0,0,0,0,0,0,0,0,0,0,0,0,0,0,0,0,0,0,0,0,0,0,0,0,0,0,0,0,0,0,0,0,0,0,0,0,0,0,0,0,0,0,0,0,0,0,0,0,0,0,0,0,0,0,0,0,0,0,0,0,0,0,0,0,0,1,1,1,1,1,1,2,3,3,3,3,3,3,3,3,3,3,3,3,3,3,3,3,3,3,3,3,3,3,3,3,3,3,3,3,3,3,3,3,3,3,3,3,3,3,3,3,3,3,3,3,3,3,3,3,3,3,3,3,3,3,3,3,4,4,4,4,4,4,5,6,6,6
84048497,US,USA,840,48497.0,Wise,Texas,US,33.21570665,-97.65460265,"Wise, Texas, US",0,0,0,0,0,0,0,0,0,0,0,0,0,0,0,0,0,0,0,0,0,0,0,0,0,0,0,0,0,0,0,0,0,0,0,0,0,0,0,0,0,0,0,0,0,0,0,0,0,0,0,0,0,0,0,0,0,0,0,0,0,0,0,0,0,0,0,0,1,1,1,3,3,3,3,3,3,3,3,4,5,5,5,5,5,7,8,9,9,9,12,13,14,14,15,15,15,15,17,17,17,24,24,26,27,28,28,28,30,30,30,31,35,36,36,36,36,36,38,38,42,42,42,42,42,45,45,45,45,46,46,46,47,47,50,52,52,52,52,53,55,55,55,56,56,56,56,58,62,62,62,62
84048499,US,USA,840,48499.0,Wood,Texas,US,32.78722382,-95.38236368,"Wood, Texas, US",0,0,0,0,0,0,0,0,0,0,0,0,0,0,0,0,0,0,0,0,0,0,0,0,0,0,0,0,0,0,0,0,0,0,0,0,0,0,0,0,0,0,0,0,0,0,0,0,0,0,0,0,0,0,0,0,0,0,0,0,0,0,0,0,0,0,0,0,0,1,1,1,1,1,2,3,4,4,4,5,5,5,5,6,6,6,6,6,6,6,6,6,7,7,7,7,7,7,7,8,9,10,10,10,11,11,11,13,13,14,14,15,15,15,17,18,18,18,22,22,22,22,22,23,23,23,25,26,26,29,29,29,33,38,40,40,49,49,49,51,51,51,51,53,53,53,56,62,66,70,71,71
84048501,US,USA,840,48501.0,Yoakum,Texas,US,33.17320212,-102.82764329999999,"Yoakum, Texas, US",0,0,0,0,0,0,0,0,0,0,0,0,0,0,0,0,0,0,0,0,0,0,0,0,0,0,0,0,0,0,0,0,0,0,0,0,0,0,0,0,0,0,0,0,0,0,0,0,0,0,0,0,0,0,0,0,0,0,0,0,0,0,0,0,0,1,0,0,0,0,0,0,0,0,0,0,0,0,0,0,0,0,0,0,0,0,0,0,1,1,1,1,1,1,1,1,1,1,1,1,1,1,1,1,2,2,2,2,2,2,2,2,2,2,2,2,2,2,2,3,3,3,3,3,3,3,3,3,3,3,3,3,3,3,3,3,3,3,3,5,8,8,8,9,9,9,10,10,11,11,13,13
84048503,US,USA,840,48503.0,Young,Texas,US,33.17659707,-98.68790885,"Young, Texas, US",0,0,0,0,0,0,0,0,0,0,0,0,0,0,0,0,0,0,0,0,0,0,0,0,0,0,0,0,0,0,0,0,0,0,0,0,0,0,0,0,0,0,0,0,0,0,0,0,0,0,0,0,0,0,0,0,0,0,0,0,0,0,0,1,1,1,1,1,1,1,3,3,3,3,3,3,3,3,3,3,3,3,3,3,3,4,4,4,4,4,4,4,4,4,4,4,4,4,4,4,4,4,4,4,4,4,4,4,4,4,4,4,4,4,4,4,4,4,4,4,4,4,4,4,4,4,4,4,4,4,4,4,4,4,4,6,6,6,6,6,11,13,14,15,15,15,15,15,15,16,16,16
84048505,US,USA,840,48505.0,Zapata,Texas,US,27.00156391,-99.16987152,"Zapata, Texas, US",0,0,0,0,0,0,0,0,0,0,0,0,0,0,0,0,0,0,0,0,0,0,0,0,0,0,0,0,0,0,0,0,0,0,0,0,0,0,0,0,0,0,0,0,0,0,0,0,0,0,0,0,0,0,0,0,0,0,0,0,0,0,0,0,0,0,0,0,0,0,0,0,0,0,0,1,1,1,3,3,3,3,3,3,3,4,6,6,6,6,6,7,7,7,7,7,7,7,7,7,7,7,7,7,7,7,7,7,7,7,7,7,7,7,7,7,7,7,7,8,8,8,8,8,8,8,8,8,8,9,9,9,10,11,11,11,11,12,12,12,12,12,14,14,15,15,23,24,31,31,32,33
84048507,US,USA,840,48507.0,Zavala,Texas,US,28.86617238,-99.76050829,"Zavala, Texas, US",0,0,0,0,0,0,0,0,0,0,0,0,0,0,0,0,0,0,0,0,0,0,0,0,0,0,0,0,0,0,0,0,0,0,0,0,0,0,0,0,0,0,0,0,0,0,0,0,0,0,0,0,0,0,0,0,0,0,0,0,0,0,0,0,0,0,0,0,0,0,0,0,0,0,0,0,0,0,0,0,0,0,0,0,0,0,1,1,1,1,1,1,1,1,1,1,1,1,1,1,1,1,1,1,1,1,1,1,2,2,2,7,9,9,9,9,9,9,9,10,11,11,11,11,11,11,11,11,11,11,11,11,12,12,12,12,12,12,12,12,12,12,12,13,13,13,13,13,13,13,13,13
84049001,US,USA,840,49001.0,Beaver,Utah,US,38.35657051,-113.2342232,"Beaver, Utah, US",0,0,0,0,0,0,0,0,0,0,0,0,0,0,0,0,0,0,0,0,0,0,0,0,0,0,0,0,0,0,0,0,0,0,0,0,0,0,0,0,0,0,0,0,0,0,0,0,0,0,0,0,0,0,0,0,0,0,0,0,0,0,0,0,0,0,0,1,0,0,0,0,0,0,0,0,0,0,0,0,0,0,0,0,0,0,0,0,0,0,0,0,0,0,0,0,0,0,0,0,0,0,0,0,0,0,0,0,0,0,0,0,0,0,0,0,0,0,0,0,0,0,0,0,0,0,0,0,0,0,0,0,0,0,0,0,0,0,0,0,0,0,0,0,0,0,0,0,0,0,0,0
84049003,US,USA,840,49003.0,Box Elder,Utah,US,41.52106798,-113.08328159999999,"Box Elder, Utah, US",0,0,0,0,0,0,0,0,0,0,0,0,0,0,0,0,0,0,0,0,0,0,0,0,0,0,0,0,0,0,0,0,0,0,0,0,0,0,0,0,0,0,0,0,0,0,0,0,0,0,0,0,0,0,0,0,0,0,0,0,0,0,0,0,0,0,0,0,0,0,0,0,0,0,0,0,0,0,0,0,0,0,0,0,0,0,0,0,0,0,0,0,0,0,0,0,0,0,0,0,0,0,0,0,0,0,0,0,0,0,0,0,0,0,0,0,0,0,0,0,0,0,0,0,0,0,0,0,0,0,0,0,0,0,0,0,0,0,0,0,0,0,0,0,0,0,0,0,0,0,0,0
84049005,US,USA,840,49005.0,Cache,Utah,US,41.72330587,-111.74436670000001,"Cache, Utah, US",0,0,0,0,0,0,0,0,0,0,0,0,0,0,0,0,0,0,0,0,0,0,0,0,0,0,0,0,0,0,0,0,0,0,0,0,0,0,0,0,0,0,0,0,0,0,0,0,0,0,0,0,0,0,0,0,0,2,2,2,2,3,3,0,0,0,5,5,0,7,7,7,15,16,19,22,24,28,29,30,34,33,36,36,37,37,0,0,0,0,0,0,0,0,0,0,0,0,0,0,0,0,0,0,0,0,0,0,0,0,0,0,0,0,0,0,0,0,0,0,0,0,0,0,0,0,0,0,0,0,0,0,0,0,0,0,0,0,0,0,0,0,0,0,0,0,0,0,0,0,0,0
84049007,US,USA,840,49007.0,Carbon,Utah,US,39.64834818,-110.58725120000001,"Carbon, Utah, US",0,0,0,0,0,0,0,0,0,0,0,0,0,0,0,0,0,0,0,0,0,0,0,0,0,0,0,0,0,0,0,0,0,0,0,0,0,0,0,0,0,0,0,0,0,0,0,0,0,0,0,0,0,0,0,0,0,0,0,0,0,0,0,0,0,0,0,0,0,0,0,0,1,1,1,1,1,2,2,2,2,2,2,2,2,2,0,0,0,0,0,0,0,0,0,0,0,0,0,0,0,0,0,0,0,0,0,0,0,0,0,0,0,0,0,0,0,0,0,0,0,0,0,0,0,0,0,0,0,0,0,0,0,0,0,0,0,0,0,0,0,0,0,0,0,0,0,0,0,0,0,0
84049009,US,USA,840,49009.0,Daggett,Utah,US,40.88798265,-109.51210929999999,"Daggett, Utah, US",0,0,0,0,0,0,0,0,0,0,0,0,0,0,0,0,0,0,0,0,0,0,0,0,0,0,0,0,0,0,0,0,0,0,0,0,0,0,0,0,0,0,0,0,0,0,0,0,0,0,0,0,0,0,0,0,0,0,0,0,0,0,0,0,0,0,0,0,0,0,0,0,0,0,0,0,0,0,0,0,0,0,0,0,0,0,0,0,0,0,0,0,0,0,0,0,0,0,0,0,0,0,0,0,0,0,0,0,0,0,0,0,0,0,0,0,0,0,0,0,0,0,0,0,0,0,0,0,0,0,0,0,0,0,0,0,0,0,0,0,0,0,0,0,0,0,0,0,0,0,0,0
84049011,US,USA,840,49011.0,Davis,Utah,US,40.99001837,-112.1139997,"Davis, Utah, US",0,0,0,0,0,0,0,0,0,0,0,0,0,0,0,0,0,0,0,0,0,0,0,0,0,0,0,0,0,0,0,0,0,0,0,0,0,0,0,0,0,0,0,0,0,1,1,1,1,1,1,1,1,2,4,4,6,6,12,14,19,29,31,35,39,50,59,69,77,84,84,103,122,137,142,154,158,163,170,180,193,199,204,211,217,220,227,230,236,242,243,249,254,256,268,275,276,278,283,285,293,296,300,299,302,308,315,321,327,336,338,340,344,349,354,363,368,370,373,386,396,401,407,410,414,419,424,435,447,458,465,472,476,494,513,525,541,549,564,580,593,620,628,646,660,672,691,715,739,775,822,856
84049013,US,USA,840,49013.0,Duchesne,Utah,US,40.29772254,-110.42523700000001,"Duchesne, Utah, US",0,0,0,0,0,0,0,0,0,0,0,0,0,0,0,0,0,0,0,0,0,0,0,0,0,0,0,0,0,0,0,0,0,0,0,0,0,0,0,0,0,0,0,0,0,0,0,0,0,0,0,0,0,0,0,0,0,0,0,0,0,0,0,0,0,0,0,0,0,0,0,1,1,1,1,1,1,2,2,3,3,3,3,3,3,3,0,0,0,0,0,0,0,0,0,0,0,0,0,0,0,0,0,0,0,0,0,0,0,0,0,0,0,0,0,0,0,0,0,0,0,0,0,0,0,0,0,0,0,0,0,0,0,0,0,0,0,0,0,0,0,0,0,0,0,0,0,0,0,0,0,0
84049015,US,USA,840,49015.0,Emery,Utah,US,38.99617072,-110.70139579999999,"Emery, Utah, US",0,0,0,0,0,0,0,0,0,0,0,0,0,0,0,0,0,0,0,0,0,0,0,0,0,0,0,0,0,0,0,0,0,0,0,0,0,0,0,0,0,0,0,0,0,0,0,0,0,0,0,0,0,0,0,0,0,0,0,0,0,0,0,0,0,0,0,0,0,0,0,0,1,1,1,2,2,2,2,2,2,2,2,3,3,3,0,0,0,0,0,0,0,0,0,0,0,0,0,0,0,0,0,0,0,0,0,0,0,0,0,0,0,0,0,0,0,0,0,0,0,0,0,0,0,0,0,0,0,0,0,0,0,0,0,0,0,0,0,0,0,0,0,0,0,0,0,0,0,0,0,0
84049017,US,USA,840,49017.0,Garfield,Utah,US,37.85447192,-111.4418764,"Garfield, Utah, US",0,0,0,0,0,0,0,0,0,0,0,0,0,0,0,0,0,0,0,0,0,0,0,0,0,0,0,0,0,0,0,0,0,0,0,0,0,0,0,0,0,0,0,0,0,0,0,0,0,0,0,0,0,0,0,0,0,0,0,0,0,0,0,0,0,0,0,1,0,1,1,1,1,1,1,1,1,1,1,1,1,1,1,1,1,1,0,0,0,0,0,0,0,0,0,0,0,0,0,0,0,0,0,0,0,0,0,0,0,0,0,0,0,0,0,0,0,0,0,0,0,0,0,0,0,0,0,0,0,0,0,0,0,0,0,0,0,0,0,0,0,0,0,0,0,0,0,0,0,0,0,0
84049019,US,USA,840,49019.0,Grand,Utah,US,38.98103848,-109.5704487,"Grand, Utah, US",0,0,0,0,0,0,0,0,0,0,0,0,0,0,0,0,0,0,0,0,0,0,0,0,0,0,0,0,0,0,0,0,0,0,0,0,0,0,0,0,0,0,0,0,0,0,0,0,0,0,0,0,0,0,0,0,0,0,0,0,0,0,0,0,0,0,0,4,0,1,1,1,1,1,1,1,1,1,1,1,1,1,1,1,1,1,0,0,0,0,0,0,0,0,0,0,0,0,0,0,0,0,0,0,0,0,0,0,0,0,0,0,0,0,0,0,0,0,0,0,0,0,0,0,0,0,0,0,0,0,0,0,0,0,0,0,0,0,0,0,0,0,0,0,0,0,0,0,0,0,0,0
84049021,US,USA,840,49021.0,Iron,Utah,US,37.85903620000001,-113.28973810000001,"Iron, Utah, US",0,0,0,0,0,0,0,0,0,0,0,0,0,0,0,0,0,0,0,0,0,0,0,0,0,0,0,0,0,0,0,0,0,0,0,0,0,0,0,0,0,0,0,0,0,0,0,0,0,0,0,0,0,0,0,0,0,0,0,0,0,0,0,0,0,0,0,2,0,6,6,7,10,12,12,13,13,13,13,13,13,13,15,15,15,15,0,0,0,0,0,0,0,0,0,0,0,0,0,0,0,0,0,0,0,0,0,0,0,0,0,0,0,0,0,0,0,0,0,0,0,0,0,0,0,0,0,0,0,0,0,0,0,0,0,0,0,0,0,0,0,0,0,0,0,0,0,0,0,0,0,0
84049023,US,USA,840,49023.0,Juab,Utah,US,39.70208397,-112.78092450000001,"Juab, Utah, US",0,0,0,0,0,0,0,0,0,0,0,0,0,0,0,0,0,0,0,0,0,0,0,0,0,0,0,0,0,0,0,0,0,0,0,0,0,0,0,0,0,0,0,0,0,0,0,0,0,0,0,0,0,0,0,0,0,0,0,0,0,0,0,0,0,0,0,0,0,0,0,0,0,0,0,0,0,0,0,0,0,0,0,0,0,0,0,0,0,0,0,0,0,0,0,0,0,0,0,0,0,0,0,0,0,0,0,0,0,0,0,0,0,0,0,0,0,0,0,0,0,0,0,0,0,0,0,0,0,0,0,0,0,0,0,0,0,0,0,0,0,0,0,0,0,0,0,0,0,0,0,0
84049025,US,USA,840,49025.0,Kane,Utah,US,37.28507306,-111.88617520000001,"Kane, Utah, US",0,0,0,0,0,0,0,0,0,0,0,0,0,0,0,0,0,0,0,0,0,0,0,0,0,0,0,0,0,0,0,0,0,0,0,0,0,0,0,0,0,0,0,0,0,0,0,0,0,0,0,0,0,0,0,0,0,0,0,0,0,0,0,0,0,0,0,0,0,0,0,1,1,1,1,2,2,2,2,3,3,3,3,3,3,3,0,0,0,0,0,0,0,0,0,0,0,0,0,0,0,0,0,0,0,0,0,0,0,0,0,0,0,0,0,0,0,0,0,0,0,0,0,0,0,0,0,0,0,0,0,0,0,0,0,0,0,0,0,0,0,0,0,0,0,0,0,0,0,0,0,0
84049027,US,USA,840,49027.0,Millard,Utah,US,39.0729209,-113.1020328,"Millard, Utah, US",0,0,0,0,0,0,0,0,0,0,0,0,0,0,0,0,0,0,0,0,0,0,0,0,0,0,0,0,0,0,0,0,0,0,0,0,0,0,0,0,0,0,0,0,0,0,0,0,0,0,0,0,0,0,0,0,0,0,0,0,0,0,0,0,0,0,0,0,0,0,0,0,0,0,0,0,0,0,0,0,0,0,0,0,0,0,0,0,0,0,0,0,0,0,0,0,0,0,0,0,0,0,0,0,0,0,0,0,0,0,0,0,0,0,0,0,0,0,0,0,0,0,0,0,0,0,0,0,0,0,0,0,0,0,0,0,0,0,0,0,0,0,0,0,0,0,0,0,0,0,0,0
84049029,US,USA,840,49029.0,Morgan,Utah,US,41.08830262,-111.5727723,"Morgan, Utah, US",0,0,0,0,0,0,0,0,0,0,0,0,0,0,0,0,0,0,0,0,0,0,0,0,0,0,0,0,0,0,0,0,0,0,0,0,0,0,0,0,0,0,0,0,0,0,0,0,0,0,0,0,0,0,0,0,0,0,0,0,0,0,0,0,0,0,0,0,0,0,0,0,0,0,0,0,0,0,0,0,0,0,0,0,0,0,0,0,0,0,0,0,0,0,0,0,0,0,0,0,0,0,0,0,0,0,0,0,0,0,0,0,0,0,0,0,0,0,0,0,0,0,0,0,0,0,0,0,0,0,0,0,0,0,0,0,0,0,0,0,0,0,0,0,0,0,0,0,0,0,0,0
84049031,US,USA,840,49031.0,Piute,Utah,US,38.33815254,-112.1249591,"Piute, Utah, US",0,0,0,0,0,0,0,0,0,0,0,0,0,0,0,0,0,0,0,0,0,0,0,0,0,0,0,0,0,0,0,0,0,0,0,0,0,0,0,0,0,0,0,0,0,0,0,0,0,0,0,0,0,0,0,0,0,0,0,0,0,0,0,0,0,0,0,0,0,0,0,0,0,0,0,0,0,0,0,0,0,0,0,0,0,0,0,0,0,0,0,0,0,0,0,0,0,0,0,0,0,0,0,0,0,0,0,0,0,0,0,0,0,0,0,0,0,0,0,0,0,0,0,0,0,0,0,0,0,0,0,0,0,0,0,0,0,0,0,0,0,0,0,0,0,0,0,0,0,0,0,0
84049033,US,USA,840,49033.0,Rich,Utah,US,41.63137678,-111.2445105,"Rich, Utah, US",0,0,0,0,0,0,0,0,0,0,0,0,0,0,0,0,0,0,0,0,0,0,0,0,0,0,0,0,0,0,0,0,0,0,0,0,0,0,0,0,0,0,0,0,0,0,0,0,0,0,0,0,0,0,0,0,0,0,0,0,0,0,0,0,0,0,0,0,0,0,0,0,0,0,0,0,0,0,0,0,0,0,0,0,0,0,0,0,0,0,0,0,0,0,0,0,0,0,0,0,0,0,0,0,0,0,0,0,0,0,0,0,0,0,0,0,0,0,0,0,0,0,0,0,0,0,0,0,0,0,0,0,0,0,0,0,0,0,0,0,0,0,0,0,0,0,0,0,0,0,0,0
84049035,US,USA,840,49035.0,Salt Lake,Utah,US,40.66616532,-111.92160109999999,"Salt Lake, Utah, US",0,0,0,0,0,0,0,0,0,0,0,0,0,0,0,0,0,0,0,0,0,0,0,0,0,0,0,0,0,0,0,0,0,0,0,0,0,0,0,0,0,0,0,0,0,0,0,0,0,0,0,1,1,14,16,20,22,29,44,57,80,109,124,151,178,218,276,321,360,396,396,476,541,650,741,777,807,858,858,1011,1071,1126,1157,1187,1285,1377,1456,1547,1615,1671,1714,1795,1889,1975,2051,2144,2190,2256,2348,2438,2526,2609,2707,2769,2832,2912,3010,3104,3206,3291,3365,3414,3530,3604,3709,3785,3883,3942,4019,4123,4217,4308,4441,4515,4583,4632,4682,4806,4994,5118,5242,5340,5449,5603,5756,5901,6086,6182,6296,6421,6591,6776,6942,7148,7309,7468,7616,7809,8083,8363,8687,8878
84049037,US,USA,840,49037.0,San Juan,Utah,US,37.62762978,-109.80337140000002,"San Juan, Utah, US",0,0,0,0,0,0,0,0,0,0,0,0,0,0,0,0,0,0,0,0,0,0,0,0,0,0,0,0,0,0,0,0,0,0,0,0,0,0,0,0,0,0,0,0,0,0,0,0,0,0,0,0,0,0,0,0,0,0,0,0,0,0,0,0,0,0,1,4,4,4,4,5,5,5,5,5,5,6,6,6,8,8,9,9,9,9,17,18,22,29,34,34,37,37,40,43,45,45,45,46,47,78,100,116,119,126,132,135,145,147,149,152,152,154,159,177,198,227,238,246,251,254,259,264,268,272,272,283,286,289,297,299,308,309,312,314,333,333,333,337,339,343,350,351,357,363,365,367,374,380,382,383
84049039,US,USA,840,49039.0,Sanpete,Utah,US,39.37231946,-111.5758676,"Sanpete, Utah, US",0,0,0,0,0,0,0,0,0,0,0,0,0,0,0,0,0,0,0,0,0,0,0,0,0,0,0,0,0,0,0,0,0,0,0,0,0,0,0,0,0,0,0,0,0,0,0,0,0,0,0,0,0,0,0,0,0,0,0,0,0,0,0,0,0,0,0,0,0,0,0,0,0,0,0,0,0,0,0,0,0,0,0,0,0,0,0,0,0,0,0,0,0,0,0,0,0,0,0,0,0,0,0,0,0,0,0,0,0,0,0,0,0,0,0,0,0,0,0,0,0,0,0,0,0,0,0,0,0,0,0,0,0,0,0,0,0,0,0,0,0,0,0,0,0,0,0,0,0,0,0,0
84049041,US,USA,840,49041.0,Sevier,Utah,US,38.74837146,-111.8050275,"Sevier, Utah, US",0,0,0,0,0,0,0,0,0,0,0,0,0,0,0,0,0,0,0,0,0,0,0,0,0,0,0,0,0,0,0,0,0,0,0,0,0,0,0,0,0,0,0,0,0,0,0,0,0,0,0,0,0,0,0,0,0,0,0,0,0,0,0,0,0,0,0,0,0,0,0,0,0,0,0,0,0,0,0,0,0,0,0,0,0,0,0,0,0,0,0,0,0,0,0,0,0,0,0,0,0,0,0,0,0,0,0,0,0,0,0,0,0,0,0,0,0,0,0,0,0,0,0,0,0,0,0,0,0,0,0,0,0,0,0,0,0,0,0,0,0,0,0,0,0,0,0,0,0,0,0,0
84049043,US,USA,840,49043.0,Summit,Utah,US,40.86688146,-110.9535882,"Summit, Utah, US",0,0,0,0,0,0,0,0,0,0,0,0,0,0,0,0,0,0,0,0,0,0,0,0,0,0,0,0,0,0,0,0,0,0,0,0,0,0,0,0,0,0,0,0,0,0,0,0,0,1,1,4,5,2,4,8,15,19,28,32,43,65,82,89,95,102,127,151,167,172,172,204,222,230,256,260,265,273,273,296,300,304,306,306,306,308,311,316,318,331,335,341,343,351,355,357,358,359,361,369,373,375,376,377,382,382,382,384,385,385,386,388,392,393,396,400,401,401,403,403,404,403,403,405,405,405,407,409,412,412,415,416,417,418,419,422,426,434,437,440,443,442,444,446,449,447,448,451,453,455,460,463
84049045,US,USA,840,49045.0,Tooele,Utah,US,40.44862644,-113.12957150000001,"Tooele, Utah, US",0,0,0,0,0,0,0,0,0,0,0,0,0,0,0,0,0,0,0,0,0,0,0,0,0,0,0,0,0,0,0,0,0,0,0,0,0,0,0,0,0,0,0,0,0,0,0,0,0,0,0,0,0,0,1,1,1,1,2,2,3,2,2,3,4,5,8,9,9,12,12,13,16,17,19,22,22,23,23,28,31,31,34,34,37,38,38,39,42,41,41,42,46,47,52,54,56,58,63,65,68,69,71,71,70,70,71,72,76,77,77,78,85,84,86,93,93,94,103,104,104,108,112,113,113,114,115,122,125,126,128,129,132,136,140,144,145,148,150,153,153,158,159,162,165,170,178,181,184,188,195,199
84049047,US,USA,840,49047.0,Uintah,Utah,US,40.12491499,-109.5174415,"Uintah, Utah, US",0,0,0,0,0,0,0,0,0,0,0,0,0,0,0,0,0,0,0,0,0,0,0,0,0,0,0,0,0,0,0,0,0,0,0,0,0,0,0,0,0,0,0,0,0,0,0,0,0,0,0,0,0,0,0,0,0,0,0,0,0,0,0,0,0,0,0,0,0,1,1,1,1,1,1,2,2,4,4,5,6,6,6,6,6,6,0,0,0,0,0,0,0,0,0,0,0,0,0,0,0,0,0,0,0,0,0,0,0,0,0,0,0,0,0,0,0,0,0,0,0,0,0,0,0,0,0,0,0,0,0,0,0,0,0,0,0,0,0,0,0,0,0,0,0,0,0,0,0,0,0,0
84049049,US,USA,840,49049.0,Utah,Utah,US,40.116672200000004,-111.66576620000001,"Utah, Utah, US",0,0,0,0,0,0,0,0,0,0,0,0,0,0,0,0,0,0,0,0,0,0,0,0,0,0,0,0,0,0,0,0,0,0,0,0,0,0,0,0,0,0,0,0,0,0,0,0,0,0,0,0,0,0,0,0,1,2,2,3,6,11,13,18,24,26,30,50,57,70,70,105,150,186,216,223,236,267,267,283,295,313,322,335,352,387,403,417,455,498,523,570,611,669,725,777,828,862,899,957,993,1021,1073,1122,1171,1210,1219,1288,1318,1346,1358,1365,1400,1435,1455,1471,1497,1520,1537,1569,1592,1651,1678,1704,1722,1744,1753,1777,1826,1870,1929,1965,1991,2028,2088,2143,2183,2261,2310,2337,2376,2444,2491,2551,2607,2654,2711,2776,2861,2957,3056,3136
84049051,US,USA,840,49051.0,Wasatch,Utah,US,40.33110236,-111.1691419,"Wasatch, Utah, US",0,0,0,0,0,0,0,0,0,0,0,0,0,0,0,0,0,0,0,0,0,0,0,0,0,0,0,0,0,0,0,0,0,0,0,0,0,0,0,0,0,0,0,0,0,0,0,0,0,0,0,0,0,0,1,2,2,3,4,7,8,11,15,15,20,28,36,39,44,50,50,61,69,70,78,79,80,82,82,96,98,103,103,102,102,103,103,109,111,118,122,123,127,129,132,138,140,142,147,148,155,156,159,165,166,170,173,173,176,176,183,184,185,188,196,200,202,203,212,217,222,228,237,241,247,253,258,259,265,272,282,292,294,305,313,317,326,330,332,335,337,341,342,343,349,351,356,362,368,371,380,380
84049053,US,USA,840,49053.0,Washington,Utah,US,37.28003525,-113.504698,"Washington,Utah,US",0,0,0,0,0,0,0,0,0,0,0,0,0,0,0,0,0,0,0,0,0,0,0,0,0,0,0,0,0,0,0,0,0,0,0,0,0,0,0,0,0,0,0,0,0,0,0,0,0,0,0,0,0,0,0,0,0,0,0,0,0,5,5,5,8,9,13,8,15,14,14,18,23,25,27,31,31,31,32,41,41,42,43,45,47,47,74,77,0,0,0,0,0,0,0,0,0,0,0,0,0,0,0,0,0,0,0,0,0,0,0,0,0,0,0,0,0,0,0,0,0,0,0,0,0,0,0,0,0,0,0,0,0,0,0,0,0,0,0,0,0,0,0,0,0,0,0,0,0,0,0,0
84049055,US,USA,840,49055.0,Wayne,Utah,US,38.32335822,-110.9096801,"Wayne, Utah, US",0,0,0,0,0,0,0,0,0,0,0,0,0,0,0,0,0,0,0,0,0,0,0,0,0,0,0,0,0,0,0,0,0,0,0,0,0,0,0,0,0,0,0,0,0,0,0,0,0,0,0,0,0,0,0,0,0,0,0,0,0,0,0,0,0,0,0,0,0,0,0,0,0,0,0,0,0,0,0,0,0,0,0,0,0,0,0,0,0,0,0,0,0,0,0,0,0,0,0,0,0,0,0,0,0,0,0,0,0,0,0,0,0,0,0,0,0,0,0,0,0,0,0,0,0,0,0,0,0,0,0,0,0,0,0,0,0,0,0,0,0,0,0,0,0,0,0,0,0,0,0,0
84049057,US,USA,840,49057.0,Weber,Utah,US,41.27116049,-111.9145117,"Weber,Utah,US",0,0,0,0,0,0,0,0,0,0,0,0,0,0,0,0,0,0,0,0,0,0,0,0,0,0,0,0,0,0,0,0,0,0,0,0,0,0,0,0,0,0,0,0,0,0,0,0,0,0,0,0,0,0,0,0,0,0,0,0,0,0,0,0,0,0,0,0,0,0,0,0,0,0,0,0,0,0,0,0,0,0,0,0,0,0,0,0,0,0,0,0,0,0,0,0,0,0,0,0,0,0,0,0,0,0,0,0,0,0,0,0,0,0,0,0,0,0,0,0,0,0,0,0,0,0,0,0,0,0,0,0,0,0,0,0,0,0,0,0,0,0,0,0,0,0,0,0,0,0,0,0
84050001,US,USA,840,50001.0,Addison,Vermont,US,44.03217337,-73.14130877,"Addison, Vermont, US",0,0,0,0,0,0,0,0,0,0,0,0,0,0,0,0,0,0,0,0,0,0,0,0,0,0,0,0,0,0,0,0,0,0,0,0,0,0,0,0,0,0,0,0,0,0,0,0,0,0,0,0,0,0,0,0,1,1,1,3,3,6,8,9,12,13,15,17,17,23,24,26,32,34,40,40,47,47,50,50,54,55,56,56,56,56,57,61,61,61,61,61,61,61,61,61,61,61,61,61,61,61,61,61,61,61,61,62,62,62,62,62,62,62,62,62,62,62,62,62,62,62,62,62,62,62,62,62,62,63,64,64,64,64,64,64,65,65,65,66,66,66,66,66,66,66,66,66,67,67,67,67
84050003,US,USA,840,50003.0,Bennington,Vermont,US,43.03519828,-73.09048868,"Bennington, Vermont, US",0,0,0,0,0,0,0,0,0,0,0,0,0,0,0,0,0,0,0,0,0,0,0,0,0,0,0,0,0,0,0,0,0,0,0,0,0,0,0,0,0,0,0,0,0,0,1,1,1,1,1,1,1,1,3,3,3,3,3,4,4,4,9,11,11,15,15,16,16,18,18,17,19,23,24,25,27,27,31,31,31,31,32,32,32,33,33,37,37,37,37,37,37,38,39,40,40,44,44,44,47,47,51,51,54,53,53,54,56,61,60,60,60,60,60,60,60,60,60,60,60,60,60,61,62,62,62,62,63,63,63,63,64,64,65,66,66,66,66,66,67,67,67,67,67,67,67,67,68,69,69,69
84050005,US,USA,840,50005.0,Caledonia,Vermont,US,44.46548598,-72.10314651,"Caledonia, Vermont, US",0,0,0,0,0,0,0,0,0,0,0,0,0,0,0,0,0,0,0,0,0,0,0,0,0,0,0,0,0,0,0,0,0,0,0,0,0,0,0,0,0,0,0,0,0,0,0,0,0,0,0,0,0,0,0,0,0,0,0,0,0,1,1,1,1,2,2,2,2,2,3,4,4,5,6,6,8,8,8,8,8,8,9,9,9,9,10,10,12,12,12,12,12,12,13,13,13,13,13,13,14,14,14,14,14,14,14,14,14,14,14,14,14,14,14,14,14,14,14,14,14,14,14,15,15,15,15,15,15,15,15,15,15,16,16,16,16,16,16,16,16,16,16,16,16,16,16,16,16,16,17,18
84050007,US,USA,840,50007.0,Chittenden,Vermont,US,44.46322849,-73.08359212,"Chittenden, Vermont, US",0,0,0,0,0,0,0,0,0,0,0,0,0,0,0,0,0,0,0,0,0,0,0,0,0,0,0,0,0,0,0,0,0,0,0,0,0,0,0,0,0,0,0,0,0,0,0,0,0,0,1,1,1,1,4,4,4,4,9,22,22,32,40,55,75,90,105,117,117,152,164,177,199,245,271,285,308,308,336,336,351,364,372,372,372,377,378,384,385,385,391,393,395,396,405,410,414,416,416,418,419,422,423,425,425,426,431,431,431,432,432,432,432,432,433,434,439,439,439,439,440,440,440,440,441,444,446,449,448,449,451,453,457,457,491,490,503,520,528,535,544,559,564,568,568,570,573,572,574,579,579,586
84050009,US,USA,840,50009.0,Essex,Vermont,US,44.72736416,-71.73579864,"Essex, Vermont, US",0,0,0,0,0,0,0,0,0,0,0,0,0,0,0,0,0,0,0,0,0,0,0,0,0,0,0,0,0,0,0,0,0,0,0,0,0,0,0,0,0,0,0,0,0,0,0,0,0,0,0,0,0,0,0,0,0,0,0,0,0,0,0,0,0,0,0,0,0,0,0,0,0,0,0,0,0,0,1,1,1,1,1,1,1,1,1,1,2,2,2,2,2,2,2,2,2,2,2,2,2,2,2,2,2,2,2,2,2,2,2,2,2,2,2,2,2,2,2,2,2,3,3,3,3,3,3,3,3,3,3,3,3,3,3,3,3,3,3,3,3,3,3,3,3,3,3,3,3,3,3,3
84050011,US,USA,840,50011.0,Franklin,Vermont,US,44.85627605,-72.91249563,"Franklin, Vermont, US",0,0,0,0,0,0,0,0,0,0,0,0,0,0,0,0,0,0,0,0,0,0,0,0,0,0,0,0,0,0,0,0,0,0,0,0,0,0,0,0,0,0,0,0,0,0,0,0,0,0,0,0,0,0,0,0,0,0,0,2,2,2,2,3,4,6,7,9,9,13,15,16,21,23,27,29,33,33,35,35,80,81,83,84,84,86,88,90,91,93,92,92,90,90,90,91,91,91,91,91,98,98,99,99,99,99,99,99,99,99,99,99,99,99,99,99,99,99,99,99,99,99,99,99,99,99,99,99,99,99,99,99,99,99,99,100,100,100,100,100,101,101,102,102,102,102,102,102,102,102,102,102
84050013,US,USA,840,50013.0,Grand Isle,Vermont,US,44.797582399999996,-73.29679772,"Grand Isle, Vermont, US",0,0,0,0,0,0,0,0,0,0,0,0,0,0,0,0,0,0,0,0,0,0,0,0,0,0,0,0,0,0,0,0,0,0,0,0,0,0,0,0,0,0,0,0,0,0,0,0,0,0,0,0,0,0,0,0,0,0,0,0,0,0,0,0,0,0,0,0,0,0,0,0,0,0,0,0,1,1,3,3,3,3,3,3,3,3,3,3,3,3,3,3,3,3,3,3,3,3,3,3,3,3,4,4,4,4,4,4,4,4,4,4,4,4,4,4,4,4,4,4,5,5,6,6,7,7,7,7,7,7,7,7,7,7,7,7,7,7,7,7,7,8,8,8,8,8,8,8,8,8,8,8
84050015,US,USA,840,50015.0,Lamoille,Vermont,US,44.60353043,-72.64356694,"Lamoille, Vermont, US",0,0,0,0,0,0,0,0,0,0,0,0,0,0,0,0,0,0,0,0,0,0,0,0,0,0,0,0,0,0,0,0,0,0,0,0,0,0,0,0,0,0,0,0,0,0,0,0,0,0,0,0,0,0,0,0,0,0,0,0,0,1,2,4,5,6,9,12,12,13,13,14,17,17,17,18,19,19,19,19,21,21,22,22,22,22,22,23,23,23,23,23,25,25,26,26,26,26,26,26,26,26,25,26,26,26,26,26,26,26,26,26,27,27,27,27,27,27,28,27,29,29,29,29,29,29,29,29,29,29,29,29,29,29,29,29,29,29,29,29,29,29,29,29,29,29,29,29,29,30,30,30
84050017,US,USA,840,50017.0,Orange,Vermont,US,44.00470222,-72.37640104,"Orange, Vermont, US",0,0,0,0,0,0,0,0,0,0,0,0,0,0,0,0,0,0,0,0,0,0,0,0,0,0,0,0,0,0,0,0,0,0,0,0,0,0,0,0,0,0,0,0,0,0,0,0,0,0,0,0,0,0,1,1,1,1,1,4,3,3,3,3,3,3,3,3,3,4,4,4,4,4,4,4,4,4,5,5,5,5,5,5,5,5,5,5,5,5,6,6,6,6,6,6,7,7,7,7,7,7,7,8,8,8,8,8,8,8,8,8,8,8,8,8,8,8,8,8,8,8,8,8,8,8,8,8,8,8,9,9,9,9,9,9,9,9,9,9,9,9,9,9,9,9,9,9,9,9,9,9
84050019,US,USA,840,50019.0,Orleans,Vermont,US,44.82964024,-72.24562697,"Orleans, Vermont, US",0,0,0,0,0,0,0,0,0,0,0,0,0,0,0,0,0,0,0,0,0,0,0,0,0,0,0,0,0,0,0,0,0,0,0,0,0,0,0,0,0,0,0,0,0,0,0,0,0,0,0,0,0,0,0,0,0,0,0,0,0,2,2,3,3,4,5,5,5,7,7,7,8,8,8,8,8,8,8,8,8,8,8,8,8,8,8,9,9,9,9,9,9,9,9,9,9,9,9,9,9,9,9,9,9,9,9,9,9,9,9,9,9,9,9,9,9,9,9,9,9,9,9,9,9,10,10,10,10,10,10,10,10,10,10,10,10,10,13,13,13,13,13,13,13,13,13,13,13,14,14,14
84050021,US,USA,840,50021.0,Rutland,Vermont,US,43.57723578,-73.03741676,"Rutland, Vermont, US",0,0,0,0,0,0,0,0,0,0,0,0,0,0,0,0,0,0,0,0,0,0,0,0,0,0,0,0,0,0,0,0,0,0,0,0,0,0,0,0,0,0,0,0,0,0,0,0,0,0,0,0,0,0,0,0,0,0,0,2,3,4,5,5,5,5,6,6,6,6,10,12,17,24,27,28,31,31,34,34,35,36,39,8,39,41,41,42,43,43,44,44,44,44,44,44,44,44,44,45,46,49,49,49,50,49,49,50,49,49,49,49,49,49,49,49,50,50,50,50,50,51,51,51,53,53,54,54,55,55,55,55,55,55,56,56,57,57,57,57,57,57,58,58,59,59,59,59,60,61,61,61
84050023,US,USA,840,50023.0,Washington,Vermont,US,44.27343241,-72.61604978,"Washington, Vermont, US",0,0,0,0,0,0,0,0,0,0,0,0,0,0,0,0,0,0,0,0,0,0,0,0,0,0,0,0,0,0,0,0,0,0,0,0,0,0,0,0,0,0,0,0,0,0,0,0,0,0,0,0,1,1,1,1,1,1,1,2,2,3,3,5,7,9,10,12,12,15,15,18,21,21,22,22,24,24,24,24,28,28,28,29,29,29,30,31,32,32,32,33,33,33,33,33,32,32,32,33,33,33,35,35,35,36,37,37,37,38,38,38,38,38,38,38,38,38,38,38,38,38,39,39,39,39,39,39,39,39,39,39,39,39,39,39,39,39,39,39,39,39,40,41,41,41,41,41,41,41,41,41
84050025,US,USA,840,50025.0,Windham,Vermont,US,42.986982,-72.71268875,"Windham, Vermont, US",0,0,0,0,0,0,0,0,0,0,0,0,0,0,0,0,0,0,0,0,0,0,0,0,0,0,0,0,0,0,0,0,0,0,0,0,0,0,0,0,0,0,0,0,0,0,0,0,0,0,0,0,0,0,0,0,0,0,0,1,5,5,5,7,7,7,9,11,11,11,16,18,21,25,31,35,38,38,42,42,50,54,55,57,57,58,60,63,63,63,65,67,67,67,68,69,70,71,71,71,71,71,72,72,73,73,73,73,74,74,74,75,75,77,77,77,76,76,77,77,80,80,80,80,80,80,80,81,81,81,81,81,81,81,81,81,82,82,83,83,83,83,84,85,85,85,85,85,85,85,87,91
84050027,US,USA,840,50027.0,Windsor,Vermont,US,43.58010937,-72.58595157,"Windsor, Vermont, US",0,0,0,0,0,0,0,0,0,0,0,0,0,0,0,0,0,0,0,0,0,0,0,0,0,0,0,0,0,0,0,0,0,0,0,0,0,0,0,0,0,0,0,0,0,0,0,0,0,0,0,0,2,2,3,3,3,3,3,9,8,12,15,17,17,18,18,18,18,18,18,20,20,21,22,22,24,24,24,24,25,25,27,27,27,31,33,34,37,37,38,38,38,38,39,39,40,40,40,40,40,41,42,43,43,44,46,46,46,45,45,45,46,47,47,47,47,47,48,48,49,49,49,49,50,51,51,51,51,51,51,51,51,52,52,52,55,55,55,56,56,55,55,55,55,55,55,55,55,55,55,55
84051001,US,USA,840,51001.0,Accomack,Virginia,US,37.76707161,-75.63234615,"Accomack, Virginia, US",0,0,0,0,0,0,0,0,0,0,0,0,0,0,0,0,0,0,0,0,0,0,0,0,0,0,0,0,0,0,0,0,0,0,0,0,0,0,0,0,0,0,0,0,0,0,0,0,0,0,0,0,0,0,0,0,0,0,1,1,1,1,1,2,2,2,2,3,6,7,7,10,8,8,11,11,11,11,11,12,15,15,15,15,15,19,28,33,42,52,52,59,76,100,146,187,195,223,229,264,303,353,400,425,429,433,463,463,496,508,524,530,545,593,648,668,688,690,701,709,709,711,722,727,731,758,780,807,827,863,909,917,939,953,966,969,970,983,983,983,984,984,987,989,993,996,1007,1018,1018,1022,1024,1031
84051003,US,USA,840,51003.0,Albemarle,Virginia,US,38.02080697,-78.55481085,"Albemarle, Virginia, US",0,0,0,0,0,0,0,0,0,0,0,0,0,0,0,0,0,0,0,0,0,0,0,0,0,0,0,0,0,0,0,0,0,0,0,0,0,0,0,0,0,0,0,0,0,0,0,0,0,0,0,0,0,0,0,0,0,1,1,1,2,2,2,4,6,8,16,17,19,21,21,23,26,27,32,34,38,41,43,43,46,46,49,50,53,54,56,56,57,61,66,68,71,72,73,76,77,80,81,103,103,105,108,110,110,111,112,116,119,120,123,124,126,130,133,136,138,139,141,142,142,142,143,148,149,161,168,170,180,187,187,199,200,204,213,217,221,251,255,258,260,269,272,275,286,290,293,293,302,304,321,334
84051005,US,USA,840,51005.0,Alleghany,Virginia,US,37.78636074,-80.00222498,"Alleghany, Virginia, US",0,0,0,0,0,0,0,0,0,0,0,0,0,0,0,0,0,0,0,0,0,0,0,0,0,0,0,0,0,0,0,0,0,0,0,0,0,0,0,0,0,0,0,0,0,0,0,0,0,0,0,0,0,0,0,0,0,0,0,0,0,0,0,0,0,0,0,0,1,1,1,2,2,2,2,2,2,2,2,2,4,4,4,4,4,4,4,4,5,5,5,5,5,5,5,5,5,5,6,6,6,6,6,6,6,6,6,6,6,6,6,6,6,6,6,6,7,9,9,10,9,10,13,13,13,16,16,17,19,20,20,23,24,24,24,24,26,26,26,26,26,26,27,28,28,28,30,30,30,30,30,30
84051007,US,USA,840,51007.0,Amelia,Virginia,US,37.34081025,-77.98584649,"Amelia, Virginia, US",0,0,0,0,0,0,0,0,0,0,0,0,0,0,0,0,0,0,0,0,0,0,0,0,0,0,0,0,0,0,0,0,0,0,0,0,0,0,0,0,0,0,0,0,0,0,0,0,0,0,0,0,0,0,0,0,0,0,0,0,0,0,0,0,1,1,1,1,1,2,2,4,5,6,6,6,7,8,8,9,9,9,9,9,10,13,13,13,14,14,15,15,15,15,15,15,15,15,15,15,16,16,16,16,18,18,17,17,17,17,17,17,17,17,17,18,18,20,20,21,22,22,22,21,21,23,23,23,25,25,25,25,26,28,28,28,31,31,32,33,34,34,37,38,38,39,38,38,39,41,41,41
84051009,US,USA,840,51009.0,Amherst,Virginia,US,37.60308293,-79.14548696,"Amherst, Virginia, US",0,0,0,0,0,0,0,0,0,0,0,0,0,0,0,0,0,0,0,0,0,0,0,0,0,0,0,0,0,0,0,0,0,0,0,0,0,0,0,0,0,0,0,0,0,0,0,0,0,0,0,0,0,0,0,0,0,0,0,0,1,1,1,1,1,1,2,2,3,3,5,6,6,6,6,6,8,8,9,9,10,10,10,10,10,10,10,10,10,10,10,10,9,9,9,9,9,9,11,12,13,13,14,14,15,15,15,15,15,15,16,17,20,21,22,24,25,25,25,25,25,25,25,25,26,26,27,27,27,27,27,27,27,27,27,27,27,27,27,27,27,27,27,27,27,27,28,28,28,28,29,29
84051011,US,USA,840,51011.0,Appomattox,Virginia,US,37.37569884,-78.81340003,"Appomattox, Virginia, US",0,0,0,0,0,0,0,0,0,0,0,0,0,0,0,0,0,0,0,0,0,0,0,0,0,0,0,0,0,0,0,0,0,0,0,0,0,0,0,0,0,0,0,0,0,0,0,0,0,0,0,0,0,0,0,0,0,0,0,0,0,0,0,0,0,0,0,0,0,0,0,0,0,0,0,1,3,3,4,5,7,7,7,7,7,7,7,7,7,7,7,10,12,12,12,17,17,17,18,20,20,21,21,21,21,21,21,21,22,22,22,22,22,22,23,23,23,25,24,24,25,26,26,26,26,26,31,31,31,31,31,31,31,31,31,33,33,33,33,33,33,33,34,34,34,34,34,34,34,35,36,36
84051013,US,USA,840,51013.0,Arlington,Virginia,US,38.8767675,-77.10139853,"Arlington, Virginia, US",0,0,0,0,0,0,0,0,0,0,0,0,0,0,0,0,0,0,0,0,0,0,0,0,0,0,0,0,0,0,0,0,0,0,0,0,0,0,0,0,0,0,0,0,0,0,0,0,1,1,2,5,7,7,9,13,14,17,17,22,26,34,36,46,54,63,75,84,86,104,119,128,135,150,181,203,237,254,280,312,349,366,390,401,420,453,485,520,575,593,625,663,686,722,764,790,836,865,912,967,1004,1044,1106,1139,1169,1200,1248,1281,1332,1368,1399,1416,1460,1499,1534,1560,1590,1638,1688,1728,1763,1795,1804,1873,1897,1935,1988,2039,2089,2107,2116,2123,2133,2142,2150,2173,2195,2225,2256,2265,2280,2299,2307,2321,2338,2346,2363,2372,2382,2396,2405,2418
84051015,US,USA,840,51015.0,Augusta,Virginia,US,38.16404586,-79.12461614,"Augusta, Virginia, US",0,0,0,0,0,0,0,0,0,0,0,0,0,0,0,0,0,0,0,0,0,0,0,0,0,0,0,0,0,0,0,0,0,0,0,0,0,0,0,0,0,0,0,0,0,0,0,0,0,0,0,0,0,0,0,0,0,0,0,0,0,0,0,0,0,0,0,0,0,0,1,2,4,7,8,9,10,13,13,15,17,17,17,17,18,19,19,22,22,24,28,30,33,34,36,36,36,39,41,43,44,45,46,47,47,54,55,55,64,64,64,64,66,70,74,82,84,85,87,88,85,86,89,90,93,100,102,105,105,109,109,112,115,115,122,124,125,132,136,137,139,139,141,143,146,146,152,157,164,166,167,169
84051017,US,USA,840,51017.0,Bath,Virginia,US,38.05852573,-79.73912095,"Bath, Virginia, US",0,0,0,0,0,0,0,0,0,0,0,0,0,0,0,0,0,0,0,0,0,0,0,0,0,0,0,0,0,0,0,0,0,0,0,0,0,0,0,0,0,0,0,0,0,0,0,0,0,0,0,0,0,0,0,0,0,0,0,0,0,0,0,0,0,0,0,0,0,0,0,0,0,0,0,0,0,0,0,0,0,0,0,0,0,0,0,0,0,0,0,0,0,0,0,0,0,0,0,0,0,0,0,0,0,0,0,0,0,0,0,0,0,0,0,0,0,0,0,0,0,0,0,0,0,0,0,0,0,0,0,0,0,0,0,0,0,0,0,0,0,0,0,0,0,0,0,0,0,0,0,0
84051019,US,USA,840,51019.0,Bedford,Virginia,US,37.3080028,-79.5281964,"Bedford, Virginia, US",0,0,0,0,0,0,0,0,0,0,0,0,0,0,0,0,0,0,0,0,0,0,0,0,0,0,0,0,0,0,0,0,0,0,0,0,0,0,0,0,0,0,0,0,0,0,0,0,0,0,0,0,0,0,0,0,0,0,0,0,1,1,1,3,3,3,3,3,2,2,3,3,3,4,4,5,8,12,12,15,15,15,16,16,16,16,17,17,18,18,19,20,21,23,24,24,25,25,27,30,33,34,34,35,36,37,37,37,38,38,38,38,40,40,40,40,40,41,41,41,41,41,41,41,41,43,45,47,47,51,57,60,62,62,63,72,76,79,79,81,83,82,86,91,91,91,94,96,94,95,98,99
84051021,US,USA,840,51021.0,Bland,Virginia,US,37.13128068,-81.13599391,"Bland, Virginia, US",0,0,0,0,0,0,0,0,0,0,0,0,0,0,0,0,0,0,0,0,0,0,0,0,0,0,0,0,0,0,0,0,0,0,0,0,0,0,0,0,0,0,0,0,0,0,0,0,0,0,0,0,0,0,0,0,0,0,0,0,0,0,0,0,0,0,0,0,0,0,0,0,0,0,0,0,0,0,0,0,0,0,0,0,0,0,0,0,0,0,0,0,0,0,0,0,0,0,0,0,0,0,0,0,0,0,0,0,0,0,0,0,0,0,0,0,0,0,0,0,0,0,0,0,0,0,0,0,0,0,0,0,0,0,0,0,0,0,0,0,0,0,0,0,0,0,0,0,0,1,1,2
84051023,US,USA,840,51023.0,Botetourt,Virginia,US,37.55531756,-79.80982182,"Botetourt, Virginia, US",0,0,0,0,0,0,0,0,0,0,0,0,0,0,0,0,0,0,0,0,0,0,0,0,0,0,0,0,0,0,0,0,0,0,0,0,0,0,0,0,0,0,0,0,0,0,0,0,0,0,0,0,0,0,0,0,0,1,1,1,1,1,1,1,1,1,1,2,5,5,6,8,8,14,15,15,18,18,18,21,22,23,24,24,23,23,23,23,24,24,25,26,26,27,27,27,27,27,28,28,28,28,28,28,29,30,29,30,29,29,30,30,30,30,30,30,31,31,31,31,31,31,31,31,32,32,32,32,32,32,32,32,34,34,34,35,39,40,40,40,40,44,44,47,47,47,50,51,51,55,58,58
84051025,US,USA,840,51025.0,Brunswick,Virginia,US,36.76366949,-77.8593436,"Brunswick, Virginia, US",0,0,0,0,0,0,0,0,0,0,0,0,0,0,0,0,0,0,0,0,0,0,0,0,0,0,0,0,0,0,0,0,0,0,0,0,0,0,0,0,0,0,0,0,0,0,0,0,0,0,0,0,0,0,0,0,0,0,0,0,0,0,0,0,0,0,0,0,0,1,1,1,1,1,1,1,1,1,1,2,3,3,3,9,9,10,10,12,12,12,12,13,13,14,14,14,14,13,14,14,14,15,15,15,15,15,16,17,17,18,19,20,20,20,20,20,20,20,21,21,21,21,21,21,21,21,21,24,25,25,25,27,28,30,31,32,32,39,41,41,43,44,44,46,46,46,54,59,72,90,90,91
84051027,US,USA,840,51027.0,Buchanan,Virginia,US,37.26818323,-82.03749726,"Buchanan, Virginia, US",0,0,0,0,0,0,0,0,0,0,0,0,0,0,0,0,0,0,0,0,0,0,0,0,0,0,0,0,0,0,0,0,0,0,0,0,0,0,0,0,0,0,0,0,0,0,0,0,0,0,0,0,0,0,0,0,0,0,0,0,0,0,0,0,0,0,0,0,0,0,0,0,0,0,0,0,1,1,1,1,2,2,2,12,12,12,12,12,12,12,12,12,12,12,13,13,14,16,16,16,16,16,16,16,16,16,16,16,16,16,16,16,16,16,16,16,16,16,18,18,18,18,18,18,18,19,18,18,18,18,18,18,18,18,18,18,18,18,18,18,18,18,18,18,18,18,18,18,18,18,18,18
84051029,US,USA,840,51029.0,Buckingham,Virginia,US,37.57242268,-78.52518834,"Buckingham, Virginia, US",0,0,0,0,0,0,0,0,0,0,0,0,0,0,0,0,0,0,0,0,0,0,0,0,0,0,0,0,0,0,0,0,0,0,0,0,0,0,0,0,0,0,0,0,0,0,0,0,0,0,0,0,0,0,0,0,0,0,0,0,0,0,0,0,0,0,0,0,0,2,2,2,3,4,4,4,6,9,9,10,14,14,16,18,22,23,24,25,26,26,27,27,31,31,34,35,45,55,55,58,94,137,137,137,171,201,225,225,246,246,246,301,347,348,366,411,411,417,419,419,438,439,443,442,443,445,445,453,453,456,459,461,465,467,469,475,477,481,481,484,497,517,518,519,519,521,534,542,552,552,552,552
84051031,US,USA,840,51031.0,Campbell,Virginia,US,37.20553386,-79.09678609,"Campbell, Virginia, US",0,0,0,0,0,0,0,0,0,0,0,0,0,0,0,0,0,0,0,0,0,0,0,0,0,0,0,0,0,0,0,0,0,0,0,0,0,0,0,0,0,0,0,0,0,0,0,0,0,0,0,0,0,0,0,0,0,0,0,0,0,0,0,0,0,0,0,0,0,1,2,2,2,2,2,2,3,4,4,7,9,9,10,11,11,9,9,9,9,9,10,10,10,10,10,11,11,11,12,12,12,13,13,13,13,13,13,13,13,13,13,13,13,13,13,13,13,13,13,13,13,13,13,13,13,15,16,16,17,18,18,18,18,18,18,20,20,20,20,20,22,22,22,23,25,25,28,28,28,30,32,32
84051033,US,USA,840,51033.0,Caroline,Virginia,US,38.02679129,-77.34901405,"Caroline, Virginia, US",0,0,0,0,0,0,0,0,0,0,0,0,0,0,0,0,0,0,0,0,0,0,0,0,0,0,0,0,0,0,0,0,0,0,0,0,0,0,0,0,0,0,0,0,0,0,0,0,0,0,0,0,0,0,0,0,0,0,0,0,0,0,0,0,0,0,0,0,0,0,0,0,1,1,1,1,4,4,4,6,6,6,6,7,9,11,11,13,13,14,17,20,21,21,21,21,21,22,25,27,32,32,31,32,34,35,36,37,38,38,38,38,39,41,42,42,42,42,44,45,45,45,46,47,49,53,55,56,58,64,67,69,76,76,76,79,83,90,93,97,99,100,101,106,109,111,113,116,119,121,125,126
84051035,US,USA,840,51035.0,Carroll,Virginia,US,36.73066666,-80.73455942,"Carroll, Virginia, US",0,0,0,0,0,0,0,0,0,0,0,0,0,0,0,0,0,0,0,0,0,0,0,0,0,0,0,0,0,0,0,0,0,0,0,0,0,0,0,0,0,0,0,0,0,0,0,0,0,0,0,0,0,0,0,0,0,0,0,0,0,0,0,0,0,0,0,0,0,1,1,1,1,1,1,1,2,2,3,3,3,3,3,3,3,3,3,3,3,3,3,3,3,3,3,3,4,4,9,11,12,13,15,19,19,21,25,26,28,33,34,34,39,40,42,45,48,49,50,64,64,66,66,74,77,84,86,88,90,91,96,97,100,105,122,122,125,130,141,149,153,158,159,165,171,173,175,177,178,187,187,188
84051036,US,USA,840,51036.0,Charles City,Virginia,US,37.35358063,-77.05634116,"Charles City, Virginia, US",0,0,0,0,0,0,0,0,0,0,0,0,0,0,0,0,0,0,0,0,0,0,0,0,0,0,0,0,0,0,0,0,0,0,0,0,0,0,0,0,0,0,0,0,0,0,0,0,0,0,0,0,0,0,0,0,1,1,1,1,1,1,1,1,1,1,1,1,1,1,2,4,4,4,4,4,4,5,5,7,8,9,9,9,9,9,10,11,11,11,11,11,12,12,12,13,13,13,13,13,13,13,17,17,17,17,17,19,21,21,21,21,21,21,22,22,22,23,24,24,25,25,27,27,27,27,27,27,27,27,27,27,27,27,27,27,27,28,28,28,28,28,28,29,30,32,33,34,34,35,37,37
84051037,US,USA,840,51037.0,Charlotte,Virginia,US,37.01909701,-78.66314092,"Charlotte, Virginia, US",0,0,0,0,0,0,0,0,0,0,0,0,0,0,0,0,0,0,0,0,0,0,0,0,0,0,0,0,0,0,0,0,0,0,0,0,0,0,0,0,0,0,0,0,0,0,0,0,0,0,0,0,0,0,0,0,0,0,0,0,0,0,0,0,0,0,0,0,0,0,0,0,0,1,1,1,1,1,1,2,2,4,4,4,5,8,8,8,8,8,8,8,8,8,7,7,7,7,7,7,8,9,9,10,11,11,11,11,12,11,11,11,11,11,11,11,11,14,14,15,16,19,19,19,19,23,23,23,23,23,23,24,25,27,28,28,28,28,28,29,29,29,30,30,30,30,30,30,30,30,31,31
84051041,US,USA,840,51041.0,Chesterfield,Virginia,US,37.37373208,-77.58680140000001,"Chesterfield, Virginia, US",0,0,0,0,0,0,0,0,0,0,0,0,0,0,0,0,0,0,0,0,0,0,0,0,0,0,0,0,0,0,0,0,0,0,0,0,0,0,0,0,0,0,0,0,0,0,0,0,0,0,0,0,1,1,2,4,5,6,6,7,8,9,10,11,12,12,12,12,21,43,59,73,89,106,108,108,128,145,158,179,203,209,211,241,254,267,291,310,311,331,346,356,402,423,440,457,457,488,501,531,557,593,601,601,646,681,707,741,765,787,789,837,862,909,946,978,988,1002,1043,1100,1132,1152,1193,1193,1200,1213,1263,1331,1400,1461,1548,1568,1627,1661,1721,1761,1797,1831,1866,1942,1995,2041,2109,2150,2181,2194,2259,2316,2375,2456,2541,2557
84051043,US,USA,840,51043.0,Clarke,Virginia,US,39.11271747,-77.99199425,"Clarke, Virginia, US",0,0,0,0,0,0,0,0,0,0,0,0,0,0,0,0,0,0,0,0,0,0,0,0,0,0,0,0,0,0,0,0,0,0,0,0,0,0,0,0,0,0,0,0,0,0,0,0,0,0,0,0,0,0,0,0,0,0,0,0,0,0,0,0,0,0,0,0,0,0,0,1,2,2,2,2,2,3,3,3,3,3,3,5,6,6,6,6,6,6,6,6,7,7,7,7,7,7,8,8,9,10,10,10,12,15,16,16,16,16,16,16,16,16,17,19,19,18,19,19,19,21,21,21,22,22,23,24,25,25,27,28,28,29,31,31,31,33,35,35,35,36,37,37,38,38,40,40,43,44,44,45
84051045,US,USA,840,51045.0,Craig,Virginia,US,37.48133648,-80.21072274,"Craig, Virginia, US",0,0,0,0,0,0,0,0,0,0,0,0,0,0,0,0,0,0,0,0,0,0,0,0,0,0,0,0,0,0,0,0,0,0,0,0,0,0,0,0,0,0,0,0,0,0,0,0,0,0,0,0,0,0,0,0,0,0,0,0,0,0,0,0,0,0,0,0,0,0,0,0,0,0,0,0,2,2,2,2,2,2,2,2,2,2,2,2,2,2,2,2,2,2,2,2,2,2,2,3,3,3,3,3,4,4,4,4,4,4,4,4,4,4,4,4,4,4,4,4,5,5,5,5,5,5,5,5,5,5,5,5,5,5,5,5,6,6,6,6,6,6,6,6,6,6,6,6,6,6,6,6
84051047,US,USA,840,51047.0,Culpeper,Virginia,US,38.48199985,-77.95630870000002,"Culpeper, Virginia, US",0,0,0,0,0,0,0,0,0,0,0,0,0,0,0,0,0,0,0,0,0,0,0,0,0,0,0,0,0,0,0,0,0,0,0,0,0,0,0,0,0,0,0,0,0,0,0,0,0,0,0,0,0,0,0,0,0,0,0,0,2,2,2,2,2,2,2,2,3,3,5,6,7,8,8,8,9,10,13,14,17,19,20,24,25,29,32,39,43,51,65,73,84,90,95,103,113,126,129,141,162,177,191,196,201,209,217,239,253,264,276,291,320,329,343,365,374,388,452,494,526,555,574,594,614,638,645,656,666,674,691,713,720,727,732,740,745,764,767,772,773,774,774,777,780,783,787,790,790,792,794,795
84051049,US,USA,840,51049.0,Cumberland,Virginia,US,37.51328851,-78.24398086,"Cumberland, Virginia, US",0,0,0,0,0,0,0,0,0,0,0,0,0,0,0,0,0,0,0,0,0,0,0,0,0,0,0,0,0,0,0,0,0,0,0,0,0,0,0,0,0,0,0,0,0,0,0,0,0,0,0,0,0,0,0,0,0,0,0,0,0,0,0,0,0,0,0,0,0,0,0,1,1,2,2,2,6,6,6,8,8,8,8,8,8,7,8,10,10,10,10,10,10,10,10,10,10,11,11,13,13,13,12,12,12,12,12,13,13,13,13,16,18,18,18,23,23,23,25,25,25,25,26,26,27,31,32,32,35,37,37,38,38,39,39,41,41,41,45,45,45,46,46,47,47,49,50,50,50,50,50,50
84051051,US,USA,840,51051.0,Dickenson,Virginia,US,37.12560977,-82.35124171,"Dickenson, Virginia, US",0,0,0,0,0,0,0,0,0,0,0,0,0,0,0,0,0,0,0,0,0,0,0,0,0,0,0,0,0,0,0,0,0,0,0,0,0,0,0,0,0,0,0,0,0,0,0,0,0,0,0,0,0,0,0,0,0,0,0,0,0,0,0,0,0,0,0,0,0,0,0,0,0,0,0,0,0,0,0,0,0,0,0,0,0,0,0,0,0,0,0,0,0,0,0,0,0,0,0,0,0,0,0,0,0,0,0,0,0,0,0,0,0,0,0,0,0,0,0,0,0,0,0,0,0,0,0,0,0,0,0,0,0,0,0,0,0,0,0,0,0,0,0,0,0,0,1,1,1,1,1,1
84051053,US,USA,840,51053.0,Dinwiddie,Virginia,US,37.07544585,-77.63451754,"Dinwiddie, Virginia, US",0,0,0,0,0,0,0,0,0,0,0,0,0,0,0,0,0,0,0,0,0,0,0,0,0,0,0,0,0,0,0,0,0,0,0,0,0,0,0,0,0,0,0,0,0,0,0,0,0,0,0,0,0,0,0,0,0,0,0,0,0,0,0,0,0,0,0,0,0,0,0,0,0,0,0,0,1,2,2,3,6,6,6,7,7,7,7,7,7,8,8,8,12,12,12,14,15,15,15,16,16,18,18,23,25,25,25,25,25,27,28,30,30,33,36,36,36,38,45,47,47,47,48,48,48,55,61,68,71,77,80,83,83,84,90,93,98,98,98,99,101,101,105,107,108,110,110,113,114,118,121,121
84051057,US,USA,840,51057.0,Essex,Virginia,US,37.93357639,-76.94230311,"Essex, Virginia, US",0,0,0,0,0,0,0,0,0,0,0,0,0,0,0,0,0,0,0,0,0,0,0,0,0,0,0,0,0,0,0,0,0,0,0,0,0,0,0,0,0,0,0,0,0,0,0,0,0,0,0,0,0,0,0,0,0,0,0,0,0,0,0,0,0,0,0,0,0,0,0,0,0,0,0,0,0,0,0,0,0,0,0,0,0,2,2,2,2,2,2,2,3,3,4,6,6,6,6,7,8,8,11,16,17,17,18,18,22,23,24,26,29,29,30,31,31,31,35,35,36,36,41,43,44,44,43,46,46,46,48,48,48,48,52,53,53,53,53,53,53,52,52,52,53,53,53,53,54,54,54,54
84051059,US,USA,840,51059.0,Fairfax,Virginia,US,38.83677558,-77.27565836,"Fairfax, Virginia, US",0,0,0,0,0,0,0,0,0,0,0,0,0,0,0,0,0,0,0,0,0,0,0,0,0,0,0,0,0,0,0,0,0,0,0,0,0,0,0,0,0,0,0,0,0,0,2,2,3,3,5,6,10,10,10,12,14,16,16,22,31,43,46,76,79,124,156,188,224,244,288,328,372,387,426,488,532,570,690,777,946,1008,1164,1207,1298,1375,1476,1633,1809,1925,2077,2256,2362,2534,2745,2889,3002,3278,3448,3611,3897,4046,4340,4615,4834,5016,5045,5338,5610,5892,6200,6470,6666,6951,7159,7386,7643,7843,8020,8163,8580,8734,8945,8989,9482,9839,10069,10503,10738,10906,11110,11219,11426,11596,11815,11904,12056,12455,12603,12695,12746,12812,12863,12939,13017,13092,13103,13153,13209,13244,13341,13419
84051061,US,USA,840,51061.0,Fauquier,Virginia,US,38.73564842,-77.80647472,"Fauquier, Virginia, US",0,0,0,0,0,0,0,0,0,0,0,0,0,0,0,0,0,0,0,0,0,0,0,0,0,0,0,0,0,0,0,0,0,0,0,0,0,0,0,0,0,0,0,0,0,0,0,0,0,0,0,0,0,0,0,0,0,0,0,0,0,0,0,0,1,4,6,6,6,7,7,8,9,10,10,11,18,17,20,23,25,25,28,28,29,32,35,36,39,41,49,56,64,73,80,87,96,105,109,111,128,128,133,140,147,148,149,153,168,172,180,180,190,200,205,211,213,223,243,251,261,267,269,282,285,300,302,303,308,312,315,323,326,329,334,339,345,355,363,365,370,374,376,380,385,386,393,398,399,401,403,404
84051063,US,USA,840,51063.0,Floyd,Virginia,US,36.9302126,-80.36738849,"Floyd, Virginia, US",0,0,0,0,0,0,0,0,0,0,0,0,0,0,0,0,0,0,0,0,0,0,0,0,0,0,0,0,0,0,0,0,0,0,0,0,0,0,0,0,0,0,0,0,0,0,0,0,0,0,0,0,0,0,0,0,0,0,0,0,0,0,0,0,0,0,0,0,0,0,0,0,0,0,0,0,0,0,1,0,1,1,1,1,1,1,1,1,1,1,1,1,1,1,1,1,1,1,2,2,3,3,3,3,3,3,3,3,3,3,3,3,4,4,4,4,4,4,4,4,4,4,4,4,5,5,5,5,6,6,6,6,7,7,6,6,6,6,8,8,8,8,8,9,9,10,10,10,10,10,10,14
84051065,US,USA,840,51065.0,Fluvanna,Virginia,US,37.84157909,-78.27715475,"Fluvanna, Virginia, US",0,0,0,0,0,0,0,0,0,0,0,0,0,0,0,0,0,0,0,0,0,0,0,0,0,0,0,0,0,0,0,0,0,0,0,0,0,0,0,0,0,0,0,0,0,0,0,0,0,0,0,0,0,0,0,0,0,0,0,0,1,1,1,1,3,3,3,3,3,3,3,4,5,5,7,9,9,12,16,15,19,21,23,40,62,64,64,66,66,68,68,69,72,72,72,72,73,73,73,73,74,76,76,76,76,76,78,78,79,79,79,78,79,79,79,81,81,82,82,82,83,84,84,84,85,87,87,88,90,91,92,92,92,92,94,94,94,94,95,95,98,98,101,101,102,102,102,103,103,103,104,105
84051067,US,USA,840,51067.0,Franklin,Virginia,US,36.99536167,-79.88023649,"Franklin, Virginia, US",0,0,0,0,0,0,0,0,0,0,0,0,0,0,0,0,0,0,0,0,0,0,0,0,0,0,0,0,0,0,0,0,0,0,0,0,0,0,0,0,0,0,0,0,0,0,0,0,0,0,0,0,0,0,0,0,0,0,1,1,1,1,1,1,1,1,1,5,5,5,5,6,9,10,10,10,11,12,13,13,14,14,14,15,15,15,15,15,15,16,16,17,17,19,19,19,19,20,21,21,21,22,23,23,23,23,24,25,26,27,28,28,30,30,30,30,30,30,30,30,30,31,32,32,33,34,35,35,35,36,36,36,36,36,37,38,39,40,40,41,41,42,42,43,43,43,43,46,46,48,48,50
84051069,US,USA,840,51069.0,Frederick,Virginia,US,39.20172582,-78.25974949,"Frederick, Virginia, US",0,0,0,0,0,0,0,0,0,0,0,0,0,0,0,0,0,0,0,0,0,0,0,0,0,0,0,0,0,0,0,0,0,0,0,0,0,0,0,0,0,0,0,0,0,0,0,0,0,0,0,0,0,0,0,0,0,0,0,0,0,0,0,2,2,4,4,8,10,12,15,16,20,24,27,31,43,46,54,62,63,65,66,71,73,72,76,81,81,81,83,86,87,87,93,93,95,97,101,105,115,115,121,126,132,144,147,150,162,164,166,175,182,191,195,209,211,217,223,234,245,249,255,262,271,272,296,319,331,344,349,359,371,378,384,388,393,410,409,413,415,416,423,428,433,435,435,440,444,446,449,456
84051071,US,USA,840,51071.0,Giles,Virginia,US,37.31234791,-80.70636931,"Giles, Virginia, US",0,0,0,0,0,0,0,0,0,0,0,0,0,0,0,0,0,0,0,0,0,0,0,0,0,0,0,0,0,0,0,0,0,0,0,0,0,0,0,0,0,0,0,0,0,0,0,0,0,0,0,0,0,0,0,0,0,0,0,0,0,0,0,0,0,0,0,0,0,0,0,0,0,0,0,1,2,2,2,2,2,3,4,4,4,4,4,4,4,4,4,4,4,4,4,4,4,4,4,4,4,4,4,4,4,4,4,4,8,8,8,8,5,5,5,5,5,5,5,5,5,5,5,5,5,5,5,5,5,5,5,5,5,5,5,5,5,5,5,5,5,5,5,5,6,6,6,6,6,6,7,7
84051073,US,USA,840,51073.0,Gloucester,Virginia,US,37.40809042,-76.53524337,"Gloucester, Virginia, US",0,0,0,0,0,0,0,0,0,0,0,0,0,0,0,0,0,0,0,0,0,0,0,0,0,0,0,0,0,0,0,0,0,0,0,0,0,0,0,0,0,0,0,0,0,0,0,0,0,0,0,0,0,0,0,0,0,1,1,2,2,2,2,2,2,3,6,6,7,7,8,8,8,9,10,12,15,16,16,18,20,20,20,20,20,20,20,21,21,21,21,21,21,21,22,22,22,22,23,23,24,24,25,27,26,26,27,27,27,27,27,27,28,28,28,28,28,28,28,29,30,30,30,30,30,30,30,30,30,31,31,31,31,31,31,32,32,32,33,33,33,34,35,36,37,38,38,38,40,41,42,42
84051075,US,USA,840,51075.0,Goochland,Virginia,US,37.71714806,-77.90381514,"Goochland, Virginia, US",0,0,0,0,0,0,0,0,0,0,0,0,0,0,0,0,0,0,0,0,0,0,0,0,0,0,0,0,0,0,0,0,0,0,0,0,0,0,0,0,0,0,0,0,0,0,0,0,0,0,0,0,0,0,0,1,1,1,1,1,2,2,3,3,3,3,5,6,6,7,7,9,8,10,15,17,22,24,24,26,26,32,38,39,40,41,52,55,55,58,62,63,63,69,69,70,72,74,74,76,78,78,79,80,80,81,81,81,81,81,81,82,82,86,86,87,87,88,88,88,89,89,90,90,93,93,94,93,95,96,99,99,101,103,103,105,105,107,107,108,106,109,112,114,114,116,116,116,116,115,115,115
84051077,US,USA,840,51077.0,Grayson,Virginia,US,36.65677234,-81.23215889,"Grayson, Virginia, US",0,0,0,0,0,0,0,0,0,0,0,0,0,0,0,0,0,0,0,0,0,0,0,0,0,0,0,0,0,0,0,0,0,0,0,0,0,0,0,0,0,0,0,0,0,0,0,0,0,0,0,0,0,0,0,0,0,0,0,0,0,0,0,0,0,0,0,0,0,0,0,0,0,0,0,0,0,0,0,0,0,0,0,0,0,0,0,0,0,0,0,0,0,0,0,0,0,1,1,2,2,2,2,4,5,5,5,5,5,12,15,16,18,18,19,20,21,21,21,22,22,24,24,26,30,31,32,32,34,37,38,38,40,42,46,46,48,53,54,55,60,63,63,66,66,66,66,68,69,74,77,79
84051079,US,USA,840,51079.0,Greene,Virginia,US,38.29545894,-78.46525378,"Greene, Virginia, US",0,0,0,0,0,0,0,0,0,0,0,0,0,0,0,0,0,0,0,0,0,0,0,0,0,0,0,0,0,0,0,0,0,0,0,0,0,0,0,0,0,0,0,0,0,0,0,0,0,0,0,0,0,0,0,0,0,0,0,0,0,0,0,0,0,1,1,1,1,1,1,1,1,2,3,4,4,4,4,4,4,4,5,5,5,5,7,8,8,8,8,9,10,10,10,10,10,9,10,10,10,10,10,12,13,13,13,14,14,15,15,16,16,16,16,19,19,19,19,20,20,21,21,22,23,25,27,28,31,34,34,34,34,34,34,35,38,43,44,44,44,45,45,45,45,45,45,46,48,48,48,49
84051081,US,USA,840,51081.0,Greensville,Virginia,US,36.67878901,-77.56351439,"Greensville, Virginia, US",0,0,0,0,0,0,0,0,0,0,0,0,0,0,0,0,0,0,0,0,0,0,0,0,0,0,0,0,0,0,0,0,0,0,0,0,0,0,0,0,0,0,0,0,0,0,0,0,0,0,0,0,0,0,0,0,0,0,0,0,0,0,0,0,0,0,0,1,3,3,3,3,4,4,4,4,5,5,6,7,8,8,10,15,16,16,18,18,18,21,23,24,30,30,30,30,36,36,38,39,39,39,39,41,41,43,44,44,44,46,47,48,49,49,50,50,50,50,54,55,55,55,55,55,55,57,58,63,69,73,73,74,100,150,213,229,239,254,255,277,300,303,306,336,343,344,342,343,344,344,343,343
84051083,US,USA,840,51083.0,Halifax,Virginia,US,36.76654925,-78.93512622,"Halifax, Virginia, US",0,0,0,0,0,0,0,0,0,0,0,0,0,0,0,0,0,0,0,0,0,0,0,0,0,0,0,0,0,0,0,0,0,0,0,0,0,0,0,0,0,0,0,0,0,0,0,0,0,0,0,0,0,0,0,0,0,0,0,0,0,0,1,1,1,1,1,1,1,1,1,1,1,1,2,2,2,2,4,5,7,7,7,7,7,7,7,8,8,10,12,12,13,16,16,17,17,17,17,18,18,19,19,19,18,18,19,20,22,22,22,24,25,27,27,27,27,27,29,29,29,29,29,29,29,30,30,30,30,30,30,30,30,30,31,31,31,32,32,32,32,32,32,35,37,37,38,39,39,39,39,39
84051085,US,USA,840,51085.0,Hanover,Virginia,US,37.7583355,-77.49464673,"Hanover, Virginia, US",0,0,0,0,0,0,0,0,0,0,0,0,0,0,0,0,0,0,0,0,0,0,0,0,0,0,0,0,0,0,0,0,0,0,0,0,0,0,0,0,0,0,0,0,0,0,0,0,0,1,1,1,1,1,1,1,1,1,1,1,1,2,1,2,2,2,3,4,5,6,6,8,12,12,12,13,19,22,29,31,38,38,39,52,53,61,70,79,84,91,93,97,99,100,103,105,108,109,113,118,132,133,137,141,145,153,154,155,163,170,171,174,183,198,208,215,220,225,232,238,244,246,252,252,275,301,309,316,320,322,326,327,335,331,336,338,340,348,347,351,354,357,362,368,371,374,375,378,380,387,397,403
84051087,US,USA,840,51087.0,Henrico,Virginia,US,37.53460572,-77.39326555,"Henrico, Virginia, US",0,0,0,0,0,0,0,0,0,0,0,0,0,0,0,0,0,0,0,0,0,0,0,0,0,0,0,0,0,0,0,0,0,0,0,0,0,0,0,0,0,0,0,0,0,0,0,0,0,0,0,0,0,0,1,2,2,3,3,7,8,11,14,20,21,28,31,40,44,62,78,87,112,174,194,207,267,291,319,342,368,379,397,432,453,497,532,559,584,598,621,684,718,729,764,792,817,835,846,876,898,926,954,964,985,1000,1025,1032,1054,1067,1083,1106,1146,1174,1198,1226,1252,1272,1299,1321,1339,1375,1411,1446,1492,1546,1579,1624,1678,1754,1820,1858,1919,1933,1946,1983,2033,2096,2128,2146,2162,2170,2193,2234,2264,2289,2311,2332,2342,2368,2383,2413
84051089,US,USA,840,51089.0,Henry,Virginia,US,36.68542395,-79.87634026,"Henry, Virginia, US",0,0,0,0,0,0,0,0,0,0,0,0,0,0,0,0,0,0,0,0,0,0,0,0,0,0,0,0,0,0,0,0,0,0,0,0,0,0,0,0,0,0,0,0,0,0,0,0,0,0,0,0,0,0,0,0,0,0,0,0,0,0,0,0,0,0,0,0,1,1,2,2,3,3,3,3,4,4,5,5,8,8,8,8,8,8,10,10,10,10,10,10,10,12,13,14,15,16,16,16,16,19,19,19,19,20,20,21,22,22,25,27,28,28,30,34,36,43,46,50,53,59,63,67,77,84,92,95,99,104,113,114,136,145,152,155,159,166,169,174,182,188,193,198,199,202,210,212,214,224,227,226
84051091,US,USA,840,51091.0,Highland,Virginia,US,38.35799465,-79.56124594,"Highland, Virginia, US",0,0,0,0,0,0,0,0,0,0,0,0,0,0,0,0,0,0,0,0,0,0,0,0,0,0,0,0,0,0,0,0,0,0,0,0,0,0,0,0,0,0,0,0,0,0,0,0,0,0,0,0,0,0,0,0,0,0,0,0,0,0,0,0,0,0,0,0,0,0,0,0,0,0,0,0,0,0,0,0,0,0,0,0,0,0,0,0,0,0,0,1,1,1,1,1,1,2,2,2,2,2,2,2,2,2,2,2,2,2,2,2,2,2,2,2,2,2,2,2,3,3,3,3,3,3,3,3,3,3,3,3,3,3,3,3,3,3,3,3,2,2,2,2,3,3,3,3,3,3,3,3
84051093,US,USA,840,51093.0,Isle of Wight,Virginia,US,36.90579348,-76.70842863,"Isle of Wight, Virginia, US",0,0,0,0,0,0,0,0,0,0,0,0,0,0,0,0,0,0,0,0,0,0,0,0,0,0,0,0,0,0,0,0,0,0,0,0,0,0,0,0,0,0,0,0,0,0,0,0,0,0,0,0,0,0,0,0,0,0,0,1,1,1,2,2,2,2,3,3,3,4,5,8,11,18,18,22,23,23,24,24,28,31,33,60,60,63,69,83,86,86,88,90,91,91,91,93,93,96,96,99,99,99,99,99,100,101,103,105,108,110,112,113,113,114,115,115,115,119,119,120,121,122,124,124,125,125,125,126,127,128,128,128,132,133,133,137,142,142,145,149,150,150,150,154,156,156,158,158,158,159,161,161
84051095,US,USA,840,51095.0,James City,Virginia,US,37.31156958,-76.76950618,"James City, Virginia, US",0,0,0,0,0,0,0,0,0,0,0,0,0,0,0,0,0,0,0,0,0,0,0,0,0,0,0,0,0,0,0,0,0,0,0,0,0,0,0,0,0,0,0,0,0,0,0,0,0,0,0,7,8,8,8,12,13,14,19,20,32,34,37,41,49,55,65,70,73,89,95,97,104,111,117,118,119,122,123,125,126,126,126,128,132,135,138,139,141,141,146,147,149,150,151,153,154,155,155,158,160,161,163,167,166,166,167,170,169,173,173,174,174,174,179,179,186,187,189,189,189,191,192,196,197,200,200,202,202,202,205,206,210,211,211,211,211,216,217,224,224,225,230,231,233,233,236,236,237,238,239,242
84051097,US,USA,840,51097.0,King and Queen,Virginia,US,37.71044922,-76.88689628,"King and Queen, Virginia, US",0,0,0,0,0,0,0,0,0,0,0,0,0,0,0,0,0,0,0,0,0,0,0,0,0,0,0,0,0,0,0,0,0,0,0,0,0,0,0,0,0,0,0,0,0,0,0,0,0,0,0,0,0,0,0,0,0,0,0,0,0,0,0,0,0,0,0,0,0,1,1,1,1,1,1,1,1,1,2,2,2,2,2,2,2,2,2,2,2,2,2,2,2,2,2,2,2,2,2,2,2,3,3,3,3,3,4,4,5,5,5,6,6,7,7,7,7,7,7,7,7,7,7,7,7,7,8,10,10,10,13,13,13,13,21,21,22,24,24,23,24,24,24,24,24,24,24,24,24,24,24,24
84051099,US,USA,840,51099.0,King George,Virginia,US,38.26818502,-77.15852768,"King George, Virginia, US",0,0,0,0,0,0,0,0,0,0,0,0,0,0,0,0,0,0,0,0,0,0,0,0,0,0,0,0,0,0,0,0,0,0,0,0,0,0,0,0,0,0,0,0,0,0,0,0,0,0,0,0,0,0,0,0,0,0,0,0,0,0,0,0,0,1,2,2,3,3,4,4,6,8,8,10,10,11,13,14,13,14,14,16,17,18,18,18,18,18,19,20,21,23,25,27,28,30,30,32,34,34,35,35,36,38,38,38,38,41,42,44,44,44,45,47,48,48,48,48,49,50,52,54,56,60,60,62,62,65,68,69,70,70,72,72,73,78,78,79,83,83,87,87,88,88,91,93,95,95,96,96
84051101,US,USA,840,51101.0,King William,Virginia,US,37.70965316,-77.09384941,"King William, Virginia, US",0,0,0,0,0,0,0,0,0,0,0,0,0,0,0,0,0,0,0,0,0,0,0,0,0,0,0,0,0,0,0,0,0,0,0,0,0,0,0,0,0,0,0,0,0,0,0,0,0,0,0,0,0,0,0,0,0,0,0,0,0,0,0,0,0,0,0,0,1,1,1,1,1,1,2,2,2,2,2,2,2,2,2,2,2,2,2,2,2,2,2,2,3,3,5,5,5,5,5,5,5,9,9,9,10,11,11,11,11,11,12,12,12,12,13,14,14,15,15,15,16,19,20,20,24,24,25,26,26,30,30,31,31,31,31,31,32,32,32,32,32,32,32,33,33,33,33,33,33,33,35,36
84051103,US,USA,840,51103.0,Lancaster,Virginia,US,37.71889653,-76.46400482,"Lancaster, Virginia, US",0,0,0,0,0,0,0,0,0,0,0,0,0,0,0,0,0,0,0,0,0,0,0,0,0,0,0,0,0,0,0,0,0,0,0,0,0,0,0,0,0,0,0,0,0,0,0,0,0,0,0,0,0,0,0,0,0,0,0,0,0,0,0,0,0,0,1,1,1,1,1,1,1,1,1,1,1,1,1,1,1,1,1,1,1,1,1,1,1,1,1,1,1,1,1,1,1,1,1,2,3,3,4,5,5,5,6,6,6,6,6,7,7,7,7,7,7,7,7,7,8,10,10,10,10,10,10,10,10,10,10,10,10,10,10,10,10,10,10,10,10,11,11,11,11,11,11,11,11,11,12,12
84051105,US,USA,840,51105.0,Lee,Virginia,US,36.70586667,-83.12606515,"Lee, Virginia, US",0,0,0,0,0,0,0,0,0,0,0,0,0,0,0,0,0,0,0,0,0,0,0,0,0,0,0,0,0,0,0,0,0,0,0,0,0,0,0,0,0,0,0,0,0,0,0,0,0,0,0,0,0,0,0,0,0,0,0,2,2,2,2,2,2,2,2,2,2,2,2,2,2,2,2,2,2,3,3,3,6,6,7,7,6,6,7,7,7,7,7,7,7,8,8,8,8,9,9,9,10,10,10,10,10,10,10,10,10,10,10,10,10,10,10,10,10,10,10,10,10,9,9,9,9,9,9,9,9,9,9,9,9,9,9,9,9,10,10,9,9,9,9,9,9,9,9,9,9,9,9,9
84051107,US,USA,840,51107.0,Loudoun,Virginia,US,39.08990083,-77.63481877,"Loudoun, Virginia, US",0,0,0,0,0,0,0,0,0,0,0,0,0,0,0,0,0,0,0,0,0,0,0,0,0,0,0,0,0,0,0,0,0,0,0,0,0,0,0,0,0,0,0,0,0,0,0,0,1,1,2,3,5,5,5,5,5,5,9,14,15,15,18,20,28,43,54,61,61,87,105,121,130,150,167,188,209,238,258,274,296,309,324,344,367,378,385,413,425,446,468,475,498,529,564,596,628,688,727,746,832,881,931,961,998,1025,1043,1070,1127,1159,1195,1210,1283,1339,1374,1430,1446,1486,1527,1579,1700,1807,1831,1821,2047,2186,2274,2318,2429,2529,2575,2611,2636,2659,2794,2837,2939,3094,3147,3174,3180,3229,3280,3321,3384,3404,3439,3458,3499,3504,3543,3585
84051109,US,USA,840,51109.0,Louisa,Virginia,US,37.97850256,-77.96274807,"Louisa, Virginia, US",0,0,0,0,0,0,0,0,0,0,0,0,0,0,0,0,0,0,0,0,0,0,0,0,0,0,0,0,0,0,0,0,0,0,0,0,0,0,0,0,0,0,0,0,0,0,0,0,0,0,0,0,0,0,0,0,0,0,0,0,1,2,2,3,4,5,6,6,8,9,12,12,12,13,14,14,14,16,17,20,25,25,27,27,29,30,33,33,33,33,35,37,38,38,39,40,41,41,41,43,45,46,46,49,50,50,51,53,55,55,56,56,59,59,59,59,59,60,60,61,64,67,67,69,69,73,75,76,76,78,79,79,81,81,84,85,92,92,94,94,94,95,98,98,98,99,99,101,102,102,108,109
84051111,US,USA,840,51111.0,Lunenburg,Virginia,US,36.94618528,-78.24133319,"Lunenburg, Virginia, US",0,0,0,0,0,0,0,0,0,0,0,0,0,0,0,0,0,0,0,0,0,0,0,0,0,0,0,0,0,0,0,0,0,0,0,0,0,0,0,0,0,0,0,0,0,0,0,0,0,0,0,0,0,0,0,0,0,0,0,0,0,0,0,0,0,0,0,0,0,0,0,0,0,0,0,0,2,2,2,2,3,3,4,4,3,3,3,3,3,3,3,3,3,3,4,4,4,4,4,4,4,4,4,4,4,4,4,5,6,6,6,6,6,6,7,7,7,7,7,7,7,7,7,8,8,10,10,11,12,13,13,13,15,15,16,17,17,17,17,18,18,18,19,20,21,21,21,21,21,21,21,22
84051113,US,USA,840,51113.0,Madison,Virginia,US,38.41531222,-78.28220331,"Madison, Virginia, US",0,0,0,0,0,0,0,0,0,0,0,0,0,0,0,0,0,0,0,0,0,0,0,0,0,0,0,0,0,0,0,0,0,0,0,0,0,0,0,0,0,0,0,0,0,0,0,0,0,0,0,0,0,0,0,0,0,0,0,0,0,0,1,1,1,2,3,3,3,3,3,3,2,2,3,4,4,5,5,5,6,6,6,7,8,8,8,8,8,8,12,12,14,14,14,14,14,14,14,14,14,15,15,16,17,18,18,20,20,21,21,21,22,23,23,24,24,24,27,27,27,27,27,32,32,37,38,38,39,40,41,41,41,41,41,41,41,41,41,41,41,41,42,42,42,42,42,42,42,42,42,43
84051115,US,USA,840,51115.0,Mathews,Virginia,US,37.44164146,-76.34098896,"Mathews, Virginia, US",0,0,0,0,0,0,0,0,0,0,0,0,0,0,0,0,0,0,0,0,0,0,0,0,0,0,0,0,0,0,0,0,0,0,0,0,0,0,0,0,0,0,0,0,0,0,0,0,0,0,0,0,0,0,0,0,0,0,0,0,0,0,0,1,1,1,2,4,2,2,2,2,2,2,2,2,2,2,2,2,2,2,3,3,3,3,3,3,3,3,3,3,3,3,4,4,4,4,4,4,4,4,4,4,4,4,4,4,5,5,5,5,5,5,5,5,5,5,5,5,5,5,5,5,5,5,5,5,5,5,5,5,5,5,5,5,5,5,5,5,5,5,5,5,5,5,5,5,5,5,5,5
84051117,US,USA,840,51117.0,Mecklenburg,Virginia,US,36.67882005,-78.36131056,"Mecklenburg, Virginia, US",0,0,0,0,0,0,0,0,0,0,0,0,0,0,0,0,0,0,0,0,0,0,0,0,0,0,0,0,0,0,0,0,0,0,0,0,0,0,0,0,0,0,0,0,0,0,0,0,0,0,0,0,0,0,0,0,0,0,1,1,1,1,2,3,3,4,4,4,4,4,4,5,7,8,12,12,12,16,25,48,53,55,57,57,57,61,62,64,65,65,68,69,71,74,85,94,98,100,100,100,103,104,106,106,106,107,109,111,118,122,134,138,138,146,152,164,167,169,178,178,185,192,193,200,205,211,212,214,214,217,217,218,218,219,219,220,222,224,224,224,224,225,226,226,226,229,231,231,233,234,234,234
84051119,US,USA,840,51119.0,Middlesex,Virginia,US,37.63191998,-76.55064617,"Middlesex, Virginia, US",0,0,0,0,0,0,0,0,0,0,0,0,0,0,0,0,0,0,0,0,0,0,0,0,0,0,0,0,0,0,0,0,0,0,0,0,0,0,0,0,0,0,0,0,0,0,0,0,0,0,0,0,0,0,0,0,0,0,0,0,0,0,0,0,0,0,0,0,0,0,0,0,0,0,0,0,0,0,2,3,3,3,3,3,3,3,3,3,3,3,3,3,3,3,4,4,4,4,4,8,7,7,7,7,7,7,7,10,10,10,10,10,10,11,11,12,12,12,12,12,12,12,12,12,12,14,14,14,14,15,15,15,15,15,15,14,14,14,14,14,14,14,14,14,14,14,14,14,14,14,15,15
84051121,US,USA,840,51121.0,Montgomery,Virginia,US,37.17746986,-80.37868691,"Montgomery, Virginia, US",0,0,0,0,0,0,0,0,0,0,0,0,0,0,0,0,0,0,0,0,0,0,0,0,0,0,0,0,0,0,0,0,0,0,0,0,0,0,0,0,0,0,0,0,0,0,0,0,0,0,0,0,0,0,0,0,0,0,0,0,0,0,0,0,0,1,1,1,1,1,1,1,1,6,6,7,16,16,17,18,31,32,32,33,34,34,40,42,42,44,48,50,50,50,51,51,54,54,55,56,56,56,56,59,61,61,61,61,64,65,66,66,66,66,66,66,66,66,66,66,67,67,69,69,69,69,70,72,73,73,77,78,80,80,82,85,91,91,94,95,96,96,96,96,96,95,97,97,97,97,107,110
84051125,US,USA,840,51125.0,Nelson,Virginia,US,37.78790447,-78.88498513,"Nelson, Virginia, US",0,0,0,0,0,0,0,0,0,0,0,0,0,0,0,0,0,0,0,0,0,0,0,0,0,0,0,0,0,0,0,0,0,0,0,0,0,0,0,0,0,0,0,0,0,0,0,0,0,0,0,0,0,0,0,0,0,0,0,0,0,0,1,1,1,1,2,2,2,2,2,2,2,2,2,2,2,3,3,4,4,5,5,5,5,5,5,5,5,5,6,7,7,7,7,7,7,7,7,8,8,8,8,9,9,9,9,10,10,10,10,12,12,12,12,12,12,12,13,13,13,13,13,13,14,15,16,16,16,17,17,17,17,17,17,17,17,17,17,17,17,18,18,18,18,18,18,18,18,18,18,18
84051127,US,USA,840,51127.0,New Kent,Virginia,US,37.50694406,-76.99828634,"New Kent, Virginia, US",0,0,0,0,0,0,0,0,0,0,0,0,0,0,0,0,0,0,0,0,0,0,0,0,0,0,0,0,0,0,0,0,0,0,0,0,0,0,0,0,0,0,0,0,0,0,0,0,0,0,0,0,0,0,0,0,0,0,0,0,0,0,0,0,0,0,1,1,1,1,1,3,6,8,9,12,12,11,11,13,12,12,13,15,16,16,17,17,17,18,20,20,20,20,20,20,20,21,23,23,23,23,25,26,26,26,26,26,26,26,26,26,28,28,26,26,26,26,27,27,26,26,27,27,29,35,35,36,36,36,36,36,38,38,39,39,43,44,44,45,45,45,44,45,46,46,46,47,48,48,48,49
84051131,US,USA,840,51131.0,Northampton,Virginia,US,37.34062933,-75.87751591,"Northampton, Virginia, US",0,0,0,0,0,0,0,0,0,0,0,0,0,0,0,0,0,0,0,0,0,0,0,0,0,0,0,0,0,0,0,0,0,0,0,0,0,0,0,0,0,0,0,0,0,0,0,0,0,0,0,0,0,0,0,0,0,0,0,0,0,0,0,0,0,1,1,1,1,1,1,1,2,2,2,2,2,2,2,4,4,4,4,4,4,4,5,5,7,7,7,8,12,15,20,24,28,35,36,64,82,94,134,139,140,143,149,149,159,163,170,171,174,184,193,196,198,198,204,205,206,206,210,213,216,221,225,227,228,230,237,241,243,245,247,249,251,255,255,256,257,259,259,261,262,262,264,265,267,267,268,270
84051133,US,USA,840,51133.0,Northumberland,Virginia,US,37.89202088,-76.41949732,"Northumberland, Virginia, US",0,0,0,0,0,0,0,0,0,0,0,0,0,0,0,0,0,0,0,0,0,0,0,0,0,0,0,0,0,0,0,0,0,0,0,0,0,0,0,0,0,0,0,0,0,0,0,0,0,0,0,0,0,0,0,0,0,0,0,0,0,0,0,0,0,2,2,2,2,3,3,3,3,3,3,3,3,3,3,3,4,4,4,4,4,5,5,5,5,5,5,5,6,6,8,8,8,8,8,9,9,9,9,9,9,9,9,9,9,10,10,10,11,15,15,17,18,18,20,21,21,22,22,22,23,23,23,25,25,25,25,25,25,25,25,25,25,25,25,25,25,25,25,26,26,27,27,27,27,28,28,28
84051135,US,USA,840,51135.0,Nottoway,Virginia,US,37.1435975,-78.05065922,"Nottoway, Virginia, US",0,0,0,0,0,0,0,0,0,0,0,0,0,0,0,0,0,0,0,0,0,0,0,0,0,0,0,0,0,0,0,0,0,0,0,0,0,0,0,0,0,0,0,0,0,0,0,0,0,0,0,0,0,0,0,0,0,0,0,0,0,0,0,1,1,1,1,1,1,1,1,1,1,1,1,1,3,3,3,3,4,5,5,5,5,5,5,6,8,8,8,8,8,10,11,11,11,11,12,12,13,13,13,14,14,14,14,14,14,14,14,14,14,14,16,16,16,18,18,18,19,19,19,19,19,20,21,24,25,28,29,33,39,40,40,44,48,48,50,50,51,58,63,65,67,67,68,68,74,80,80,79
84051137,US,USA,840,51137.0,Orange,Virginia,US,38.24530219,-78.01560400000002,"Orange, Virginia, US",0,0,0,0,0,0,0,0,0,0,0,0,0,0,0,0,0,0,0,0,0,0,0,0,0,0,0,0,0,0,0,0,0,0,0,0,0,0,0,0,0,0,0,0,0,0,0,0,0,0,0,0,0,0,0,0,0,0,0,0,0,0,1,1,1,1,1,1,1,2,4,4,4,5,5,5,7,7,9,14,13,13,14,15,17,18,19,20,20,21,21,22,22,22,25,26,26,27,27,31,36,37,37,39,41,42,43,43,44,46,47,48,50,50,51,53,56,60,67,69,73,73,77,80,81,86,91,92,97,101,102,106,110,111,115,119,117,117,117,118,119,119,124,124,130,131,133,135,136,136,137,137
84051139,US,USA,840,51139.0,Page,Virginia,US,38.61807452,-78.48797204,"Page, Virginia, US",0,0,0,0,0,0,0,0,0,0,0,0,0,0,0,0,0,0,0,0,0,0,0,0,0,0,0,0,0,0,0,0,0,0,0,0,0,0,0,0,0,0,0,0,0,0,0,0,0,0,0,0,0,0,0,0,0,0,0,0,0,0,0,0,0,0,0,0,0,1,1,1,2,2,2,2,3,3,5,5,6,6,6,6,6,7,10,13,13,14,14,16,22,30,82,84,87,89,91,100,104,107,109,113,113,120,122,123,128,128,129,129,140,143,145,158,161,161,165,166,166,172,186,188,197,199,208,213,214,219,220,225,230,231,231,233,237,244,245,246,247,249,250,251,251,252,256,256,259,261,261,263
84051141,US,USA,840,51141.0,Patrick,Virginia,US,36.680163799999995,-80.2865648,"Patrick, Virginia, US",0,0,0,0,0,0,0,0,0,0,0,0,0,0,0,0,0,0,0,0,0,0,0,0,0,0,0,0,0,0,0,0,0,0,0,0,0,0,0,0,0,0,0,0,0,0,0,0,0,0,0,0,0,0,0,0,0,0,0,0,0,0,0,0,0,0,0,0,0,0,0,0,0,0,0,0,0,0,0,0,0,0,0,0,0,0,0,0,0,0,1,1,1,2,2,2,2,2,2,2,2,2,2,2,2,3,4,4,4,4,4,5,6,6,6,6,6,8,9,10,12,12,13,14,14,14,15,18,18,18,19,19,19,21,22,23,27,28,28,28,28,29,31,31,31,32,32,33,36,36,36,38
84051143,US,USA,840,51143.0,Pittsylvania,Virginia,US,36.81980341,-79.39731264,"Pittsylvania, Virginia, US",0,0,0,0,0,0,0,0,0,0,0,0,0,0,0,0,0,0,0,0,0,0,0,0,0,0,0,0,0,0,0,0,0,0,0,0,0,0,0,0,0,0,0,0,0,0,0,0,0,0,0,0,0,0,0,0,0,0,0,0,0,0,0,0,1,1,1,1,1,1,1,1,1,2,2,3,3,3,4,4,4,4,4,4,4,5,6,6,6,6,7,9,11,11,11,11,11,11,12,13,13,14,14,15,16,17,17,17,17,17,17,17,17,17,18,23,24,24,26,26,26,27,28,32,35,35,35,38,39,40,44,44,45,45,45,47,47,50,50,50,54,56,59,60,69,70,70,73,76,76,82,85
84051145,US,USA,840,51145.0,Powhatan,Virginia,US,37.55016038,-77.91267882,"Powhatan, Virginia, US",0,0,0,0,0,0,0,0,0,0,0,0,0,0,0,0,0,0,0,0,0,0,0,0,0,0,0,0,0,0,0,0,0,0,0,0,0,0,0,0,0,0,0,0,0,0,0,0,0,0,0,0,0,0,0,0,0,0,0,0,0,0,0,0,0,0,1,1,3,4,3,3,4,4,4,4,4,4,4,4,5,5,5,5,5,5,7,9,9,8,8,9,9,9,11,11,11,11,12,13,14,14,15,15,15,16,17,18,18,18,18,21,22,23,23,24,24,24,25,25,26,26,29,29,29,29,29,30,32,32,35,35,36,36,36,37,44,45,47,47,48,48,50,51,51,51,53,54,55,59,61,62
84051147,US,USA,840,51147.0,Prince Edward,Virginia,US,37.22554789,-78.43597949,"Prince Edward, Virginia, US",0,0,0,0,0,0,0,0,0,0,0,0,0,0,0,0,0,0,0,0,0,0,0,0,0,0,0,0,0,0,0,0,0,0,0,0,0,0,0,0,0,0,0,0,0,0,0,0,0,0,0,1,1,1,1,1,1,1,1,1,1,1,1,2,2,2,2,2,2,2,2,2,2,3,3,3,3,3,3,5,8,9,13,13,15,15,17,17,17,17,19,19,29,34,37,41,41,41,46,49,51,55,55,55,58,62,63,65,66,66,66,68,69,72,72,73,73,77,83,86,99,104,108,108,108,122,129,129,129,134,134,137,143,143,146,146,148,148,151,151,153,155,161,161,162,170,171,171,173,173,173,173
84051149,US,USA,840,51149.0,Prince George,Virginia,US,37.18497668,-77.22922187,"Prince George, Virginia, US",0,0,0,0,0,0,0,0,0,0,0,0,0,0,0,0,0,0,0,0,0,0,0,0,0,0,0,0,0,0,0,0,0,0,0,0,0,0,0,0,0,0,0,0,0,0,0,0,0,0,0,0,0,0,0,0,0,0,0,0,0,0,0,0,0,2,2,4,5,7,8,8,10,16,18,18,21,24,25,26,26,26,27,27,27,26,28,28,28,28,28,28,29,29,30,30,31,31,33,33,34,35,35,40,40,40,42,42,42,44,45,45,46,48,49,49,49,52,56,56,56,56,60,60,60,71,79,81,121,126,126,129,135,135,142,142,146,148,150,153,153,158,158,162,163,167,168,169,170,179,191,213
84051153,US,USA,840,51153.0,Prince William,Virginia,US,38.70916224,-77.48713689,"Prince William, Virginia, US",0,0,0,0,0,0,0,0,0,0,0,0,0,0,0,0,0,0,0,0,0,0,0,0,0,0,0,0,0,0,0,0,0,0,0,0,0,0,0,0,0,0,0,0,0,0,0,0,0,0,0,1,2,2,3,4,4,11,12,14,18,18,23,32,36,44,56,72,79,94,106,117,131,159,175,193,236,263,299,337,390,389,434,508,536,582,644,700,742,793,867,924,1027,1110,1184,1265,1353,1449,1527,1645,1781,1900,2026,2146,2223,2304,2398,2474,2548,2740,2991,3078,3181,3351,3421,3563,3666,3759,3934,4054,4183,4315,4408,4468,4702,4992,5074,5157,5270,5412,5533,5663,5724,5837,5932,6030,6121,6207,6278,6336,6376,6396,6439,6509,6580,6608,6621,6654,6684,6756,6807,6879
84051155,US,USA,840,51155.0,Pulaski,Virginia,US,37.06474963,-80.71229738,"Pulaski, Virginia, US",0,0,0,0,0,0,0,0,0,0,0,0,0,0,0,0,0,0,0,0,0,0,0,0,0,0,0,0,0,0,0,0,0,0,0,0,0,0,0,0,0,0,0,0,0,0,0,0,0,0,0,0,0,0,0,0,0,0,0,0,0,0,0,0,0,0,0,0,0,0,0,0,1,1,1,1,2,2,3,4,4,4,4,4,4,5,8,8,8,8,8,9,9,10,10,10,10,9,9,9,9,9,9,9,9,9,9,9,9,9,9,9,9,10,10,10,10,10,10,10,10,10,10,10,11,12,14,18,19,19,19,19,20,21,21,21,24,27,28,28,30,30,30,30,30,30,30,30,31,31,36,36
84051157,US,USA,840,51157.0,Rappahannock,Virginia,US,38.68295619,-78.15826963,"Rappahannock, Virginia, US",0,0,0,0,0,0,0,0,0,0,0,0,0,0,0,0,0,0,0,0,0,0,0,0,0,0,0,0,0,0,0,0,0,0,0,0,0,0,0,0,0,0,0,0,0,0,0,0,0,0,0,0,0,0,0,0,0,0,0,0,0,0,0,0,0,0,0,0,0,0,0,0,0,0,0,0,1,1,1,1,1,1,1,1,1,1,1,1,1,1,1,1,1,1,2,2,2,3,3,5,5,6,6,6,6,6,7,6,7,8,10,10,10,10,11,12,12,12,12,12,12,12,12,12,13,13,13,13,13,13,13,13,14,14,15,15,18,17,15,16,16,16,16,17,17,17,17,17,16,16,17,16
84051159,US,USA,840,51159.0,Richmond,Virginia,US,37.937575,-76.72920628,"Richmond, Virginia, US",0,0,0,0,0,0,0,0,0,0,0,0,0,0,0,0,0,0,0,0,0,0,0,0,0,0,0,0,0,0,0,0,0,0,0,0,0,0,0,0,0,0,0,0,0,0,0,0,0,0,0,0,0,0,0,0,0,0,0,0,6,0,0,0,0,0,0,0,0,0,0,0,1,0,1,1,2,2,3,5,5,5,5,7,7,7,8,8,9,9,53,53,66,66,79,89,132,141,143,144,142,143,145,145,143,144,187,187,188,189,190,200,200,203,201,204,261,263,265,263,263,267,276,275,275,278,275,275,276,275,276,287,287,287,287,289,291,293,293,289,290,290,290,291,291,292,294,294,295,301,317,317
84051161,US,USA,840,51161.0,Roanoke,Virginia,US,37.26865804,-80.06396753,"Roanoke, Virginia, US",0,0,0,0,0,0,0,0,0,0,0,0,0,0,0,0,0,0,0,0,0,0,0,0,0,0,0,0,0,0,0,0,0,0,0,0,0,0,0,0,0,0,0,0,0,0,0,0,0,0,0,0,0,0,0,0,0,0,0,0,0,0,0,1,1,1,2,2,2,3,4,4,9,5,5,5,8,9,9,13,13,14,18,18,17,19,20,20,22,24,25,31,34,39,39,39,41,41,47,51,53,54,57,57,57,59,60,62,62,62,79,79,80,83,83,84,85,86,88,88,89,90,90,90,94,96,96,97,102,104,105,106,110,113,113,119,122,122,122,126,125,128,132,134,134,134,141,148,149,161,171,171
84051163,US,USA,840,51163.0,Rockbridge,Virginia,US,37.81204314,-79.44605905,"Rockbridge, Virginia, US",0,0,0,0,0,0,0,0,0,0,0,0,0,0,0,0,0,0,0,0,0,0,0,0,0,0,0,0,0,0,0,0,0,0,0,0,0,0,0,0,0,0,0,0,0,0,0,0,0,0,0,0,0,0,0,0,0,0,1,1,1,1,1,2,2,2,2,2,2,2,2,2,2,3,3,3,3,3,3,3,3,3,3,3,3,3,5,5,5,5,5,5,5,5,5,5,5,5,5,6,7,7,7,7,8,8,8,8,9,9,9,9,11,11,10,11,11,11,13,13,12,13,14,14,16,17,17,16,16,18,18,18,19,19,18,18,18,19,20,19,19,19,19,19,19,19,18,18,18,18,18,18
84051165,US,USA,840,51165.0,Rockingham,Virginia,US,38.51006137,-78.87260325,"Rockingham, Virginia, US",0,0,0,0,0,0,0,0,0,0,0,0,0,0,0,0,0,0,0,0,0,0,0,0,0,0,0,0,0,0,0,0,0,0,0,0,0,0,0,0,0,0,0,0,0,0,0,0,0,0,0,0,0,0,0,0,0,0,0,0,2,2,3,3,3,4,4,4,5,5,9,11,11,15,16,15,16,20,21,31,44,43,49,56,67,69,83,100,100,106,122,145,163,176,184,184,193,216,220,240,249,259,265,269,282,302,310,320,339,344,360,364,373,381,388,387,389,397,401,414,434,444,452,453,467,478,483,490,505,511,518,541,545,548,555,561,572,580,589,596,602,606,614,621,627,629,631,636,641,646,651,653
84051167,US,USA,840,51167.0,Russell,Virginia,US,36.93028320000001,-82.10095486,"Russell, Virginia, US",0,0,0,0,0,0,0,0,0,0,0,0,0,0,0,0,0,0,0,0,0,0,0,0,0,0,0,0,0,0,0,0,0,0,0,0,0,0,0,0,0,0,0,0,0,0,0,0,0,0,0,0,0,0,0,0,0,0,0,0,0,0,0,0,0,0,0,0,0,0,0,0,0,0,0,1,1,1,1,1,1,1,1,2,2,2,2,2,2,2,2,2,2,2,3,3,3,3,3,3,4,5,5,5,5,6,6,6,6,6,6,6,6,6,6,8,8,8,8,8,8,8,8,8,8,8,8,8,8,8,8,8,8,8,8,8,8,8,8,8,8,8,8,8,8,8,8,9,9,9,9,9
84051169,US,USA,840,51169.0,Scott,Virginia,US,36.71466456,-82.60171704,"Scott, Virginia, US",0,0,0,0,0,0,0,0,0,0,0,0,0,0,0,0,0,0,0,0,0,0,0,0,0,0,0,0,0,0,0,0,0,0,0,0,0,0,0,0,0,0,0,0,0,0,0,0,0,0,0,0,0,0,0,0,0,0,0,0,0,0,0,0,0,0,0,0,0,0,0,0,0,0,0,0,0,0,0,3,3,3,3,3,3,3,3,4,4,4,5,5,5,5,5,6,6,7,7,7,7,7,7,7,7,7,7,7,7,7,7,7,7,7,7,7,7,7,7,7,8,7,7,7,7,7,7,7,7,7,7,7,7,7,7,7,7,7,7,7,7,7,7,7,7,8,8,8,8,8,8,8
84051171,US,USA,840,51171.0,Shenandoah,Virginia,US,38.85905135,-78.56813762,"Shenandoah, Virginia, US",0,0,0,0,0,0,0,0,0,0,0,0,0,0,0,0,0,0,0,0,0,0,0,0,0,0,0,0,0,0,0,0,0,0,0,0,0,0,0,0,0,0,0,0,0,0,0,0,0,0,0,0,0,0,0,0,0,0,0,0,0,0,0,3,3,3,3,4,6,7,8,9,10,10,12,13,13,13,15,15,16,17,17,23,27,28,33,39,39,41,45,53,58,65,72,74,78,79,95,108,120,134,145,149,165,190,213,236,242,245,250,260,271,278,285,297,303,319,329,345,355,358,365,372,376,378,394,414,429,444,448,458,465,465,470,472,476,480,484,487,492,499,505,509,510,511,516,522,530,534,536,540
84051173,US,USA,840,51173.0,Smyth,Virginia,US,36.84455636,-81.53344948,"Smyth, Virginia, US",0,0,0,0,0,0,0,0,0,0,0,0,0,0,0,0,0,0,0,0,0,0,0,0,0,0,0,0,0,0,0,0,0,0,0,0,0,0,0,0,0,0,0,0,0,0,0,0,0,0,0,0,0,0,0,0,0,0,0,0,0,0,0,0,0,0,0,0,1,1,2,2,2,2,2,2,3,5,8,9,9,9,11,11,11,11,11,12,12,13,13,13,13,13,13,13,13,13,13,13,13,13,13,13,13,13,13,13,13,13,13,13,15,15,15,15,15,15,15,15,15,15,15,15,15,15,15,15,15,15,15,15,15,15,15,15,15,15,15,15,15,16,18,18,18,20,22,26,28,30,33,32
84051175,US,USA,840,51175.0,Southampton,Virginia,US,36.72231125,-77.10642712,"Southampton, Virginia, US",0,0,0,0,0,0,0,0,0,0,0,0,0,0,0,0,0,0,0,0,0,0,0,0,0,0,0,0,0,0,0,0,0,0,0,0,0,0,0,0,0,0,0,0,0,0,0,0,0,0,0,0,0,0,0,0,0,0,0,0,0,0,0,0,0,1,1,1,1,1,1,2,4,5,5,5,5,5,5,5,5,5,5,6,6,6,7,9,16,17,18,19,71,75,75,115,115,115,115,125,125,125,127,127,128,128,128,129,131,131,131,131,132,134,135,135,135,137,137,137,138,137,141,143,143,143,144,146,146,146,147,147,149,150,150,152,152,153,153,153,154,155,155,155,155,155,155,154,154,154,154,154
84051177,US,USA,840,51177.0,Spotsylvania,Virginia,US,38.18574462,-77.655399,"Spotsylvania, Virginia, US",0,0,0,0,0,0,0,0,0,0,0,0,0,0,0,0,0,0,0,0,0,0,0,0,0,0,0,0,0,0,0,0,0,0,0,0,0,0,0,0,0,0,0,0,0,0,0,0,1,1,1,1,1,1,1,1,1,1,1,1,2,2,2,3,3,3,3,3,6,7,8,9,11,18,24,26,29,31,36,43,47,50,51,56,60,62,69,72,74,77,79,83,94,97,101,107,119,126,131,143,155,174,186,195,206,223,230,233,239,248,257,261,270,282,291,304,312,319,339,351,366,373,386,401,422,463,474,487,500,524,556,571,586,590,593,615,634,695,707,712,723,729,739,752,813,837,849,858,862,874,891,902
84051179,US,USA,840,51179.0,Stafford,Virginia,US,38.41758738,-77.45917053,"Stafford, Virginia, US",0,0,0,0,0,0,0,0,0,0,0,0,0,0,0,0,0,0,0,0,0,0,0,0,0,0,0,0,0,0,0,0,0,0,0,0,0,0,0,0,0,0,0,0,0,0,0,0,0,0,0,0,0,0,0,1,2,2,2,2,5,6,6,6,11,11,11,11,20,24,28,27,29,38,41,43,49,48,54,60,67,72,87,95,108,120,128,143,152,161,164,170,180,193,198,213,218,221,225,240,251,262,271,288,308,321,334,344,354,374,384,396,413,426,442,458,467,484,501,514,540,552,569,581,599,642,657,672,681,702,713,722,733,738,742,750,765,803,815,824,831,841,862,877,887,893,900,906,917,921,920,924
84051181,US,USA,840,51181.0,Surry,Virginia,US,37.11781893,-76.88450012,"Surry, Virginia, US",0,0,0,0,0,0,0,0,0,0,0,0,0,0,0,0,0,0,0,0,0,0,0,0,0,0,0,0,0,0,0,0,0,0,0,0,0,0,0,0,0,0,0,0,0,0,0,0,0,0,0,0,0,0,0,0,0,0,0,0,0,0,0,0,0,0,0,0,0,1,1,1,3,3,3,3,3,3,3,3,3,3,3,3,3,3,3,3,3,4,4,4,4,4,4,4,4,4,4,4,4,4,4,4,4,4,4,4,5,5,5,6,6,6,6,6,6,6,6,6,6,6,6,6,6,7,8,9,10,10,10,10,11,11,10,10,10,10,10,10,10,11,13,13,13,13,13,13,13,13,13,13
84051183,US,USA,840,51183.0,Sussex,Virginia,US,36.92432914,-77.25791182,"Sussex, Virginia, US",0,0,0,0,0,0,0,0,0,0,0,0,0,0,0,0,0,0,0,0,0,0,0,0,0,0,0,0,0,0,0,0,0,0,0,0,0,0,0,0,0,0,0,0,0,0,0,0,0,0,0,0,0,0,0,0,0,0,0,0,0,0,0,0,0,0,0,0,0,0,1,1,2,3,4,4,5,6,6,8,8,8,8,8,10,9,11,11,11,12,23,23,25,28,28,28,30,30,30,31,31,31,31,32,32,32,32,32,32,33,34,38,38,53,67,80,80,91,98,99,100,100,114,114,114,135,138,142,151,154,154,161,161,165,173,174,175,175,175,175,175,176,177,178,181,183,183,184,185,185,185,185
84051185,US,USA,840,51185.0,Tazewell,Virginia,US,37.12191123,-81.56685568,"Tazewell, Virginia, US",0,0,0,0,0,0,0,0,0,0,0,0,0,0,0,0,0,0,0,0,0,0,0,0,0,0,0,0,0,0,0,0,0,0,0,0,0,0,0,0,0,0,0,0,0,0,0,0,0,0,0,0,0,0,0,0,0,0,0,0,0,0,0,0,0,0,0,1,2,2,2,2,2,2,2,3,4,4,4,4,4,4,4,4,4,4,4,4,4,4,4,4,4,4,4,4,5,5,6,6,6,6,6,6,6,6,6,6,6,7,7,7,6,6,6,6,6,6,6,6,6,6,6,6,6,6,6,7,7,7,9,9,9,9,9,9,10,10,10,9,9,9,9,9,9,9,9,9,9,9,9,9
84051187,US,USA,840,51187.0,Warren,Virginia,US,38.90847745,-78.20280433,"Warren, Virginia, US",0,0,0,0,0,0,0,0,0,0,0,0,0,0,0,0,0,0,0,0,0,0,0,0,0,0,0,0,0,0,0,0,0,0,0,0,0,0,0,0,0,0,0,0,0,0,0,0,0,0,0,0,0,0,0,0,0,0,0,0,0,0,0,0,1,2,2,2,2,3,3,3,4,4,4,5,6,8,9,10,15,15,17,19,20,21,22,24,24,24,26,27,30,36,42,43,44,47,51,52,57,61,61,63,68,71,75,78,82,85,86,87,88,90,94,96,99,99,103,105,110,110,110,111,117,117,129,141,146,155,157,157,166,204,217,220,222,222,220,222,225,225,228,229,230,231,233,233,234,235,236,254
84051191,US,USA,840,51191.0,Washington,Virginia,US,36.72341572,-81.95666289,"Washington, Virginia, US",0,0,0,0,0,0,0,0,0,0,0,0,0,0,0,0,0,0,0,0,0,0,0,0,0,0,0,0,0,0,0,0,0,0,0,0,0,0,0,0,0,0,0,0,0,0,0,0,0,0,0,0,0,0,0,0,0,0,0,0,0,0,0,0,1,1,1,2,2,2,2,2,3,3,5,5,10,12,15,17,24,24,28,28,27,27,28,27,29,29,29,29,30,30,30,34,34,34,36,36,38,39,39,39,40,41,41,42,42,49,49,48,49,49,49,49,49,49,50,50,51,51,51,51,51,51,51,51,51,51,51,51,52,53,53,53,53,57,57,57,58,58,58,58,58,58,58,58,58,58,59,60
84051193,US,USA,840,51193.0,Westmoreland,Virginia,US,38.11021557,-76.80213247,"Westmoreland, Virginia, US",0,0,0,0,0,0,0,0,0,0,0,0,0,0,0,0,0,0,0,0,0,0,0,0,0,0,0,0,0,0,0,0,0,0,0,0,0,0,0,0,0,0,0,0,0,0,0,0,0,0,1,0,0,0,0,0,0,0,0,0,0,0,0,0,0,0,0,0,0,0,0,0,1,2,2,3,3,5,5,8,8,8,8,8,8,9,9,10,10,10,10,12,14,14,17,20,20,21,22,21,23,25,26,31,30,31,33,35,37,38,38,41,42,42,42,42,42,42,43,42,43,43,46,48,50,54,61,63,63,63,65,68,70,76,80,80,81,81,82,83,83,83,84,85,87,87,87,87,87,87,88,91
84051195,US,USA,840,51195.0,Wise,Virginia,US,36.9746148,-82.62410519,"Wise, Virginia, US",0,0,0,0,0,0,0,0,0,0,0,0,0,0,0,0,0,0,0,0,0,0,0,0,0,0,0,0,0,0,0,0,0,0,0,0,0,0,0,0,0,0,0,0,0,0,0,0,0,0,0,0,0,0,0,0,0,0,0,0,0,0,0,0,0,0,0,0,0,0,0,0,1,0,1,1,3,4,5,8,8,8,13,14,15,18,17,18,18,18,18,18,20,20,20,20,21,22,22,22,22,22,22,22,22,22,22,22,22,22,22,22,23,23,23,23,23,23,23,23,24,24,24,24,24,24,24,24,24,24,25,25,25,25,27,27,27,27,27,27,27,27,27,27,27,27,27,27,27,27,27,27
84051197,US,USA,840,51197.0,Wythe,Virginia,US,36.91582035,-81.07834059,"Wythe, Virginia, US",0,0,0,0,0,0,0,0,0,0,0,0,0,0,0,0,0,0,0,0,0,0,0,0,0,0,0,0,0,0,0,0,0,0,0,0,0,0,0,0,0,0,0,0,0,0,0,0,0,0,0,0,0,0,0,0,0,0,0,0,0,0,0,0,0,0,0,1,1,1,2,2,2,2,2,3,3,6,6,7,7,7,7,7,7,7,8,8,10,10,10,11,11,11,11,11,11,11,11,11,11,11,12,12,12,12,12,12,13,13,13,14,15,15,15,16,16,16,16,16,16,17,17,17,18,21,21,21,21,21,23,23,23,29,30,30,33,36,36,38,38,42,42,42,42,42,42,42,42,42,43,44
84051199,US,USA,840,51199.0,York,Virginia,US,37.24374789,-76.54412815,"York, Virginia, US",0,0,0,0,0,0,0,0,0,0,0,0,0,0,0,0,0,0,0,0,0,0,0,0,0,0,0,0,0,0,0,0,0,0,0,0,0,0,0,0,0,0,0,0,0,0,0,0,0,0,0,0,0,0,0,1,1,1,3,3,5,5,6,8,9,9,9,9,11,14,16,17,17,19,20,21,25,25,25,25,27,29,33,35,35,37,38,38,44,44,43,43,43,43,44,44,44,45,45,46,46,46,47,47,48,50,51,55,55,56,57,59,60,61,62,62,62,63,63,63,65,67,67,68,69,71,71,72,72,72,74,77,77,77,77,79,82,86,86,86,86,89,90,91,93,93,94,94,94,97,98,99
84051510,US,USA,840,51510.0,Alexandria,Virginia,US,38.814003,-77.08183073,"Alexandria, Virginia, US",0,0,0,0,0,0,0,0,0,0,0,0,0,0,0,0,0,0,0,0,0,0,0,0,0,0,0,0,0,0,0,0,0,0,0,0,0,0,0,0,0,0,0,0,0,0,0,0,0,0,0,0,0,0,2,2,2,4,3,5,5,6,8,9,14,18,20,25,26,30,32,33,56,68,74,93,126,143,149,174,188,198,235,247,254,275,321,354,383,421,462,474,512,547,575,591,627,653,700,754,802,848,899,940,983,1022,1060,1110,1142,1193,1224,1240,1305,1349,1396,1460,1476,1510,1544,1577,1627,1657,1703,1733,1754,1785,1824,1887,1941,1960,1974,1981,2000,2016,2031,2045,2070,2095,2102,2115,2125,2127,2128,2134,2151,2160,2168,2175,2186,2198,2217,2227
84051520,US,USA,840,51520.0,Bristol,Virginia,US,36.616302399999995,-82.16359122,"Bristol, Virginia, US",0,0,0,0,0,0,0,0,0,0,0,0,0,0,0,0,0,0,0,0,0,0,0,0,0,0,0,0,0,0,0,0,0,0,0,0,0,0,0,0,0,0,0,0,0,0,0,0,0,0,0,0,0,0,0,0,0,0,0,0,0,0,0,0,0,1,1,1,1,1,1,1,1,1,1,1,1,1,1,1,1,1,1,1,1,1,1,1,1,1,1,1,1,1,1,1,1,1,1,1,1,1,2,2,2,2,2,2,2,3,3,3,3,3,3,3,3,3,3,3,4,4,4,4,4,4,4,4,4,4,4,4,4,4,4,4,4,4,4,4,4,4,4,4,4,4,4,4,4,4,4,4
84051530,US,USA,840,51530.0,Buena Vista,Virginia,US,37.73484642,-79.35296097,"Buena Vista, Virginia, US",0,0,0,0,0,0,0,0,0,0,0,0,0,0,0,0,0,0,0,0,0,0,0,0,0,0,0,0,0,0,0,0,0,0,0,0,0,0,0,0,0,0,0,0,0,0,0,0,0,0,0,0,0,0,0,0,0,0,0,0,0,0,0,0,0,0,0,0,0,0,0,0,1,1,4,4,4,4,4,4,4,4,4,4,4,4,5,5,5,5,5,5,5,5,5,5,5,5,5,6,6,6,6,6,6,8,8,8,8,8,8,8,8,8,8,8,8,9,11,11,12,12,12,12,12,13,13,13,13,13,13,13,13,13,13,13,13,13,13,13,13,12,12,12,12,12,12,12,12,12,12,12
84051540,US,USA,840,51540.0,Charlottesville,Virginia,US,38.03527919,-78.48569588,"Charlottesville, Virginia, US",0,0,0,0,0,0,0,0,0,0,0,0,0,0,0,0,0,0,0,0,0,0,0,0,0,0,0,0,0,0,0,0,0,0,0,0,0,0,0,0,0,0,0,0,0,0,0,0,0,0,0,0,0,0,1,1,1,3,3,3,4,4,5,6,9,11,12,12,13,14,16,17,17,21,23,22,23,23,27,28,31,31,33,36,38,38,40,41,41,41,41,44,44,45,48,49,50,51,52,56,58,58,63,63,64,63,65,66,66,66,68,68,68,68,71,71,71,72,72,72,72,74,74,80,82,90,97,102,105,108,116,125,128,128,131,131,131,137,139,141,142,144,146,148,152,154,160,161,164,164,166,169
84051550,US,USA,840,51550.0,Chesapeake,Virginia,US,36.67670048,-76.30545744,"Chesapeake, Virginia, US",0,0,0,0,0,0,0,0,0,0,0,0,0,0,0,0,0,0,0,0,0,0,0,0,0,0,0,0,0,0,0,0,0,0,0,0,0,0,0,0,0,0,0,0,0,0,0,0,0,0,0,0,0,0,0,0,0,0,0,0,0,0,1,3,4,5,7,17,18,23,31,39,50,65,72,77,80,99,101,109,115,121,126,136,140,143,147,154,162,166,176,180,186,197,200,208,214,220,232,242,256,263,279,284,293,306,311,316,325,328,340,343,354,362,379,380,384,387,396,401,412,419,426,433,449,459,472,481,494,520,521,535,541,548,554,563,577,592,596,605,617,622,636,650,659,672,678,684,697,709,721,733
84051570,US,USA,840,51570.0,Colonial Heights,Virginia,US,37.26420587,-77.39609676,"Colonial Heights, Virginia, US",0,0,0,0,0,0,0,0,0,0,0,0,0,0,0,0,0,0,0,0,0,0,0,0,0,0,0,0,0,0,0,0,0,0,0,0,0,0,0,0,0,0,0,0,0,0,0,0,0,0,0,0,0,0,0,0,0,0,0,0,0,0,0,0,0,0,0,0,0,0,0,0,0,0,0,0,0,1,2,4,6,6,10,16,17,18,19,23,23,26,36,37,41,41,43,45,45,47,49,54,54,57,57,57,58,62,64,65,65,66,66,67,71,73,74,76,76,76,77,80,82,83,83,83,83,85,85,86,86,91,95,96,96,96,97,97,97,98,101,104,106,106,111,115,115,115,117,117,119,126,131,131
84051580,US,USA,840,51580.0,Covington,Virginia,US,37.7824656,-79.98631446,"Covington, Virginia, US",0,0,0,0,0,0,0,0,0,0,0,0,0,0,0,0,0,0,0,0,0,0,0,0,0,0,0,0,0,0,0,0,0,0,0,0,0,0,0,0,0,0,0,0,0,0,0,0,0,0,0,0,0,0,0,0,0,0,0,0,0,0,0,0,0,0,0,0,0,0,1,1,1,1,1,1,1,1,1,1,1,1,1,1,1,1,1,1,1,1,1,1,1,1,1,1,1,1,1,1,1,1,1,1,1,0,0,0,1,1,1,1,1,2,2,2,2,2,2,3,3,3,3,3,3,3,3,3,3,4,4,4,4,4,4,4,4,4,4,4,4,4,4,4,4,4,4,4,4,4,4,4
84051590,US,USA,840,51590.0,Danville,Virginia,US,36.58022376,-79.40395668,"Danville, Virginia, US",0,0,0,0,0,0,0,0,0,0,0,0,0,0,0,0,0,0,0,0,0,0,0,0,0,0,0,0,0,0,0,0,0,0,0,0,0,0,0,0,0,0,0,0,0,0,0,0,0,0,0,0,0,0,0,0,0,0,0,0,1,1,1,2,2,4,4,5,4,4,4,7,9,12,12,13,15,15,19,20,20,20,21,22,22,22,22,24,27,28,29,29,31,31,32,33,33,33,34,35,35,37,37,37,37,38,38,39,39,38,39,41,41,43,43,44,44,44,44,45,45,46,46,46,48,48,48,50,51,51,55,56,57,58,58,60,60,60,60,60,61,61,63,63,65,66,66,66,68,68,72,73
84051595,US,USA,840,51595.0,Emporia,Virginia,US,36.69455571,-77.53406129,"Emporia, Virginia, US",0,0,0,0,0,0,0,0,0,0,0,0,0,0,0,0,0,0,0,0,0,0,0,0,0,0,0,0,0,0,0,0,0,0,0,0,0,0,0,0,0,0,0,0,0,0,0,0,0,0,0,0,0,0,0,0,0,0,0,0,0,0,0,0,0,0,0,0,0,0,0,0,1,2,2,2,2,4,5,5,7,7,7,8,7,7,7,7,7,11,12,12,18,18,18,18,20,20,22,23,23,23,24,46,46,46,47,47,47,48,49,49,50,50,50,50,52,55,58,58,58,60,60,60,62,62,70,76,78,78,79,82,82,86,89,86,88,89,89,91,93,94,94,95,97,98,101,106,107,112,112,112
84051600,US,USA,840,51600.0,Fairfax City,Virginia,US,38.85157547,-77.29779640000002,"Fairfax City, Virginia, US",0,0,0,0,0,0,0,0,0,0,0,0,0,0,0,0,0,0,0,0,0,0,0,0,0,0,0,0,0,0,0,0,0,0,0,0,0,0,0,0,0,0,0,0,0,0,0,0,0,0,0,0,0,0,0,0,0,0,0,0,0,0,0,1,1,0,0,0,1,1,0,0,0,0,0,0,0,0,0,1,1,1,1,1,0,0,2,3,11,21,22,25,26,26,26,26,27,27,27,27,29,29,32,33,33,34,35,39,39,39,39,40,43,45,46,47,47,47,47,47,51,51,52,52,57,59,59,63,63,65,65,67,67,67,67,67,68,69,69,69,69,68,68,67,67,67,67,68,67,67,68,68
84051610,US,USA,840,51610.0,Falls Church,Virginia,US,38.88485255,-77.17560759,"Falls Church, Virginia, US",0,0,0,0,0,0,0,0,0,0,0,0,0,0,0,0,0,0,0,0,0,0,0,0,0,0,0,0,0,0,0,0,0,0,0,0,0,0,0,0,0,0,0,0,0,0,0,0,0,0,0,0,0,0,0,0,0,0,0,0,0,0,0,0,0,0,0,0,0,0,0,0,0,0,0,0,0,0,0,0,0,2,2,2,0,0,0,0,0,24,24,25,25,24,26,26,26,26,26,26,26,26,35,36,36,36,36,37,37,37,37,37,39,39,40,42,44,44,44,44,46,46,47,47,48,49,53,53,55,55,55,55,55,55,56,56,56,56,56,56,56,56,56,56,56,56,58,58,58,58,59,59
84051620,US,USA,840,51620.0,Franklin City,Virginia,US,36.6831435,-76.93859681,"Franklin City, Virginia, US",0,0,0,0,0,0,0,0,0,0,0,0,0,0,0,0,0,0,0,0,0,0,0,0,0,0,0,0,0,0,0,0,0,0,0,0,0,0,0,0,0,0,0,0,0,0,0,0,0,0,0,0,0,0,0,0,0,0,0,0,0,0,0,0,0,0,0,0,0,1,1,1,3,4,4,4,4,5,6,6,6,6,7,7,7,9,9,12,15,12,12,14,15,15,16,16,16,18,19,20,23,23,23,23,23,23,23,23,25,26,26,26,25,26,27,27,29,32,32,32,34,34,38,38,39,39,39,41,42,42,42,42,42,42,42,42,42,42,42,42,42,43,43,44,44,44,44,44,44,44,44,45
84051630,US,USA,840,51630.0,Fredericksburg,Virginia,US,38.2977863,-77.4922454,"Fredericksburg, Virginia, US",0,0,0,0,0,0,0,0,0,0,0,0,0,0,0,0,0,0,0,0,0,0,0,0,0,0,0,0,0,0,0,0,0,0,0,0,0,0,0,0,0,0,0,0,0,0,0,0,0,0,0,0,0,0,0,0,0,0,0,0,0,0,0,1,1,1,1,1,1,1,1,2,4,7,7,7,8,8,10,10,11,12,13,14,15,15,15,15,17,17,17,17,20,21,23,23,24,27,28,33,34,37,39,45,45,48,52,55,58,61,61,66,72,80,82,89,93,96,101,101,107,109,113,118,123,136,135,142,147,158,164,166,172,172,178,186,192,208,196,193,194,197,199,201,208,211,213,215,218,219,223,227
84051640,US,USA,840,51640.0,Galax,Virginia,US,36.66601852,-80.91703124,"Galax, Virginia, US",0,0,0,0,0,0,0,0,0,0,0,0,0,0,0,0,0,0,0,0,0,0,0,0,0,0,0,0,0,0,0,0,0,0,0,0,0,0,0,0,0,0,0,0,0,0,0,0,0,0,0,0,0,0,0,0,0,0,0,0,0,0,0,0,0,1,1,1,1,1,1,1,1,1,1,1,1,1,1,1,1,1,1,1,1,1,1,1,1,1,1,1,1,1,1,4,4,4,4,4,9,10,12,25,25,31,32,33,34,45,55,56,64,65,66,77,80,82,82,82,82,85,87,88,95,104,106,107,107,112,123,124,127,131,140,140,143,147,147,148,154,165,171,193,204,205,206,208,211,217,222,223
84051650,US,USA,840,51650.0,Hampton,Virginia,US,37.03513786,-76.35879121,"Hampton, Virginia, US",0,0,0,0,0,0,0,0,0,0,0,0,0,0,0,0,0,0,0,0,0,0,0,0,0,0,0,0,0,0,0,0,0,0,0,0,0,0,0,0,0,0,0,0,0,0,0,0,0,0,0,0,0,0,0,0,0,0,0,0,0,0,0,0,1,5,7,7,9,13,14,16,29,39,40,41,43,53,53,62,64,65,72,73,75,77,78,79,83,90,92,97,99,99,101,104,108,108,109,115,119,122,123,128,128,131,131,135,138,144,146,147,148,156,158,158,161,163,164,165,167,169,172,174,181,183,183,190,192,197,207,210,212,212,214,215,215,226,227,228,231,233,234,234,238,241,246,248,251,252,258,264
84051660,US,USA,840,51660.0,Harrisonburg,Virginia,US,38.43542574,-78.87536254,"Harrisonburg, Virginia, US",0,0,0,0,0,0,0,0,0,0,0,0,0,0,0,0,0,0,0,0,0,0,0,0,0,0,0,0,0,0,0,0,0,0,0,0,0,0,0,0,0,0,0,0,0,0,0,0,0,0,0,1,1,1,1,1,1,1,1,1,1,1,1,2,3,5,5,5,6,6,10,15,22,22,25,27,27,36,39,57,79,81,87,95,101,119,214,233,236,252,264,318,346,355,370,371,383,406,411,426,456,470,478,497,525,544,552,574,578,579,583,584,607,615,620,631,632,633,647,675,695,704,709,716,727,742,746,757,765,774,779,797,799,809,814,817,823,832,833,837,842,846,850,847,855,856,859,864,870,874,885,889
84051670,US,USA,840,51670.0,Hopewell,Virginia,US,37.29186313,-77.29754684,"Hopewell, Virginia, US",0,0,0,0,0,0,0,0,0,0,0,0,0,0,0,0,0,0,0,0,0,0,0,0,0,0,0,0,0,0,0,0,0,0,0,0,0,0,0,0,0,0,0,0,0,0,0,0,0,0,0,0,0,0,0,0,0,0,0,0,0,0,0,0,0,0,1,1,3,4,4,5,7,9,10,10,13,13,13,14,14,14,14,14,14,14,14,16,16,16,16,16,19,19,21,22,24,24,24,24,25,27,27,31,31,33,33,33,33,37,39,44,45,48,49,49,51,53,58,61,62,66,67,66,66,73,78,81,85,87,90,92,96,98,103,110,114,116,118,118,120,120,129,138,138,141,144,149,150,151,151,151
84051678,US,USA,840,51678.0,Lexington,Virginia,US,37.78258621,-79.44262866,"Lexington, Virginia, US",0,0,0,0,0,0,0,0,0,0,0,0,0,0,0,0,0,0,0,0,0,0,0,0,0,0,0,0,0,0,0,0,0,0,0,0,0,0,0,0,0,0,0,0,0,0,0,0,0,0,0,0,0,0,0,0,0,0,0,0,0,0,0,0,0,0,0,0,0,0,0,0,2,3,3,3,3,3,3,3,3,3,3,3,3,3,3,3,3,3,3,3,3,3,3,3,3,3,3,3,4,5,6,6,5,5,5,5,4,4,5,5,5,5,5,5,6,6,6,6,6,6,6,6,6,6,6,7,7,7,7,7,7,7,7,7,7,8,8,8,8,8,8,8,8,8,8,8,8,8,9,9
84051680,US,USA,840,51680.0,Lynchburg,Virginia,US,37.40021399,-79.19888138,"Lynchburg, Virginia, US",0,0,0,0,0,0,0,0,0,0,0,0,0,0,0,0,0,0,0,0,0,0,0,0,0,0,0,0,0,0,0,0,0,0,0,0,0,0,0,0,0,0,0,0,0,0,0,0,0,0,0,0,0,0,0,0,1,1,0,0,0,0,0,2,2,2,2,3,4,5,7,9,9,10,10,11,20,20,21,27,31,31,33,33,34,34,38,38,38,38,43,43,47,48,48,50,51,51,52,53,58,62,64,64,65,68,68,68,68,68,69,70,72,73,73,73,73,74,75,75,75,77,77,77,77,79,80,80,80,80,80,80,80,80,80,87,88,88,88,89,89,89,91,92,92,92,96,96,99,105,108,108
84051683,US,USA,840,51683.0,Manassas,Virginia,US,38.7464321,-77.48509905,"Manassas,Virginia,US",0,0,0,0,0,0,0,0,0,0,0,0,0,0,0,0,0,0,0,0,0,0,0,0,0,0,0,0,0,0,0,0,0,0,0,0,0,0,0,0,0,0,0,0,0,0,0,0,0,0,0,0,0,0,0,0,0,0,0,0,0,0,0,0,0,0,4,5,7,8,9,12,13,14,14,17,20,20,25,29,34,34,41,49,53,62,72,82,93,96,110,117,127,137,154,158,165,175,196,216,222,258,266,273,289,310,332,355,358,381,428,430,459,515,533,574,594,628,680,699,743,764,792,806,849,956,966,971,1004,1046,1092,1105,1135,1154,1166,1190,1214,1228,1248,1254,1262,1271,1282,1299,1309,1314,1317,1320,1337,1352,1353,1363
84051685,US,USA,840,51685.0,Manassas Park,Virginia,US,38.77058531,-77.44399307,"Manassas Park, Virginia, US",0,0,0,0,0,0,0,0,0,0,0,0,0,0,0,0,0,0,0,0,0,0,0,0,0,0,0,0,0,0,0,0,0,0,0,0,0,0,0,0,0,0,0,0,0,0,0,0,0,0,0,0,0,0,0,0,0,0,0,0,0,0,0,0,0,0,0,1,1,1,1,1,2,2,2,4,4,5,5,7,10,10,10,13,14,16,21,21,25,30,31,34,38,44,44,45,50,53,60,61,68,76,82,88,96,101,106,114,116,120,135,139,152,170,176,183,187,198,202,207,223,228,230,239,261,277,280,281,287,299,305,317,327,332,339,343,351,355,359,359,360,361,369,372,378,384,388,390,393,402,407,410
84051690,US,USA,840,51690.0,Martinsville,Virginia,US,36.68212094,-79.86352771,"Martinsville, Virginia, US",0,0,0,0,0,0,0,0,0,0,0,0,0,0,0,0,0,0,0,0,0,0,0,0,0,0,0,0,0,0,0,0,0,0,0,0,0,0,0,0,0,0,0,0,0,0,0,0,0,0,0,0,0,0,0,0,0,0,0,0,0,0,0,0,0,0,0,0,0,0,0,0,0,0,0,0,0,0,0,0,0,0,0,0,0,0,0,0,0,0,0,0,0,0,0,0,0,2,2,2,2,2,2,2,2,2,2,2,2,2,2,2,2,3,3,4,5,8,16,20,21,25,24,24,24,27,29,31,31,31,31,32,37,38,39,41,47,48,50,50,52,53,54,54,54,54,56,58,58,59,59,59
84051700,US,USA,840,51700.0,Newport News,Virginia,US,37.08166899,-76.51754109,"Newport News, Virginia, US",0,0,0,0,0,0,0,0,0,0,0,0,0,0,0,0,0,0,0,0,0,0,0,0,0,0,0,0,0,0,0,0,0,0,0,0,0,0,0,0,0,0,0,0,0,0,0,0,0,0,0,0,0,0,0,0,0,0,1,2,2,2,3,4,8,12,13,17,18,23,29,33,37,48,51,54,57,60,64,68,75,78,88,93,95,97,100,102,102,102,101,101,105,107,109,111,112,112,114,118,120,123,125,132,133,134,137,144,152,159,164,166,171,179,184,187,193,206,209,211,215,224,234,237,245,250,254,257,257,258,273,282,291,292,299,309,314,320,322,323,328,337,351,357,371,381,390,399,402,410,430,438
84051710,US,USA,840,51710.0,Norfolk,Virginia,US,36.89934014,-76.26420872,"Norfolk, Virginia, US",0,0,0,0,0,0,0,0,0,0,0,0,0,0,0,0,0,0,0,0,0,0,0,0,0,0,0,0,0,0,0,0,0,0,0,0,0,0,0,0,0,0,0,0,0,0,0,0,2,2,0,0,0,0,0,0,1,1,1,3,3,5,8,8,9,8,10,14,17,27,33,37,43,55,59,60,72,77,84,88,90,90,99,99,99,105,108,109,111,113,118,126,136,141,169,179,184,188,192,198,204,211,221,239,251,257,270,274,290,304,308,319,327,338,349,350,350,361,370,370,377,388,393,399,432,450,451,452,470,490,503,521,530,539,552,560,562,583,589,596,605,619,630,643,660,668,681,698,704,707,723,737
84051720,US,USA,840,51720.0,Norton,Virginia,US,36.93357076,-82.62750411,"Norton, Virginia, US",0,0,0,0,0,0,0,0,0,0,0,0,0,0,0,0,0,0,0,0,0,0,0,0,0,0,0,0,0,0,0,0,0,0,0,0,0,0,0,0,0,0,0,0,0,0,0,0,0,0,0,0,0,0,0,0,0,0,0,0,0,0,0,0,0,0,0,0,0,0,0,0,0,0,0,0,0,0,0,0,0,0,0,0,0,0,0,1,2,2,2,2,2,2,2,2,2,2,2,2,2,2,2,2,2,2,2,2,2,2,2,2,2,2,2,2,2,2,2,2,2,2,2,2,2,2,2,2,2,2,2,2,2,2,2,2,2,2,2,2,2,2,2,2,2,2,2,2,2,2,2,2
84051730,US,USA,840,51730.0,Petersburg,Virginia,US,37.20530399,-77.39368102,"Petersburg, Virginia, US",0,0,0,0,0,0,0,0,0,0,0,0,0,0,0,0,0,0,0,0,0,0,0,0,0,0,0,0,0,0,0,0,0,0,0,0,0,0,0,0,0,0,0,0,0,0,0,0,0,0,0,0,0,0,0,0,0,0,0,0,0,0,0,0,0,0,0,0,2,2,4,4,8,10,10,10,10,9,12,13,17,17,19,19,19,19,21,21,21,21,24,24,27,27,27,27,30,30,31,31,33,35,35,39,40,42,41,41,41,45,48,53,53,57,58,58,58,60,75,80,84,84,87,86,88,96,101,112,118,127,134,138,141,143,152,159,163,165,167,170,174,176,178,180,185,191,192,194,196,197,198,198
84051735,US,USA,840,51735.0,Poquoson,Virginia,US,37.14259351,-76.35798148,"Poquoson, Virginia, US",0,0,0,0,0,0,0,0,0,0,0,0,0,0,0,0,0,0,0,0,0,0,0,0,0,0,0,0,0,0,0,0,0,0,0,0,0,0,0,0,0,0,0,0,0,0,0,0,0,0,0,0,0,0,0,0,0,0,0,0,0,0,0,0,1,1,2,2,2,2,3,3,3,3,3,3,4,4,5,6,6,6,6,6,6,6,6,6,6,6,6,6,6,6,6,6,6,6,6,6,6,6,6,6,7,7,7,7,7,7,7,7,7,7,7,7,7,7,7,7,7,7,7,7,7,7,7,7,7,7,8,8,8,8,8,8,8,9,9,9,9,10,11,11,11,12,12,12,12,12,14,16
84051740,US,USA,840,51740.0,Portsmouth,Virginia,US,36.85914825,-76.35971629,"Portsmouth, Virginia, US",0,0,0,0,0,0,0,0,0,0,0,0,0,0,0,0,0,0,0,0,0,0,0,0,0,0,0,0,0,0,0,0,0,0,0,0,0,0,0,0,0,0,0,0,0,0,0,0,0,0,0,0,0,0,0,0,0,0,0,0,0,0,0,0,0,3,4,4,4,12,13,16,17,26,26,27,36,41,44,48,49,51,54,59,59,62,63,65,65,65,82,93,98,100,103,108,114,149,150,158,170,173,183,183,187,189,193,194,202,202,208,210,213,217,219,222,225,228,237,241,245,251,253,262,272,281,282,284,294,307,308,313,325,322,325,325,335,343,343,351,354,364,370,375,375,386,387,395,402,405,405,406
84051750,US,USA,840,51750.0,Radford,Virginia,US,37.12222899,-80.56027320000003,"Radford, Virginia, US",0,0,0,0,0,0,0,0,0,0,0,0,0,0,0,0,0,0,0,0,0,0,0,0,0,0,0,0,0,0,0,0,0,0,0,0,0,0,0,0,0,0,0,0,0,0,0,0,0,0,0,0,0,0,0,0,0,0,0,0,0,0,0,1,1,1,1,1,1,1,1,1,1,1,1,1,1,1,1,1,1,1,1,1,1,1,1,1,1,1,1,2,2,2,3,3,3,3,3,3,3,3,3,3,3,3,3,3,3,3,3,3,3,3,3,3,3,3,3,4,4,4,4,6,7,7,7,6,6,6,6,6,6,6,6,6,7,7,7,7,7,7,7,8,8,8,9,9,9,9,9,10
84051760,US,USA,840,51760.0,Richmond City,Virginia,US,37.53255773,-77.47966921,"Richmond City, Virginia, US",0,0,0,0,0,0,0,0,0,0,0,0,0,0,0,0,0,0,0,0,0,0,0,0,0,0,0,0,0,0,0,0,0,0,0,0,0,0,0,0,0,0,0,0,0,0,0,0,0,0,0,0,0,0,0,0,3,3,5,6,0,8,11,13,14,17,20,25,25,26,33,52,76,96,99,105,110,119,126,139,148,154,167,175,177,188,201,211,231,236,246,250,259,267,287,301,304,312,323,339,364,382,403,419,438,453,473,494,512,530,546,565,592,611,665,741,758,779,811,835,888,934,979,1012,1040,1089,1112,1133,1202,1249,1316,1397,1434,1455,1488,1527,1592,1621,1651,1667,1686,1709,1733,1789,1814,1832,1848,1872,1895,1929,1960,1985
84051770,US,USA,840,51770.0,Roanoke City,Virginia,US,37.27791025,-79.96189766,"Roanoke City, Virginia, US",0,0,0,0,0,0,0,0,0,0,0,0,0,0,0,0,0,0,0,0,0,0,0,0,0,0,0,0,0,0,0,0,0,0,0,0,0,0,0,0,0,0,0,0,0,0,0,0,0,0,0,0,0,0,0,0,0,0,0,0,0,0,0,0,0,1,0,2,6,6,6,9,4,10,10,11,12,14,15,16,17,20,21,21,22,24,24,24,24,24,25,27,28,33,33,33,33,35,57,73,80,80,81,81,82,84,88,91,93,93,106,108,116,120,120,120,120,128,135,135,135,140,141,140,140,146,146,147,152,155,160,167,171,176,176,190,197,199,199,204,207,222,232,247,250,250,270,277,277,291,308,313
84051775,US,USA,840,51775.0,Salem,Virginia,US,37.2836193,-80.06219455,"Salem, Virginia, US",0,0,0,0,0,0,0,0,0,0,0,0,0,0,0,0,0,0,0,0,0,0,0,0,0,0,0,0,0,0,0,0,0,0,0,0,0,0,0,0,0,0,0,0,0,0,0,0,0,0,0,0,0,0,0,0,0,0,0,0,0,0,0,0,0,0,0,0,0,0,0,1,1,1,1,1,1,1,1,1,1,1,1,3,3,4,6,6,6,6,6,8,8,8,8,9,11,12,16,26,26,26,26,27,31,30,30,30,31,31,32,32,32,32,32,32,32,32,33,33,33,32,32,32,32,32,32,32,34,34,34,34,34,36,36,37,38,38,40,41,42,42,43,43,44,44,47,48,48,49,50,50
84051790,US,USA,840,51790.0,Staunton,Virginia,US,38.15965544,-79.05979937,"Staunton, Virginia, US",0,0,0,0,0,0,0,0,0,0,0,0,0,0,0,0,0,0,0,0,0,0,0,0,0,0,0,0,0,0,0,0,0,0,0,0,0,0,0,0,0,0,0,0,0,0,0,0,0,0,0,0,0,0,0,0,0,0,0,0,0,0,0,0,0,0,0,0,0,0,0,1,0,1,1,1,1,1,1,1,1,1,2,2,2,3,4,5,5,8,10,10,10,10,10,10,10,11,12,12,12,13,13,13,13,14,14,15,15,15,18,18,21,23,34,33,34,33,32,33,34,34,35,35,35,36,36,36,36,39,45,47,49,50,52,53,52,53,58,58,58,55,57,60,60,60,60,61,62,62,65,66
84051800,US,USA,840,51800.0,Suffolk,Virginia,US,36.70155394,-76.63603554,"Suffolk, Virginia, US",0,0,0,0,0,0,0,0,0,0,0,0,0,0,0,0,0,0,0,0,0,0,0,0,0,0,0,0,0,0,0,0,0,0,0,0,0,0,0,0,0,0,0,0,0,0,0,0,0,0,0,0,0,0,0,0,0,1,1,1,1,1,1,1,1,1,1,1,3,4,5,6,10,20,22,28,30,31,31,35,40,48,51,57,59,65,70,81,91,92,111,126,136,138,141,147,147,152,154,169,175,178,190,190,205,207,208,209,215,215,216,219,221,221,255,260,264,269,269,274,278,283,290,295,300,303,308,308,311,314,315,316,317,318,320,322,323,323,325,325,330,333,337,341,344,345,347,348,349,353,356,365
84051810,US,USA,840,51810.0,Virginia Beach,Virginia,US,36.73285734,-76.04566934,"Virginia Beach, Virginia, US",0,0,0,0,0,0,0,0,0,0,0,0,0,0,0,0,0,0,0,0,0,0,0,0,0,0,0,0,0,0,0,0,0,0,0,0,0,0,0,0,0,0,0,0,0,0,0,0,0,0,0,0,0,0,4,4,4,4,5,5,17,17,17,23,26,29,35,49,52,65,88,111,128,160,170,178,200,207,219,224,236,243,251,252,256,258,265,271,273,281,288,313,328,331,335,345,355,359,365,385,396,413,413,439,445,449,454,469,478,491,505,509,519,528,535,539,548,557,559,564,584,591,598,603,618,638,646,662,680,699,708,745,752,752,770,784,798,801,810,815,823,832,847,869,890,899,909,923,936,950,956,988
84051820,US,USA,840,51820.0,Waynesboro,Virginia,US,38.06451466,-78.90293905,"Waynesboro, Virginia, US",0,0,0,0,0,0,0,0,0,0,0,0,0,0,0,0,0,0,0,0,0,0,0,0,0,0,0,0,0,0,0,0,0,0,0,0,0,0,0,0,0,0,0,0,0,0,0,0,0,0,0,0,0,0,0,0,0,0,0,0,0,0,0,0,0,0,0,0,0,2,2,2,3,2,2,3,3,2,3,5,5,5,6,6,6,6,7,7,7,8,8,8,9,10,10,10,11,11,11,11,13,14,14,14,16,20,20,20,21,21,21,21,21,21,22,22,22,24,28,29,33,36,38,38,39,41,41,41,41,43,46,47,47,47,47,48,49,49,49,50,51,53,53,53,53,54,55,58,61,61,60,63
84051830,US,USA,840,51830.0,Williamsburg,Virginia,US,37.28131268,-76.70905141,"Williamsburg, Virginia, US",0,0,0,0,0,0,0,0,0,0,0,0,0,0,0,0,0,0,0,0,0,0,0,0,0,0,0,0,0,0,0,0,0,0,0,0,0,0,0,0,0,0,0,0,0,0,0,0,0,0,0,0,0,0,0,1,1,1,4,4,5,5,5,5,5,5,6,7,7,8,9,9,9,10,12,13,14,16,16,17,17,17,20,20,19,19,19,19,19,19,15,14,14,14,15,15,15,18,18,18,20,21,22,23,27,29,29,31,31,39,42,42,42,42,42,43,43,43,43,43,43,43,43,43,43,43,43,44,44,44,44,44,44,45,45,45,45,46,46,48,48,49,49,49,50,50,53,54,54,54,54,54
84051840,US,USA,840,51840.0,Winchester,Virginia,US,39.17054517,-78.17325058,"Winchester, Virginia, US",0,0,0,0,0,0,0,0,0,0,0,0,0,0,0,0,0,0,0,0,0,0,0,0,0,0,0,0,0,0,0,0,0,0,0,0,0,0,0,0,0,0,0,0,0,0,0,0,0,0,0,0,0,0,0,0,0,0,0,0,0,0,0,0,0,0,0,1,3,3,5,5,9,10,11,13,14,15,16,16,19,19,20,20,21,21,22,25,25,25,27,29,30,31,33,33,33,36,36,37,41,46,49,50,56,60,61,61,64,66,66,69,73,75,79,80,80,84,96,104,110,121,128,143,145,147,156,168,176,187,189,191,196,198,215,225,232,232,235,238,248,250,260,263,264,265,269,273,276,278,279,286
84053001,US,USA,840,53001.0,Adams,Washington,US,46.98299757,-118.56017340000001,"Adams, Washington, US",0,0,0,0,0,0,0,0,0,0,0,0,0,0,0,0,0,0,0,0,0,0,0,0,0,0,0,0,0,0,0,0,0,0,0,0,0,0,0,0,0,0,0,0,0,0,0,0,0,0,0,0,0,0,0,0,0,0,0,0,0,1,1,1,3,3,5,5,7,13,14,20,20,20,23,26,27,29,30,30,30,36,37,39,39,40,40,40,41,41,43,44,45,45,46,46,46,46,47,47,47,48,48,48,48,49,49,49,49,49,49,50,50,50,50,50,50,50,50,50,50,50,50,53,53,53,53,54,59,62,63,63,63,73,77,78,79,79,79,80,80,89,89,90,91,93,100,101,101,102,102,102
84053003,US,USA,840,53003.0,Asotin,Washington,US,46.18894415,-117.2022851,"Asotin, Washington, US",0,0,0,0,0,0,0,0,0,0,0,0,0,0,0,0,0,0,0,0,0,0,0,0,0,0,0,0,0,0,0,0,0,0,0,0,0,0,0,0,0,0,0,0,0,0,0,0,0,0,0,0,0,0,0,0,0,0,0,0,0,0,0,0,0,0,0,0,0,0,0,0,0,1,2,3,4,4,4,4,4,5,5,6,6,10,11,11,13,13,13,14,16,16,17,17,17,17,17,18,18,18,18,18,18,18,18,18,18,18,18,18,18,18,18,18,18,18,18,18,18,18,18,18,19,19,19,19,19,19,19,19,19,19,19,19,19,19,19,19,19,19,20,20,20,20,20,20,20,20,20,20
84053005,US,USA,840,53005.0,Benton,Washington,US,46.23946995,-119.51208340000001,"Benton, Washington, US",0,0,0,0,0,0,0,0,0,0,0,0,0,0,0,0,0,0,0,0,0,0,0,0,0,0,0,0,0,0,0,0,0,0,0,0,0,0,0,0,0,0,0,0,0,0,0,0,0,0,0,0,0,0,0,0,0,0,3,7,7,9,9,12,19,42,42,56,102,89,108,130,136,151,164,175,176,179,215,233,244,249,259,266,266,283,295,306,313,314,326,338,365,383,399,405,409,415,422,430,461,494,518,532,537,548,550,559,575,577,586,588,595,605,615,627,633,643,652,660,666,674,674,696,704,727,733,742,757,776,794,810,823,838,852,873,906,930,959,979,979,1041,1075,1106,1132,1171,1218,1236,1268,1313,1360,1426
84053007,US,USA,840,53007.0,Chelan,Washington,US,47.87046092,-120.6173956,"Chelan, Washington, US",0,0,0,0,0,0,0,0,0,0,0,0,0,0,0,0,0,0,0,0,0,0,0,0,0,0,0,0,0,0,0,0,0,0,0,0,0,0,0,0,0,0,0,0,0,0,0,0,0,0,0,0,0,0,0,2,2,2,2,3,3,6,6,10,10,12,13,13,14,16,17,18,20,24,29,29,34,34,43,45,53,55,55,61,61,63,66,67,73,75,81,88,88,89,90,91,93,96,98,108,113,114,118,120,125,137,139,140,143,148,149,150,153,163,170,172,176,178,182,186,198,204,204,229,231,233,236,238,244,246,248,250,250,254,255,260,261,262,262,264,264,268,271,272,273,273,273,276,279,278,280,285
84053009,US,USA,840,53009.0,Clallam,Washington,US,48.04754642,-123.92263190000001,"Clallam, Washington, US",0,0,0,0,0,0,0,0,0,0,0,0,0,0,0,0,0,0,0,0,0,0,0,0,0,0,0,0,0,0,0,0,0,0,0,0,0,0,0,0,0,0,0,0,0,0,0,0,0,0,0,0,0,0,0,0,0,0,1,2,4,4,4,4,5,5,5,5,6,8,8,8,8,8,8,8,8,9,10,11,11,12,12,12,14,14,15,15,15,14,14,14,14,14,15,15,15,17,18,18,18,18,19,18,19,19,19,19,19,19,19,19,19,19,21,21,21,21,21,25,25,25,25,25,25,25,25,25,25,25,25,25,25,27,27,27,27,27,27,27,27,28,28,29,29,29,29,32,32,33,33,33
84053011,US,USA,840,53011.0,Clark,Washington,US,45.77568046,-122.48292040000001,"Clark, Washington, US",0,0,0,0,0,0,0,0,0,0,0,0,0,0,0,0,0,0,0,0,0,0,0,0,0,0,0,0,0,0,0,0,0,0,0,0,0,0,0,0,0,0,0,0,0,1,1,1,1,1,1,3,3,3,4,4,4,4,6,9,10,13,13,16,48,76,82,90,90,116,130,131,137,137,137,168,185,190,206,206,220,220,239,250,258,265,277,277,277,296,306,313,291,293,296,297,308,313,317,321,327,328,328,336,337,341,342,347,346,351,352,362,377,380,382,386,388,388,391,392,394,399,399,410,412,421,424,449,477,509,514,516,546,550,550,550,559,562,566,571,571,595,604,611,617,620,629,630,638,635,642,647
84053013,US,USA,840,53013.0,Columbia,Washington,US,46.29442881,-117.9051983,"Columbia, Washington, US",0,0,0,0,0,0,0,0,0,0,0,0,0,0,0,0,0,0,0,0,0,0,0,0,0,0,0,0,0,0,0,0,0,0,0,0,0,0,0,0,0,0,0,0,0,0,0,0,0,0,0,1,1,1,1,1,1,1,1,1,1,1,1,1,1,1,1,1,1,1,1,1,1,1,1,1,1,1,1,1,1,1,1,1,1,1,1,1,1,1,1,1,1,1,1,1,1,1,1,1,1,1,1,1,1,1,1,1,1,1,1,1,1,1,1,1,1,1,1,1,1,1,1,1,1,1,1,1,1,1,1,1,1,1,1,1,1,1,1,1,1,1,1,1,1,1,1,1,1,2,2,2
84053015,US,USA,840,53015.0,Cowlitz,Washington,US,46.19074721,-122.6782231,"Cowlitz, Washington, US",0,0,0,0,0,0,0,0,0,0,0,0,0,0,0,0,0,0,0,0,0,0,0,0,0,0,0,0,0,0,0,0,0,0,0,0,0,0,0,0,0,0,0,0,0,0,0,0,0,0,0,0,0,0,1,1,1,1,1,2,3,3,3,3,7,7,10,10,14,14,14,18,18,18,18,18,21,21,23,23,23,23,25,25,26,26,26,29,29,32,32,34,35,36,39,39,39,39,41,45,47,53,53,59,60,62,62,64,65,66,66,66,66,68,68,68,68,68,69,70,71,71,71,72,73,73,73,73,73,73,73,73,74,76,76,76,78,81,86,89,89,101,102,105,107,109,118,120,124,130,136,145
84053017,US,USA,840,53017.0,Douglas,Washington,US,47.7361335,-119.69293700000001,"Douglas, Washington, US",0,0,0,0,0,0,0,0,0,0,0,0,0,0,0,0,0,0,0,0,0,0,0,0,0,0,0,0,0,0,0,0,0,0,0,0,0,0,0,0,0,0,0,0,0,0,0,0,0,0,0,0,0,0,0,0,0,0,0,0,0,1,1,2,5,5,5,5,5,5,5,6,6,9,10,10,10,10,12,13,16,16,18,26,29,34,34,34,34,32,59,61,63,69,70,72,75,75,77,78,79,82,82,84,84,95,98,102,107,112,114,114,116,120,124,125,126,129,130,132,137,139,139,157,157,157,162,164,167,169,172,172,172,172,173,177,177,178,178,178,178,178,178,180,185,183,183,184,189,186,188,193
84053019,US,USA,840,53019.0,Ferry,Washington,US,48.471143100000006,-118.5154041,"Ferry, Washington, US",0,0,0,0,0,0,0,0,0,0,0,0,0,0,0,0,0,0,0,0,0,0,0,0,0,0,0,0,0,0,0,0,0,0,0,0,0,0,0,0,0,0,0,0,0,0,0,0,0,0,0,0,0,0,0,0,0,0,0,0,0,0,0,0,1,1,1,1,1,1,1,1,1,1,1,1,1,1,1,1,1,1,1,1,1,1,1,1,1,1,1,1,1,1,1,1,1,1,1,1,1,1,1,1,1,1,1,1,1,1,1,1,1,1,1,1,1,1,1,1,1,1,1,1,1,1,1,1,1,1,1,1,1,1,1,1,1,1,1,1,1,1,1,1,1,1,1,1,1,1,1,1
84053021,US,USA,840,53021.0,Franklin,Washington,US,46.53351425,-118.9018212,"Franklin, Washington, US",0,0,0,0,0,0,0,0,0,0,0,0,0,0,0,0,0,0,0,0,0,0,0,0,0,0,0,0,0,0,0,0,0,0,0,0,0,0,0,0,0,0,0,0,0,0,0,0,0,0,0,0,0,0,0,0,1,1,2,2,3,5,5,7,7,12,12,16,37,33,33,41,45,46,56,64,70,75,86,97,107,112,122,134,185,152,162,177,191,191,192,207,233,239,250,251,256,265,276,279,309,348,363,377,379,387,401,404,408,412,420,422,422,427,433,441,444,456,464,466,472,480,480,499,503,510,513,523,535,549,574,598,610,632,642,670,704,722,746,764,764,826,847,872,896,946,1005,1044,1081,1113,1193,1278
84053023,US,USA,840,53023.0,Garfield,Washington,US,46.43197502,-117.54540320000001,"Garfield, Washington, US",0,0,0,0,0,0,0,0,0,0,0,0,0,0,0,0,0,0,0,0,0,0,0,0,0,0,0,0,0,0,0,0,0,0,0,0,0,0,0,0,0,0,0,0,0,0,0,0,0,0,0,0,0,0,0,0,0,0,0,0,1,0,0,0,0,0,0,0,0,0,0,0,0,0,0,0,0,0,0,0,0,0,0,0,0,0,0,0,0,0,0,0,0,0,0,0,0,0,0,0,0,0,0,0,0,0,0,0,0,0,0,0,0,0,0,0,0,0,0,0,0,0,0,0,0,0,0,0,0,0,0,0,0,0,0,0,0,0,0,0,0,0,0,0,0,0,0,0,0,0,0,0
84053025,US,USA,840,53025.0,Grant,Washington,US,47.20753737,-119.4500749,"Grant, Washington, US",0,0,0,0,0,0,0,0,0,0,0,0,0,0,0,0,0,0,0,0,0,0,0,0,0,0,0,0,0,0,0,0,0,0,0,0,0,0,0,0,0,0,0,1,1,1,1,1,1,1,1,1,2,2,3,7,8,8,8,11,18,23,23,27,33,39,44,50,59,63,63,73,75,77,80,88,88,94,95,101,110,114,120,122,122,129,133,140,143,143,143,147,146,149,150,150,152,155,155,159,163,169,170,180,180,179,179,180,181,181,183,183,185,185,185,185,186,187,186,188,188,189,189,190,190,190,194,198,202,203,204,208,208,211,212,214,215,216,218,222,222,235,241,253,259,264,268,310,328,348,354,373
84053027,US,USA,840,53027.0,Grays Harbor,Washington,US,47.14003705,-123.7820567,"Grays Harbor, Washington, US",0,0,0,0,0,0,0,0,0,0,0,0,0,0,0,0,0,0,0,0,0,0,0,0,0,0,0,0,0,0,0,0,0,0,0,0,0,0,0,0,0,0,0,0,0,0,0,0,0,0,0,1,1,1,1,1,1,1,1,1,1,1,1,1,1,1,1,1,1,2,2,2,2,3,6,6,6,7,7,8,8,11,11,11,12,12,12,12,12,12,12,12,12,12,12,12,12,12,12,12,12,12,12,12,12,12,13,13,14,13,13,13,13,13,14,15,15,15,15,15,15,16,16,16,16,16,16,16,16,16,17,17,17,18,18,19,19,19,19,19,19,19,20,20,20,20,20,21,21,22,24,24
84053029,US,USA,840,53029.0,Island,Washington,US,48.14713305,-122.5216407,"Island, Washington, US",0,0,0,0,0,0,0,0,0,0,0,0,0,0,0,0,0,0,0,0,0,0,0,0,0,0,0,0,0,0,0,0,0,0,0,0,0,0,0,0,0,0,0,0,0,0,0,0,0,1,1,3,6,6,7,14,16,17,19,19,21,25,25,38,64,64,80,93,105,106,109,114,119,122,130,141,142,145,155,155,157,158,158,162,163,164,165,165,166,166,166,168,160,160,161,160,164,168,168,168,169,169,169,169,168,172,173,172,173,174,174,174,176,176,176,176,176,176,176,176,177,177,177,177,177,177,177,177,178,178,178,178,181,181,181,181,181,181,182,181,181,182,182,182,182,182,183,184,184,186,188,188
84053031,US,USA,840,53031.0,Jefferson,Washington,US,47.75003077,-123.56097040000002,"Jefferson, Washington, US",0,0,0,0,0,0,0,0,0,0,0,0,0,0,0,0,0,0,0,0,0,0,0,0,0,0,0,0,0,0,0,0,0,0,0,0,0,0,0,0,0,0,0,0,0,1,1,1,1,1,1,1,1,1,3,3,4,4,4,4,6,6,8,9,11,11,11,13,14,16,17,19,19,19,20,22,27,27,27,28,28,28,28,28,28,28,28,28,29,28,28,28,28,28,28,28,28,28,28,28,28,28,28,28,28,28,28,28,29,29,29,29,29,29,29,30,30,30,30,30,30,30,30,30,30,30,30,30,30,30,30,31,31,31,31,31,31,31,31,31,31,31,31,31,31,32,32,32,32,33,33,33
84053033,US,USA,840,53033.0,King,Washington,US,47.49137892,-121.8346131,"King, Washington, US",1,1,1,1,1,1,1,1,1,1,1,1,1,1,1,1,1,1,1,1,1,1,1,1,1,1,1,1,1,1,1,1,1,1,1,1,1,1,6,9,14,21,31,51,58,71,83,83,116,190,270,328,387,387,488,569,562,693,793,934,1040,1170,1170,1359,1577,1577,2077,2159,2161,2330,2330,2656,2787,2898,3167,3331,3486,3688,3886,4117,4262,4426,4426,4549,4620,4697,4902,4902,5174,5174,5293,5379,5532,5637,5739,5863,5945,6001,6103,6207,6274,6351,6449,6545,6621,6704,6809,6863,6947,7007,7068,7137,7212,7290,7325,7426,7472,7515,7565,7602,7630,7669,7669,7783,7826,7835,7863,7923,7949,7993,8092,8123,8177,8264,8318,8371,8417,8457,8496,8529,8529,8550,8611,8694,8722,8785,8850,8885,8963,9061,9154,9211
84053035,US,USA,840,53035.0,Kitsap,Washington,US,47.63479026,-122.6436061,"Kitsap, Washington, US",0,0,0,0,0,0,0,0,0,0,0,0,0,0,0,0,0,0,0,0,0,0,0,0,0,0,0,0,0,0,0,0,0,0,0,0,0,0,0,0,0,0,0,0,0,0,0,0,1,2,2,3,3,3,7,7,9,12,12,15,18,18,18,20,33,33,42,50,56,74,74,83,95,99,104,104,119,119,120,126,128,132,132,132,132,132,135,135,138,138,138,141,144,143,144,144,147,148,148,149,150,150,150,150,150,151,154,154,155,155,156,156,156,157,157,159,160,160,161,161,161,160,160,161,161,161,161,161,161,161,161,162,162,163,163,164,165,165,165,170,170,170,173,176,176,178,178,180,182,185,189,190
84053037,US,USA,840,53037.0,Kittitas,Washington,US,47.12521214,-120.67943899999999,"Kittitas, Washington, US",0,0,0,0,0,0,0,0,0,0,0,0,0,0,0,0,0,0,0,0,0,0,0,0,0,0,0,0,0,0,0,0,0,0,0,0,0,0,0,0,0,0,0,0,0,0,1,1,1,1,2,3,3,3,3,3,4,4,4,4,4,4,5,18,8,8,8,8,9,9,9,10,10,10,10,12,13,13,15,15,15,13,14,14,14,14,14,14,14,14,14,14,14,14,14,14,14,15,14,14,15,15,15,14,14,15,15,15,17,18,40,40,40,39,47,51,52,57,61,66,66,66,66,72,75,75,80,80,83,87,88,88,89,89,88,88,88,89,90,90,90,90,92,92,92,92,92,92,92,94,95,98
84053039,US,USA,840,53039.0,Klickitat,Washington,US,45.87325839,-120.7913598,"Klickitat, Washington, US",0,0,0,0,0,0,0,0,0,0,0,0,0,0,0,0,0,0,0,0,0,0,0,0,0,0,0,0,0,0,0,0,0,0,0,0,0,0,0,0,0,0,0,0,0,0,0,0,0,0,0,0,0,0,0,1,1,2,2,4,4,4,4,6,7,7,7,7,8,9,9,9,9,9,11,11,11,11,12,12,12,14,14,14,15,16,16,16,16,16,16,16,16,16,16,16,16,16,16,17,17,17,18,18,17,18,19,19,19,19,20,21,22,22,22,22,24,24,25,24,24,24,24,24,24,24,24,24,24,24,25,25,28,28,29,30,33,33,35,37,37,42,42,45,45,46,49,49,52,51,51,51
84053041,US,USA,840,53041.0,Lewis,Washington,US,46.57756476,-122.39257690000001,"Lewis, Washington, US",0,0,0,0,0,0,0,0,0,0,0,0,0,0,0,0,0,0,0,0,0,0,0,0,0,0,0,0,0,0,0,0,0,0,0,0,0,0,0,0,0,0,0,0,0,0,0,0,0,0,0,0,0,0,1,1,1,1,1,2,2,2,2,2,5,5,7,7,10,10,10,10,12,13,13,16,16,16,17,18,18,17,17,17,19,19,19,19,20,21,21,21,22,25,29,29,29,29,29,29,29,29,29,29,29,29,30,30,30,30,30,32,33,32,32,34,34,35,35,35,35,35,35,35,35,35,35,35,35,36,37,37,37,37,37,37,37,37,37,37,37,37,38,38,38,39,40,41,43,47,47,49
84053043,US,USA,840,53043.0,Lincoln,Washington,US,47.57705241,-118.41943880000001,"Lincoln, Washington, US",0,0,0,0,0,0,0,0,0,0,0,0,0,0,0,0,0,0,0,0,0,0,0,0,0,0,0,0,0,0,0,0,0,0,0,0,0,0,0,0,0,0,0,0,0,0,0,0,0,0,0,0,0,0,1,1,1,1,1,1,1,1,1,1,1,1,1,1,1,1,1,1,1,1,1,1,1,1,1,1,2,2,2,2,2,2,2,2,2,2,2,2,2,2,2,2,2,2,2,2,2,2,2,2,2,2,2,2,2,2,2,2,2,2,2,2,2,2,2,2,2,2,2,2,2,2,2,2,2,2,2,2,2,2,2,2,2,2,2,2,2,2,2,2,2,2,2,2,2,2,2,2
84053045,US,USA,840,53045.0,Mason,Washington,US,47.35007586,-123.1863685,"Mason, Washington, US",0,0,0,0,0,0,0,0,0,0,0,0,0,0,0,0,0,0,0,0,0,0,0,0,0,0,0,0,0,0,0,0,0,0,0,0,0,0,0,0,0,0,0,0,0,0,0,0,0,0,0,0,0,0,0,0,1,1,1,1,1,1,1,2,2,2,2,2,2,5,6,11,13,13,14,15,16,17,17,18,18,19,19,19,19,20,21,22,22,22,22,22,22,22,22,22,23,23,23,23,25,25,26,26,26,26,28,28,28,28,28,29,30,30,30,30,31,33,33,33,33,34,34,34,34,34,34,34,35,35,36,36,36,36,36,37,37,38,38,39,39,39,39,39,40,40,40,41,41,41,42,42
84053047,US,USA,840,53047.0,Okanogan,Washington,US,48.54855019,-119.73872240000001,"Okanogan, Washington, US",0,0,0,0,0,0,0,0,0,0,0,0,0,0,0,0,0,0,0,0,0,0,0,0,0,0,0,0,0,0,0,0,0,0,0,0,0,0,0,0,0,0,0,0,0,0,0,0,0,0,0,0,0,0,0,0,0,0,0,0,0,0,0,0,1,1,3,3,3,3,3,3,4,6,7,9,9,10,12,12,14,15,15,15,15,15,15,15,15,14,14,14,16,16,17,19,20,21,21,22,21,21,21,21,21,21,21,21,22,25,25,30,29,31,35,37,40,40,40,40,42,42,42,43,44,44,45,47,47,46,49,49,50,52,53,52,56,56,56,56,56,56,57,57,57,58,58,61,62,63,63,63
84053049,US,USA,840,53049.0,Pacific,Washington,US,46.55418369,-123.7285716,"Pacific, Washington, US",0,0,0,0,0,0,0,0,0,0,0,0,0,0,0,0,0,0,0,0,0,0,0,0,0,0,0,0,0,0,0,0,0,0,0,0,0,0,0,0,0,0,0,0,0,0,0,0,0,0,0,0,0,0,0,0,0,0,0,0,0,0,0,0,0,0,0,0,0,0,0,0,0,0,0,0,0,0,0,0,1,1,1,1,1,1,1,1,1,3,3,3,4,4,4,4,4,4,4,4,4,4,4,4,4,4,4,8,9,9,9,9,9,9,9,9,9,9,9,9,9,9,9,9,9,9,9,9,9,9,9,9,9,9,9,9,9,9,9,10,10,10,11,11,12,12,12,12,12,12,12,12
84053051,US,USA,840,53051.0,Pend Oreille,Washington,US,48.53234021,-117.2741804,"Pend Oreille, Washington, US",0,0,0,0,0,0,0,0,0,0,0,0,0,0,0,0,0,0,0,0,0,0,0,0,0,0,0,0,0,0,0,0,0,0,0,0,0,0,0,0,0,0,0,0,0,0,0,0,0,0,0,0,0,0,0,0,0,0,0,0,0,0,0,0,0,0,0,0,0,0,0,0,1,1,1,1,1,1,1,1,1,1,1,1,1,1,2,2,2,2,2,2,2,2,2,2,2,2,2,2,2,2,2,2,2,2,2,2,2,2,2,2,2,2,2,2,2,2,2,2,2,2,2,3,3,3,3,3,3,3,3,3,3,3,3,3,3,3,3,3,3,3,3,3,3,3,3,3,3,3,3,3
84053053,US,USA,840,53053.0,Pierce,Washington,US,47.03892768,-122.14059579999999,"Pierce, Washington, US",0,0,0,0,0,0,0,0,0,0,0,0,0,0,0,0,0,0,0,0,0,0,0,0,0,0,0,0,0,0,0,0,0,0,0,0,0,0,0,0,0,0,0,0,0,1,4,4,4,14,17,19,26,26,38,45,56,75,83,95,107,126,138,155,186,231,231,317,317,377,377,498,571,620,688,717,760,795,838,875,922,931,969,969,1000,1022,1086,1086,1143,1188,1219,1236,1192,1212,1235,1244,1263,1293,1306,1322,1339,1376,1393,1414,1433,1454,1496,1510,1539,1562,1582,1593,1604,1626,1636,1654,1680,1687,1704,1716,1719,1728,1728,1756,1762,1766,1856,1884,1909,1922,1937,1940,1950,1968,1991,2007,2019,2034,2040,2050,2050,2078,2097,2111,2134,2143,2161,2179,2199,2230,2258,2281
84053055,US,USA,840,53055.0,San Juan,Washington,US,48.60182783,-122.96745,"San Juan, Washington, US",0,0,0,0,0,0,0,0,0,0,0,0,0,0,0,0,0,0,0,0,0,0,0,0,0,0,0,0,0,0,0,0,0,0,0,0,0,0,0,0,0,0,0,0,0,0,0,0,0,0,0,0,0,0,0,0,0,0,0,1,1,1,1,1,2,2,3,4,4,4,4,6,6,6,7,9,10,12,12,12,13,13,13,13,13,13,13,15,15,15,15,15,14,14,14,14,14,14,14,14,14,14,14,14,14,14,14,14,15,15,15,15,15,15,15,15,15,15,15,15,15,15,15,15,15,15,15,15,15,15,15,15,15,15,15,15,15,15,15,15,15,14,15,15,15,15,16,16,16,16,17,18
84053057,US,USA,840,53057.0,Skagit,Washington,US,48.48171488,-121.766131,"Skagit, Washington, US",0,0,0,0,0,0,0,0,0,0,0,0,0,0,0,0,0,0,0,0,0,0,0,0,0,0,0,0,0,0,0,0,0,0,0,0,0,0,0,0,0,0,0,0,0,0,0,0,0,1,1,3,4,4,7,9,14,18,25,28,33,33,45,48,78,78,91,99,101,121,128,143,153,161,161,161,166,169,172,178,185,187,191,195,198,209,218,226,240,245,252,255,280,283,287,299,305,308,322,329,337,345,354,357,364,379,389,391,397,401,402,406,411,416,423,425,425,426,426,426,426,426,426,426,426,427,428,428,430,432,434,435,438,443,446,450,449,449,450,450,450,452,454,457,461,463,464,469,474,479,482,485
84053059,US,USA,840,53059.0,Skamania,Washington,US,46.02408726,-121.91644029999999,"Skamania, Washington, US",0,0,0,0,0,0,0,0,0,0,0,0,0,0,0,0,0,0,0,0,0,0,0,0,0,0,0,0,0,0,0,0,0,0,0,0,0,0,0,0,0,0,0,0,0,0,0,0,0,0,0,0,0,0,0,0,0,0,0,0,0,0,0,0,0,0,1,1,1,1,1,1,1,1,2,2,2,2,2,2,3,3,3,3,3,3,3,3,3,3,3,3,3,3,3,3,3,3,3,3,3,3,3,3,3,3,3,3,3,3,3,3,3,3,3,3,3,3,3,3,3,3,3,3,3,3,3,3,3,3,3,3,3,4,3,3,3,3,3,3,3,3,3,3,3,3,3,3,3,5,5,5
84053061,US,USA,840,53061.0,Snohomish,Washington,US,48.04615983,-121.7170703,"Snohomish, Washington, US",0,0,0,0,0,0,0,0,0,0,0,0,0,0,0,0,0,0,0,0,0,0,0,0,0,0,0,0,0,0,0,0,0,0,0,0,0,0,1,2,4,6,8,18,19,27,31,31,37,68,108,133,154,154,200,266,310,348,385,447,480,519,614,634,778,912,913,912,1068,1229,1304,1376,1376,1503,1559,1603,1659,1695,1745,1802,1835,1867,1907,1950,1988,2032,2056,2093,2143,2163,2189,2209,2216,2243,2297,2311,2332,2365,2389,2433,2453,2493,2509,2537,2549,2584,2627,2634,2664,2681,2690,2711,2720,2739,2756,2773,2784,2797,2818,2826,2846,2863,2863,2895,2904,2916,2927,2937,2945,2956,2967,2976,2987,2991,2999,3014,3025,3033,3039,3064,3064,3075,3107,3129,3136,3152,3171,3187,3200,3208,3226,3237
84053063,US,USA,840,53063.0,Spokane,Washington,US,47.62113146,-117.4046494,"Spokane, Washington, US",0,0,0,0,0,0,0,0,0,0,0,0,0,0,0,0,0,0,0,0,0,0,0,0,0,0,0,0,0,0,0,0,0,0,0,0,0,0,0,0,0,0,0,0,0,0,0,0,0,0,0,0,3,3,3,4,5,9,11,16,20,20,29,33,67,83,108,108,136,136,158,182,194,209,219,222,222,239,246,251,251,274,276,276,278,286,298,302,307,313,315,317,320,330,345,347,347,350,353,357,367,366,369,372,373,379,380,381,381,382,384,385,387,393,393,396,400,403,411,415,421,437,437,477,494,497,516,531,555,582,596,600,612,627,648,664,713,727,753,769,769,778,791,804,820,833,846,870,880,902,954,974
84053065,US,USA,840,53065.0,Stevens,Washington,US,48.40035475,-117.8542701,"Stevens, Washington, US",0,0,0,0,0,0,0,0,0,0,0,0,0,0,0,0,0,0,0,0,0,0,0,0,0,0,0,0,0,0,0,0,0,0,0,0,0,0,0,0,0,0,0,0,0,0,0,0,0,0,0,0,0,0,0,0,0,0,0,1,1,1,1,1,2,2,3,3,3,4,4,5,5,5,5,5,5,5,6,6,6,7,7,7,7,7,7,8,8,8,8,8,9,9,10,9,9,9,9,9,9,9,9,9,9,9,9,9,9,9,9,9,9,9,9,9,9,9,10,10,10,10,10,10,10,10,10,11,11,11,11,11,11,13,13,13,13,13,13,13,13,15,15,15,15,15,15,16,16,16,16,17
84053067,US,USA,840,53067.0,Thurston,Washington,US,46.9291895,-122.82906559999999,"Thurston, Washington, US",0,0,0,0,0,0,0,0,0,0,0,0,0,0,0,0,0,0,0,0,0,0,0,0,0,0,0,0,0,0,0,0,0,0,0,0,0,0,0,0,0,0,0,0,0,0,0,0,0,1,1,1,3,3,4,5,6,6,8,9,11,11,11,14,24,24,27,33,36,48,48,51,58,64,67,67,74,74,77,81,81,81,81,81,82,86,89,89,93,94,94,94,96,98,101,100,100,100,104,105,106,111,111,113,113,116,115,115,117,121,121,122,122,123,122,123,124,124,124,124,124,124,124,127,129,130,131,132,133,135,147,151,152,154,154,157,163,166,170,171,171,172,183,187,190,190,197,197,201,209,212,211
84053069,US,USA,840,53069.0,Wahkiakum,Washington,US,46.29180039999999,-123.4250831,"Wahkiakum, Washington, US",0,0,0,0,0,0,0,0,0,0,0,0,0,0,0,0,0,0,0,0,0,0,0,0,0,0,0,0,0,0,0,0,0,0,0,0,0,0,0,0,0,0,0,0,0,0,0,0,0,0,0,0,0,0,0,0,0,0,0,0,0,0,0,0,0,0,0,0,0,0,0,0,1,1,1,2,2,2,2,2,2,2,2,2,2,2,2,2,2,2,2,2,2,2,2,2,2,2,2,2,2,2,2,2,2,2,2,3,3,3,4,4,4,4,4,4,4,4,4,4,4,4,4,4,4,4,4,4,4,4,4,4,4,4,4,4,4,4,4,4,4,4,4,4,4,4,4,4,4,4,4,4
84053071,US,USA,840,53071.0,Walla Walla,Washington,US,46.23040051,-118.4775539,"Walla Walla, Washington, US",0,0,0,0,0,0,0,0,0,0,0,0,0,0,0,0,0,0,0,0,0,0,0,0,0,0,0,0,0,0,0,0,0,0,0,0,0,0,0,0,0,0,0,0,0,0,0,0,0,0,0,0,0,0,0,0,0,0,0,1,1,1,1,2,2,2,4,5,6,6,7,8,8,8,9,12,13,16,17,17,20,21,21,21,23,26,26,27,27,33,33,34,41,48,50,52,55,57,62,67,76,87,88,92,93,96,97,97,99,99,103,106,105,105,105,106,107,107,106,106,106,106,106,107,108,108,108,108,108,109,108,108,110,110,111,111,113,116,116,117,117,118,118,118,118,120,122,124,127,129,132,135
84053073,US,USA,840,53073.0,Whatcom,Washington,US,48.82227976,-121.74900179999999,"Whatcom, Washington, US",0,0,0,0,0,0,0,0,0,0,0,0,0,0,0,0,0,0,0,0,0,0,0,0,0,0,0,0,0,0,0,0,0,0,0,0,0,0,0,0,0,0,0,0,0,0,0,0,0,1,1,1,2,2,3,6,7,7,10,14,14,48,48,64,86,92,102,116,116,139,139,175,182,199,224,228,238,238,243,250,261,263,264,264,269,273,271,276,277,278,280,281,282,282,284,288,287,293,294,302,305,312,316,317,318,324,328,329,330,333,338,340,341,343,344,347,353,358,359,360,363,363,363,368,369,378,380,383,383,392,396,398,401,402,404,405,409,410,419,420,420,428,436,440,448,453,455,457,467,474,486,499
84053075,US,USA,840,53075.0,Whitman,Washington,US,46.90022523,-117.52417630000001,"Whitman, Washington, US",0,0,0,0,0,0,0,0,0,0,0,0,0,0,0,0,0,0,0,0,0,0,0,0,0,0,0,0,0,0,0,0,0,0,0,0,0,0,0,0,0,0,0,0,0,0,0,0,0,0,0,0,0,0,0,0,0,0,0,0,1,2,2,2,3,5,6,6,8,8,10,11,11,11,11,12,12,12,12,12,12,12,12,12,12,13,14,15,15,13,13,13,13,14,14,14,14,14,14,14,14,14,14,14,14,14,14,15,15,15,15,15,16,16,16,16,16,16,16,16,16,16,16,16,16,16,16,16,16,16,16,16,16,20,20,20,20,20,20,20,20,21,27,27,27,27,29,28,30,28,28,30
84053077,US,USA,840,53077.0,Yakima,Washington,US,46.45738486,-120.73801259999999,"Yakima, Washington, US",0,0,0,0,0,0,0,0,0,0,0,0,0,0,0,0,0,0,0,0,0,0,0,0,0,0,0,0,0,0,0,0,0,0,0,0,0,0,0,0,0,0,0,0,0,0,0,0,0,0,0,2,4,4,4,5,7,7,10,13,16,16,25,47,61,66,82,140,147,161,161,224,240,289,326,363,380,400,433,447,511,535,538,614,635,674,707,759,804,835,868,886,879,923,976,1015,1034,1046,1082,1128,1203,1272,1296,1372,1389,1449,1547,1579,1686,1781,1864,1916,1946,2002,2052,2217,2253,2370,2444,2518,2551,2594,2594,2812,2958,3008,3048,3231,3369,3458,3585,3749,3817,3938,4031,4141,4366,4509,4665,4834,4834,4988,5129,5265,5384,5450,5597,5651,5777,5915,6129,6283
84054001,US,USA,840,54001.0,Barbour,West Virginia,US,39.1307219,-80.00350858,"Barbour, West Virginia, US",0,0,0,0,0,0,0,0,0,0,0,0,0,0,0,0,0,0,0,0,0,0,0,0,0,0,0,0,0,0,0,0,0,0,0,0,0,0,0,0,0,0,0,0,0,0,0,0,0,0,0,0,0,0,0,0,0,0,0,0,0,0,0,0,0,0,0,0,0,0,1,1,1,2,2,2,3,4,5,4,4,4,4,4,4,4,4,4,4,4,4,4,4,4,4,4,4,4,4,5,5,5,5,5,6,6,6,7,7,7,7,7,7,7,7,7,7,7,7,7,7,7,7,7,7,7,9,9,9,9,9,9,9,8,8,8,8,8,8,8,9,10,10,10,10,10,10,11,11,11,11,12
84054003,US,USA,840,54003.0,Berkeley,West Virginia,US,39.46704621,-78.02414609,"Berkeley, West Virginia, US",0,0,0,0,0,0,0,0,0,0,0,0,0,0,0,0,0,0,0,0,0,0,0,0,0,0,0,0,0,0,0,0,0,0,0,0,0,0,0,0,0,0,0,0,0,0,0,0,0,0,0,0,0,0,0,0,0,0,0,0,0,0,0,2,2,4,9,10,14,16,21,27,37,49,54,54,57,66,82,89,89,92,92,100,99,102,106,106,109,111,113,121,127,129,129,131,133,141,143,145,153,156,159,166,166,166,173,184,184,188,190,191,197,200,205,207,210,215,215,245,248,256,256,285,286,286,297,298,301,307,308,314,319,326,336,340,343,344,347,350,361,369,376,386,386,395,399,407,415,427,429,432
84054005,US,USA,840,54005.0,Boone,West Virginia,US,38.01974191,-81.69888019,"Boone, West Virginia, US",0,0,0,0,0,0,0,0,0,0,0,0,0,0,0,0,0,0,0,0,0,0,0,0,0,0,0,0,0,0,0,0,0,0,0,0,0,0,0,0,0,0,0,0,0,0,0,0,0,0,0,0,0,0,0,0,0,0,0,0,0,0,0,0,0,0,0,0,0,0,0,0,0,0,0,0,0,1,1,1,1,1,1,1,1,2,2,2,2,2,2,2,2,2,2,2,2,2,3,3,6,6,6,6,6,6,6,8,8,9,9,9,9,9,9,9,9,9,9,9,9,9,9,9,9,9,9,10,10,9,9,9,9,9,11,11,11,15,15,16,15,17,17,17,17,18,19,20,20,20,20,20
84054007,US,USA,840,54007.0,Braxton,West Virginia,US,38.70036159,-80.72011184,"Braxton, West Virginia, US",0,0,0,0,0,0,0,0,0,0,0,0,0,0,0,0,0,0,0,0,0,0,0,0,0,0,0,0,0,0,0,0,0,0,0,0,0,0,0,0,0,0,0,0,0,0,0,0,0,0,0,0,0,0,0,0,0,0,0,0,0,0,0,0,0,0,0,0,0,0,0,0,0,0,0,0,0,1,1,1,1,1,1,1,1,1,1,1,1,1,1,1,1,1,1,2,2,2,2,2,2,2,2,2,2,2,2,2,2,2,2,2,2,2,2,2,2,2,2,2,2,2,2,2,2,2,2,2,2,2,2,2,2,2,2,2,2,2,2,2,2,3,3,3,3,3,3,3,3,3,3,3
84054009,US,USA,840,54009.0,Brooke,West Virginia,US,40.27367263,-80.57915332,"Brooke, West Virginia, US",0,0,0,0,0,0,0,0,0,0,0,0,0,0,0,0,0,0,0,0,0,0,0,0,0,0,0,0,0,0,0,0,0,0,0,0,0,0,0,0,0,0,0,0,0,0,0,0,0,0,0,0,0,0,0,0,0,0,0,0,0,0,0,0,0,0,0,0,0,0,0,0,0,0,0,0,1,1,2,3,3,3,3,3,3,3,3,3,3,3,3,3,3,3,3,4,4,3,3,3,3,3,3,3,3,3,3,3,3,3,3,3,3,3,3,3,3,3,3,3,3,3,3,3,3,3,4,4,4,5,5,5,5,5,5,5,5,5,5,5,5,5,5,5,5,6,6,6,6,6,6,6
84054011,US,USA,840,54011.0,Cabell,West Virginia,US,38.42424062,-82.23855912,"Cabell, West Virginia, US",0,0,0,0,0,0,0,0,0,0,0,0,0,0,0,0,0,0,0,0,0,0,0,0,0,0,0,0,0,0,0,0,0,0,0,0,0,0,0,0,0,0,0,0,0,0,0,0,0,0,0,0,0,0,0,0,0,0,0,0,0,0,0,0,0,0,0,0,1,1,1,3,5,5,5,7,11,12,17,21,21,22,23,26,28,28,28,29,34,34,34,35,38,38,38,40,41,41,42,42,43,44,44,44,44,44,48,48,48,52,53,53,53,53,55,56,57,56,56,55,55,57,57,59,59,59,60,61,61,64,66,66,67,67,69,69,70,70,70,70,71,71,72,71,71,75,75,77,79,80,81,83
84054013,US,USA,840,54013.0,Calhoun,West Virginia,US,38.84315422,-81.11934872,"Calhoun, West Virginia, US",0,0,0,0,0,0,0,0,0,0,0,0,0,0,0,0,0,0,0,0,0,0,0,0,0,0,0,0,0,0,0,0,0,0,0,0,0,0,0,0,0,0,0,0,0,0,0,0,0,0,0,0,0,0,0,0,0,0,0,0,0,0,0,0,0,0,0,0,0,0,0,0,0,0,0,0,0,0,0,0,0,0,0,0,0,0,0,0,0,0,0,0,0,0,0,0,0,0,0,0,0,0,0,0,0,0,0,0,0,0,0,0,0,0,0,1,2,2,2,2,2,2,2,2,2,2,2,2,2,2,2,2,2,2,2,2,2,2,2,2,2,2,2,2,2,2,2,2,2,2,2,2
84054015,US,USA,840,54015.0,Clay,West Virginia,US,38.46231092,-81.07652217,"Clay, West Virginia, US",0,0,0,0,0,0,0,0,0,0,0,0,0,0,0,0,0,0,0,0,0,0,0,0,0,0,0,0,0,0,0,0,0,0,0,0,0,0,0,0,0,0,0,0,0,0,0,0,0,0,0,0,0,0,0,0,0,0,0,0,0,0,0,0,0,0,0,0,0,0,0,0,0,0,0,0,0,0,0,0,0,0,0,0,0,0,0,0,0,0,0,0,0,0,0,0,0,0,0,0,0,0,0,0,0,0,0,2,2,2,2,2,2,2,2,2,2,2,2,2,2,2,2,2,2,2,2,2,2,4,4,5,5,6,6,7,7,7,7,7,7,7,8,10,10,10,10,10,10,10,10,10
84054017,US,USA,840,54017.0,Doddridge,West Virginia,US,39.27057157,-80.70671527,"Doddridge, West Virginia, US",0,0,0,0,0,0,0,0,0,0,0,0,0,0,0,0,0,0,0,0,0,0,0,0,0,0,0,0,0,0,0,0,0,0,0,0,0,0,0,0,0,0,0,0,0,0,0,0,0,0,0,0,0,0,0,0,0,0,0,0,0,0,0,0,0,0,0,0,0,0,0,0,0,0,0,0,0,0,0,0,0,0,0,0,0,0,0,0,0,0,0,0,0,0,0,0,0,0,0,0,0,0,0,0,0,0,0,0,0,0,0,0,0,0,0,0,0,0,0,0,0,0,0,0,0,0,0,0,0,0,0,0,0,0,0,0,0,0,0,0,0,0,0,0,0,0,0,0,0,0,0,0
84054019,US,USA,840,54019.0,Fayette,West Virginia,US,38.02974928,-81.08286634,"Fayette, West Virginia, US",0,0,0,0,0,0,0,0,0,0,0,0,0,0,0,0,0,0,0,0,0,0,0,0,0,0,0,0,0,0,0,0,0,0,0,0,0,0,0,0,0,0,0,0,0,0,0,0,0,0,0,0,0,0,0,0,0,0,0,0,0,0,0,0,0,0,0,0,0,0,0,0,0,0,0,0,1,1,1,3,2,2,2,2,2,2,4,4,5,5,5,5,8,9,9,9,10,12,12,13,14,14,15,16,20,20,28,30,30,35,35,34,34,36,38,38,38,38,38,39,39,42,42,46,45,45,47,46,46,46,48,50,50,52,52,54,54,54,54,54,54,54,54,54,54,54,54,54,56,56,57,58
84054021,US,USA,840,54021.0,Gilmer,West Virginia,US,38.9251277,-80.85952723,"Gilmer, West Virginia, US",0,0,0,0,0,0,0,0,0,0,0,0,0,0,0,0,0,0,0,0,0,0,0,0,0,0,0,0,0,0,0,0,0,0,0,0,0,0,0,0,0,0,0,0,0,0,0,0,0,0,0,0,0,0,0,0,0,0,0,0,0,0,0,0,0,0,0,0,0,0,0,0,0,0,0,0,0,0,0,0,0,0,0,0,0,0,0,0,0,0,0,0,0,0,0,2,2,2,2,2,2,2,2,3,3,3,3,4,4,8,8,8,8,8,8,8,8,8,8,9,9,9,9,10,10,10,10,10,10,10,10,10,10,10,10,10,10,10,10,10,10,10,10,10,10,10,10,10,10,10,10,10
84054023,US,USA,840,54023.0,Grant,West Virginia,US,39.10314817,-79.19440518,"Grant, West Virginia, US",0,0,0,0,0,0,0,0,0,0,0,0,0,0,0,0,0,0,0,0,0,0,0,0,0,0,0,0,0,0,0,0,0,0,0,0,0,0,0,0,0,0,0,0,0,0,0,0,0,0,0,0,0,0,0,0,0,0,0,0,0,0,0,0,0,0,0,0,0,0,0,0,0,0,0,0,0,0,0,0,0,0,1,1,1,1,1,1,1,1,1,1,1,1,1,1,1,1,1,1,1,1,1,3,3,3,3,3,3,3,3,3,5,6,6,6,6,6,6,6,6,6,6,9,11,11,11,11,11,12,12,12,12,12,12,12,12,12,14,14,14,16,16,16,16,16,16,16,16,16,16,16
84054025,US,USA,840,54025.0,Greenbrier,West Virginia,US,37.9463652,-80.45335881,"Greenbrier, West Virginia, US",0,0,0,0,0,0,0,0,0,0,0,0,0,0,0,0,0,0,0,0,0,0,0,0,0,0,0,0,0,0,0,0,0,0,0,0,0,0,0,0,0,0,0,0,0,0,0,0,0,0,0,0,0,0,0,0,0,0,0,0,0,0,0,0,0,0,1,2,3,3,3,3,3,3,3,3,3,3,3,3,3,3,3,3,3,3,3,3,3,3,3,3,3,3,3,3,3,3,3,3,3,5,6,7,7,7,8,8,8,8,8,8,8,8,8,8,9,9,9,9,9,9,9,9,9,9,9,9,9,9,9,9,9,9,9,9,9,9,9,9,9,9,11,13,21,30,37,37,42,42,48,50
84054027,US,USA,840,54027.0,Hampshire,West Virginia,US,39.32103553,-78.60826476,"Hampshire, West Virginia, US",0,0,0,0,0,0,0,0,0,0,0,0,0,0,0,0,0,0,0,0,0,0,0,0,0,0,0,0,0,0,0,0,0,0,0,0,0,0,0,0,0,0,0,0,0,0,0,0,0,0,0,0,0,0,0,0,0,0,0,0,0,0,0,0,0,0,0,0,0,0,0,0,0,0,0,0,0,1,2,3,4,4,4,5,7,7,6,6,6,6,6,7,7,7,7,7,7,7,7,7,7,7,7,8,8,8,8,8,8,9,9,10,10,11,12,12,12,12,12,12,12,13,13,15,21,21,23,29,29,28,29,31,31,31,31,33,34,33,33,33,35,35,35,39,39,39,40,40,40,40,40,40
84054029,US,USA,840,54029.0,Hancock,West Virginia,US,40.51943859,-80.57461608,"Hancock, West Virginia, US",0,0,0,0,0,0,0,0,0,0,0,0,0,0,0,0,0,0,0,0,0,0,0,0,0,0,0,0,0,0,0,0,0,0,0,0,0,0,0,0,0,0,0,0,0,0,0,0,0,0,0,0,0,0,0,0,0,0,0,0,0,0,0,0,1,0,1,3,3,3,6,5,5,6,6,6,7,7,7,7,7,7,7,7,7,7,7,7,7,7,7,7,7,7,7,8,8,8,9,10,10,11,11,11,11,11,11,12,12,12,12,12,12,12,12,12,12,12,12,12,13,15,15,18,18,18,17,17,17,18,18,19,19,19,20,20,20,20,20,20,20,20,20,20,20,20,20,20,21,21,21,21
84054031,US,USA,840,54031.0,Hardy,West Virginia,US,39.00683177,-78.85855301,"Hardy, West Virginia, US",0,0,0,0,0,0,0,0,0,0,0,0,0,0,0,0,0,0,0,0,0,0,0,0,0,0,0,0,0,0,0,0,0,0,0,0,0,0,0,0,0,0,0,0,0,0,0,0,0,0,0,0,0,0,0,0,0,0,0,0,0,0,0,0,0,0,0,0,0,1,1,2,2,2,2,2,2,2,2,2,2,2,2,2,2,3,3,3,3,3,3,3,3,3,3,3,3,4,5,5,6,7,7,9,9,9,12,15,15,16,16,17,20,25,25,25,25,31,31,33,34,35,35,37,37,37,38,38,38,39,39,39,39,39,39,40,40,40,40,40,40,40,40,40,40,40,40,41,41,41,41,41
84054033,US,USA,840,54033.0,Harrison,West Virginia,US,39.2853852,-80.37919577,"Harrison, West Virginia, US",0,0,0,0,0,0,0,0,0,0,0,0,0,0,0,0,0,0,0,0,0,0,0,0,0,0,0,0,0,0,0,0,0,0,0,0,0,0,0,0,0,0,0,0,0,0,0,0,0,0,0,0,0,0,0,0,0,0,0,0,0,0,2,3,3,4,4,5,10,11,14,17,17,19,24,25,25,29,29,28,28,28,28,28,28,29,28,28,30,30,30,30,30,30,30,30,30,30,30,30,30,30,31,31,31,31,33,33,33,33,34,34,34,34,34,35,35,35,35,37,37,38,38,39,39,39,40,40,41,40,41,40,40,40,40,40,40,40,40,40,41,43,43,46,46,48,49,49,49,49,49,49
84054035,US,USA,840,54035.0,Jackson,West Virginia,US,38.84263974,-81.68148753,"Jackson, West Virginia, US",0,0,0,0,0,0,0,0,0,0,0,0,0,0,0,0,0,0,0,0,0,0,0,0,0,0,0,0,0,0,0,0,0,0,0,0,0,0,0,0,0,0,0,0,0,0,0,0,0,0,0,0,0,0,0,0,0,0,1,1,1,1,1,2,4,5,6,7,8,9,11,11,11,13,14,16,19,19,20,23,23,23,27,30,33,34,40,43,100,101,101,103,112,116,116,127,127,129,129,130,130,130,130,135,135,134,136,136,136,136,136,136,136,137,137,136,136,135,135,135,135,135,135,135,135,135,135,135,135,137,137,137,137,137,138,138,138,138,140,141,141,141,141,141,141,141,141,141,141,141,141,141
84054037,US,USA,840,54037.0,Jefferson,West Virginia,US,39.30776166,-77.86014147,"Jefferson, West Virginia, US",0,0,0,0,0,0,0,0,0,0,0,0,0,0,0,0,0,0,0,0,0,0,0,0,0,0,0,0,0,0,0,0,0,0,0,0,0,0,0,0,0,0,0,0,0,0,0,0,0,0,0,0,0,0,0,0,1,1,2,2,3,3,3,3,3,4,4,4,6,8,9,12,12,17,21,22,31,38,45,46,46,49,49,52,54,57,60,60,60,61,61,65,67,70,70,71,72,77,77,79,79,79,81,82,83,83,83,87,87,88,88,88,91,95,97,98,100,101,101,115,131,140,140,153,154,154,167,168,172,180,182,184,197,199,204,203,204,204,204,204,204,205,205,207,207,209,211,213,213,215,215,215
84054039,US,USA,840,54039.0,Kanawha,West Virginia,US,38.33860077,-81.52857054,"Kanawha, West Virginia, US",0,0,0,0,0,0,0,0,0,0,0,0,0,0,0,0,0,0,0,0,0,0,0,0,0,0,0,0,0,0,0,0,0,0,0,0,0,0,0,0,0,0,0,0,0,0,0,0,0,0,0,0,0,0,0,0,0,0,1,2,3,3,4,4,5,15,17,19,23,31,37,39,40,48,51,56,61,69,73,82,82,83,86,85,88,91,104,106,127,128,133,138,142,147,147,153,155,157,157,160,161,168,167,168,170,170,172,180,180,183,185,186,189,198,202,206,207,203,203,205,205,212,212,212,212,212,216,218,220,226,229,229,230,230,231,233,236,237,242,241,241,244,247,245,246,247,249,253,256,261,264,266
84054041,US,USA,840,54041.0,Lewis,West Virginia,US,38.9947249,-80.49988181,"Lewis, West Virginia, US",0,0,0,0,0,0,0,0,0,0,0,0,0,0,0,0,0,0,0,0,0,0,0,0,0,0,0,0,0,0,0,0,0,0,0,0,0,0,0,0,0,0,0,0,0,0,0,0,0,0,0,0,0,0,0,0,0,0,0,0,0,0,0,0,0,0,0,0,0,0,0,0,0,0,0,1,1,1,1,2,2,2,2,2,2,2,2,2,2,2,2,2,3,3,3,3,4,4,4,4,4,4,4,4,4,4,4,4,4,4,4,4,4,4,4,4,5,5,5,5,5,5,5,5,5,5,6,6,7,8,9,9,9,9,9,9,8,8,8,8,8,8,8,8,8,8,8,8,14,15,15,15
84054043,US,USA,840,54043.0,Lincoln,West Virginia,US,38.172154,-82.07017953,"Lincoln, West Virginia, US",0,0,0,0,0,0,0,0,0,0,0,0,0,0,0,0,0,0,0,0,0,0,0,0,0,0,0,0,0,0,0,0,0,0,0,0,0,0,0,0,0,0,0,0,0,0,0,0,0,0,0,0,0,0,0,0,0,0,0,0,0,0,0,0,0,0,0,0,0,0,0,0,0,0,0,0,0,0,0,0,0,0,0,0,1,1,1,1,1,1,1,1,1,1,1,1,1,1,1,2,2,2,2,2,2,2,3,4,4,5,5,5,5,5,5,5,5,5,5,5,5,5,5,5,5,5,5,5,5,6,6,6,5,5,5,5,5,5,5,5,5,5,5,5,5,5,5,5,5,5,5,5
84054045,US,USA,840,54045.0,Logan,West Virginia,US,37.8299889,-81.93528571,"Logan, West Virginia, US",0,0,0,0,0,0,0,0,0,0,0,0,0,0,0,0,0,0,0,0,0,0,0,0,0,0,0,0,0,0,0,0,0,0,0,0,0,0,0,0,0,0,0,0,0,0,0,0,0,0,0,0,0,0,0,0,0,0,0,0,0,0,0,0,1,1,1,1,2,2,3,4,4,5,5,6,7,8,8,8,8,8,8,8,8,8,8,8,8,8,8,9,11,11,11,12,12,12,12,13,13,13,13,13,14,14,15,13,13,13,13,14,14,14,14,14,15,15,15,15,15,16,16,16,16,16,16,17,17,17,17,17,17,19,19,20,20,20,20,20,20,21,21,21,21,21,21,21,21,21,21,21
84054047,US,USA,840,54047.0,McDowell,West Virginia,US,37.38002939,-81.65083669,"McDowell, West Virginia, US",0,0,0,0,0,0,0,0,0,0,0,0,0,0,0,0,0,0,0,0,0,0,0,0,0,0,0,0,0,0,0,0,0,0,0,0,0,0,0,0,0,0,0,0,0,0,0,0,0,0,0,0,0,0,0,0,0,0,0,0,0,0,0,0,0,0,0,0,0,0,0,0,0,0,0,0,2,3,4,4,4,5,5,6,6,6,6,6,6,6,6,6,6,6,6,6,6,6,6,6,6,6,6,6,6,6,6,6,6,6,6,6,6,6,6,6,6,6,6,6,6,6,6,6,6,6,6,6,6,6,6,6,6,6,6,6,6,6,6,6,6,6,6,6,6,6,6,6,6,6,6,6
84054049,US,USA,840,54049.0,Marion,West Virginia,US,39.50984542,-80.24244659,"Marion, West Virginia, US",0,0,0,0,0,0,0,0,0,0,0,0,0,0,0,0,0,0,0,0,0,0,0,0,0,0,0,0,0,0,0,0,0,0,0,0,0,0,0,0,0,0,0,0,0,0,0,0,0,0,0,0,0,0,0,0,0,0,0,0,0,0,0,0,1,2,3,5,5,5,8,10,11,13,14,17,25,30,31,32,32,32,34,38,41,41,42,42,42,44,44,43,44,44,44,45,45,45,45,45,46,46,46,46,46,46,46,46,46,46,46,46,46,47,46,47,48,48,48,48,48,48,48,48,50,50,51,51,50,50,51,51,51,51,51,52,53,53,53,53,53,53,53,54,54,53,53,53,53,53,53,55
84054051,US,USA,840,54051.0,Marshall,West Virginia,US,39.86064362,-80.66591062,"Marshall, West Virginia, US",0,0,0,0,0,0,0,0,0,0,0,0,0,0,0,0,0,0,0,0,0,0,0,0,0,0,0,0,0,0,0,0,0,0,0,0,0,0,0,0,0,0,0,0,0,0,0,0,0,0,0,0,0,0,0,0,0,0,0,2,2,2,2,2,2,3,3,4,4,4,4,4,4,4,5,5,5,5,5,6,6,6,6,6,7,7,8,8,8,8,8,8,8,9,9,11,11,11,11,12,13,15,16,19,19,19,20,20,20,22,22,22,22,23,23,23,24,25,25,25,26,27,27,27,27,27,28,28,28,29,30,30,30,30,30,30,31,31,32,32,34,34,37,38,38,37,38,38,37,37,37,37
84054053,US,USA,840,54053.0,Mason,West Virginia,US,38.77071799,-82.02524219,"Mason, West Virginia, US",0,0,0,0,0,0,0,0,0,0,0,0,0,0,0,0,0,0,0,0,0,0,0,0,0,0,0,0,0,0,0,0,0,0,0,0,0,0,0,0,0,0,0,0,0,0,0,0,0,0,0,0,0,0,0,0,0,0,0,0,0,0,0,0,0,1,3,3,3,3,3,3,3,4,4,4,6,6,7,7,7,8,8,10,9,10,10,10,11,11,11,10,11,11,11,11,11,12,12,12,12,12,12,12,12,12,12,13,13,13,13,14,14,14,14,15,15,15,15,15,15,15,15,16,16,16,15,15,15,15,15,15,15,15,15,15,15,15,15,15,15,15,15,15,15,15,15,15,15,15,15,15
84054055,US,USA,840,54055.0,Mercer,West Virginia,US,37.40481169,-81.11023142,"Mercer, West Virginia, US",0,0,0,0,0,0,0,0,0,0,0,0,0,0,0,0,0,0,0,0,0,0,0,0,0,0,0,0,0,0,0,0,0,0,0,0,0,0,0,0,0,0,0,0,0,0,0,0,0,0,0,0,0,0,0,0,0,1,1,2,2,2,2,2,2,2,2,2,2,2,2,3,3,3,3,4,5,6,7,8,8,8,8,8,8,8,8,8,8,8,8,9,9,9,9,9,9,9,10,10,10,10,10,11,11,11,11,11,11,11,11,12,12,12,12,12,12,13,13,13,13,13,13,13,13,13,13,13,13,13,13,13,13,13,13,13,13,13,13,13,13,13,13,14,14,14,14,15,16,16,19,22
84054057,US,USA,840,54057.0,Mineral,West Virginia,US,39.41561583,-78.94104895,"Mineral, West Virginia, US",0,0,0,0,0,0,0,0,0,0,0,0,0,0,0,0,0,0,0,0,0,0,0,0,0,0,0,0,0,0,0,0,0,0,0,0,0,0,0,0,0,0,0,0,0,0,0,0,0,0,0,0,0,0,0,0,0,0,0,0,0,0,0,0,0,0,0,0,0,0,0,0,2,2,2,2,3,3,3,3,4,4,4,5,6,6,8,8,8,8,8,10,11,12,12,15,15,15,15,17,18,18,18,18,18,18,20,20,20,23,23,23,25,25,26,27,28,29,29,34,34,36,36,38,38,38,41,44,45,44,46,47,47,47,48,50,51,50,50,50,51,51,51,51,51,51,51,52,52,53,53,53
84054059,US,USA,840,54059.0,Mingo,West Virginia,US,37.73048351,-82.13338365,"Mingo, West Virginia, US",0,0,0,0,0,0,0,0,0,0,0,0,0,0,0,0,0,0,0,0,0,0,0,0,0,0,0,0,0,0,0,0,0,0,0,0,0,0,0,0,0,0,0,0,0,0,0,0,0,0,0,0,0,0,0,0,0,0,0,0,0,0,0,0,0,0,0,0,0,0,0,0,0,0,0,0,0,0,0,0,0,0,1,1,1,1,2,2,2,2,2,2,2,2,2,2,2,2,2,2,2,2,2,2,2,2,2,2,2,2,2,3,3,3,3,4,4,3,3,3,3,3,3,5,5,5,6,6,7,6,7,7,7,8,8,8,8,8,9,9,10,11,12,12,12,12,12,12,12,14,14,14
84054061,US,USA,840,54061.0,Monongalia,West Virginia,US,39.63218457,-80.04766838,"Monongalia, West Virginia, US",0,0,0,0,0,0,0,0,0,0,0,0,0,0,0,0,0,0,0,0,0,0,0,0,0,0,0,0,0,0,0,0,0,0,0,0,0,0,0,0,0,0,0,0,0,0,0,0,0,0,0,0,0,0,0,0,0,0,1,1,2,2,5,16,18,24,23,29,31,31,32,35,35,40,49,53,60,68,76,78,78,81,83,81,83,83,83,84,87,90,89,90,89,97,97,101,102,103,103,102,102,105,105,107,108,108,111,111,111,114,113,114,114,114,114,115,117,116,116,118,118,119,119,121,121,121,129,131,132,133,133,133,137,135,135,138,140,141,141,141,142,142,142,143,145,145,145,147,147,149,150,151
84054063,US,USA,840,54063.0,Monroe,West Virginia,US,37.56274716,-80.54577965,"Monroe, West Virginia, US",0,0,0,0,0,0,0,0,0,0,0,0,0,0,0,0,0,0,0,0,0,0,0,0,0,0,0,0,0,0,0,0,0,0,0,0,0,0,0,0,0,0,0,0,0,0,0,0,0,0,0,0,0,0,0,0,0,0,0,0,0,0,0,0,0,0,0,0,0,0,0,0,0,0,0,0,0,0,0,1,1,1,1,1,1,1,2,2,5,5,5,5,5,5,5,5,5,5,5,5,5,5,5,5,6,6,6,6,6,6,6,6,6,6,6,6,6,6,6,6,6,6,6,7,7,7,7,7,7,7,7,7,8,8,8,8,8,8,8,8,8,8,9,9,9,9,9,9,9,9,9,9
84054065,US,USA,840,54065.0,Morgan,West Virginia,US,39.55439028,-78.26311676,"Morgan, West Virginia, US",0,0,0,0,0,0,0,0,0,0,0,0,0,0,0,0,0,0,0,0,0,0,0,0,0,0,0,0,0,0,0,0,0,0,0,0,0,0,0,0,0,0,0,0,0,0,0,0,0,0,0,0,0,0,0,0,0,0,0,0,0,0,0,0,0,0,0,0,1,1,1,1,1,1,3,3,4,4,4,5,6,6,6,6,6,7,8,8,8,9,9,7,7,9,9,9,9,9,10,11,12,13,13,13,14,14,16,16,16,16,16,17,17,17,17,17,17,17,17,17,17,17,17,17,18,18,18,18,18,18,18,18,19,19,19,19,19,19,19,19,19,19,19,19,19,19,19,19,19,20,20,20
84054067,US,USA,840,54067.0,Nicholas,West Virginia,US,38.29617706,-80.79759588,"Nicholas, West Virginia, US",0,0,0,0,0,0,0,0,0,0,0,0,0,0,0,0,0,0,0,0,0,0,0,0,0,0,0,0,0,0,0,0,0,0,0,0,0,0,0,0,0,0,0,0,0,0,0,0,0,0,0,0,0,0,0,0,0,0,0,0,0,0,0,0,0,0,0,0,0,0,0,0,0,0,0,0,2,2,2,2,2,2,2,2,3,3,3,3,4,4,4,4,5,6,6,6,6,6,6,6,6,6,6,6,8,8,8,8,8,8,8,8,8,9,9,9,9,9,9,9,9,10,10,10,10,10,10,8,8,8,8,8,8,9,9,8,8,8,7,7,7,7,7,7,7,7,7,7,7,7,7,7
84054069,US,USA,840,54069.0,Ohio,West Virginia,US,40.0955451,-80.62203992,"Ohio, West Virginia, US",0,0,0,0,0,0,0,0,0,0,0,0,0,0,0,0,0,0,0,0,0,0,0,0,0,0,0,0,0,0,0,0,0,0,0,0,0,0,0,0,0,0,0,0,0,0,0,0,0,0,0,0,0,0,0,0,0,0,0,0,0,0,0,0,2,1,6,6,9,10,11,10,11,11,18,15,19,18,20,21,21,21,25,23,22,22,22,23,22,22,22,23,24,25,25,26,26,26,27,27,29,33,33,33,34,34,34,35,35,37,38,37,37,37,37,38,38,37,37,37,38,38,38,38,39,39,41,41,41,41,42,42,42,47,47,48,48,48,50,51,52,53,53,54,55,57,56,58,60,67,70,70
84054071,US,USA,840,54071.0,Pendleton,West Virginia,US,38.68314479,-79.35084086,"Pendleton, West Virginia, US",0,0,0,0,0,0,0,0,0,0,0,0,0,0,0,0,0,0,0,0,0,0,0,0,0,0,0,0,0,0,0,0,0,0,0,0,0,0,0,0,0,0,0,0,0,0,0,0,0,0,0,0,0,0,0,0,0,0,0,0,0,0,0,0,0,0,0,0,0,0,0,0,1,1,1,1,1,1,1,1,1,1,1,1,1,1,2,2,2,2,2,1,1,3,3,3,3,3,3,3,3,3,3,3,5,5,5,5,5,5,5,5,5,5,5,5,5,5,5,5,5,6,6,9,9,9,10,11,11,12,12,13,13,13,13,13,13,13,13,13,13,13,13,13,13,13,13,13,13,13,13,13
84054073,US,USA,840,54073.0,Pleasants,West Virginia,US,39.37091679,-81.16771771,"Pleasants, West Virginia, US",0,0,0,0,0,0,0,0,0,0,0,0,0,0,0,0,0,0,0,0,0,0,0,0,0,0,0,0,0,0,0,0,0,0,0,0,0,0,0,0,0,0,0,0,0,0,0,0,0,0,0,0,0,0,0,0,0,0,0,0,0,0,0,0,0,0,1,1,1,1,1,1,1,1,1,1,1,1,1,1,1,1,1,1,1,1,1,1,1,2,2,2,2,2,2,2,2,2,2,2,2,2,2,2,2,2,2,2,2,2,2,2,2,2,2,2,2,2,2,2,2,3,3,4,4,4,5,4,4,4,4,4,4,4,4,4,4,4,4,4,4,4,4,4,4,4,4,4,4,4,4,4
84054075,US,USA,840,54075.0,Pocahontas,West Virginia,US,38.32758728,-80.00993811,"Pocahontas, West Virginia, US",0,0,0,0,0,0,0,0,0,0,0,0,0,0,0,0,0,0,0,0,0,0,0,0,0,0,0,0,0,0,0,0,0,0,0,0,0,0,0,0,0,0,0,0,0,0,0,0,0,0,0,0,0,0,0,0,0,0,0,0,0,0,0,0,0,0,0,0,0,0,0,0,0,0,0,0,0,0,0,0,0,0,0,0,0,0,0,0,0,0,0,0,0,0,0,0,1,2,2,2,2,2,2,2,2,2,2,2,2,2,2,2,2,2,2,4,8,8,8,10,13,24,24,24,24,24,17,18,19,21,21,21,21,21,21,21,21,21,21,21,21,21,21,21,21,21,21,21,22,22,24,24
84054077,US,USA,840,54077.0,Preston,West Virginia,US,39.46770987,-79.66712803,"Preston, West Virginia, US",0,0,0,0,0,0,0,0,0,0,0,0,0,0,0,0,0,0,0,0,0,0,0,0,0,0,0,0,0,0,0,0,0,0,0,0,0,0,0,0,0,0,0,0,0,0,0,0,0,0,0,0,0,0,0,0,0,0,0,0,0,0,0,1,2,1,1,1,2,3,3,3,4,5,5,4,6,6,6,6,6,6,6,6,6,6,6,7,10,10,10,12,12,12,12,13,13,13,13,13,13,13,13,13,13,13,14,14,14,14,14,14,14,14,15,15,15,15,15,15,15,15,15,20,21,21,22,22,22,25,25,25,24,24,24,24,24,24,24,24,24,24,24,24,24,24,25,29,36,43,48,61
84054079,US,USA,840,54079.0,Putnam,West Virginia,US,38.50782345,-81.9082131,"Putnam, West Virginia, US",0,0,0,0,0,0,0,0,0,0,0,0,0,0,0,0,0,0,0,0,0,0,0,0,0,0,0,0,0,0,0,0,0,0,0,0,0,0,0,0,0,0,0,0,0,0,0,0,0,0,0,0,0,0,0,0,0,0,0,0,1,1,1,1,2,2,3,3,4,4,5,5,5,5,6,8,10,10,10,10,10,11,11,12,13,13,14,14,14,14,14,16,19,16,16,18,18,22,25,25,27,27,28,29,29,27,27,27,27,27,27,28,29,29,29,29,29,29,29,30,30,31,31,31,32,32,33,35,35,35,34,34,37,38,38,38,39,39,40,40,41,41,42,42,42,42,42,40,40,41,44,44
84054081,US,USA,840,54081.0,Raleigh,West Virginia,US,37.76936795,-81.2456041,"Raleigh, West Virginia, US",0,0,0,0,0,0,0,0,0,0,0,0,0,0,0,0,0,0,0,0,0,0,0,0,0,0,0,0,0,0,0,0,0,0,0,0,0,0,0,0,0,0,0,0,0,0,0,0,0,0,0,0,0,0,0,0,0,0,0,0,0,0,0,0,1,2,3,3,3,3,3,3,3,4,4,4,4,4,5,5,5,5,5,6,6,6,7,7,7,7,7,7,8,9,9,9,8,8,8,8,9,10,11,10,10,9,9,9,9,9,9,10,10,10,10,10,10,12,12,14,14,14,14,15,15,15,16,16,16,16,16,16,16,17,17,17,17,18,18,18,18,19,23,23,26,26,25,27,27,29,30,32
84054083,US,USA,840,54083.0,Randolph,West Virginia,US,38.769899,-79.87919615,"Randolph, West Virginia, US",0,0,0,0,0,0,0,0,0,0,0,0,0,0,0,0,0,0,0,0,0,0,0,0,0,0,0,0,0,0,0,0,0,0,0,0,0,0,0,0,0,0,0,0,0,0,0,0,0,0,0,0,0,0,0,0,0,0,0,0,0,0,0,0,0,0,0,0,1,1,1,2,2,3,3,3,3,3,3,3,4,4,4,4,4,4,4,4,4,4,4,4,4,4,4,4,4,4,4,4,4,4,4,4,5,5,5,5,5,5,5,5,5,5,5,5,7,7,7,9,9,28,28,36,36,36,104,123,126,129,131,131,131,132,132,132,132,132,134,137,140,138,141,141,141,140,141,144,146,148,149,150
84054085,US,USA,840,54085.0,Ritchie,West Virginia,US,39.18094587,-81.06356878,"Ritchie, West Virginia, US",0,0,0,0,0,0,0,0,0,0,0,0,0,0,0,0,0,0,0,0,0,0,0,0,0,0,0,0,0,0,0,0,0,0,0,0,0,0,0,0,0,0,0,0,0,0,0,0,0,0,0,0,0,0,0,0,0,0,0,0,0,0,0,0,0,0,0,0,0,0,0,0,0,0,0,0,0,0,0,0,0,0,0,0,0,0,0,0,0,0,0,0,0,0,0,0,0,0,0,0,0,0,1,1,1,1,1,1,1,1,1,1,1,1,1,1,1,1,1,1,1,1,1,1,1,1,1,1,1,1,1,1,1,1,1,1,1,1,1,1,2,2,2,2,2,2,2,2,2,2,3,3
84054087,US,USA,840,54087.0,Roane,West Virginia,US,38.71622686,-81.35243568,"Roane, West Virginia, US",0,0,0,0,0,0,0,0,0,0,0,0,0,0,0,0,0,0,0,0,0,0,0,0,0,0,0,0,0,0,0,0,0,0,0,0,0,0,0,0,0,0,0,0,0,0,0,0,0,0,0,0,0,0,0,0,0,0,0,0,0,0,0,0,0,0,0,0,2,2,2,2,2,2,2,2,2,2,2,2,2,2,2,2,2,2,2,2,3,3,3,5,4,3,3,4,4,4,6,6,6,7,7,6,6,6,8,8,8,8,8,8,8,8,8,9,9,9,9,8,8,8,8,8,8,8,10,9,9,9,9,9,9,9,9,9,9,10,10,10,10,9,10,10,10,11,11,11,11,11,12,12
84054089,US,USA,840,54089.0,Summers,West Virginia,US,37.65390597,-80.86009693,"Summers, West Virginia, US",0,0,0,0,0,0,0,0,0,0,0,0,0,0,0,0,0,0,0,0,0,0,0,0,0,0,0,0,0,0,0,0,0,0,0,0,0,0,0,0,0,0,0,0,0,0,0,0,0,0,0,0,0,0,0,0,0,0,0,0,0,0,0,0,0,0,0,0,0,0,0,0,0,0,0,0,0,0,0,0,0,1,1,1,1,1,1,1,1,1,1,1,1,1,1,1,1,1,1,1,1,1,1,1,1,1,1,1,1,1,1,1,1,1,1,1,1,1,1,1,1,1,1,2,2,2,1,1,1,1,1,1,1,1,1,1,1,1,1,1,1,1,1,1,1,1,1,1,1,1,1,1
84054091,US,USA,840,54091.0,Taylor,West Virginia,US,39.33602617,-80.0421439,"Taylor, West Virginia, US",0,0,0,0,0,0,0,0,0,0,0,0,0,0,0,0,0,0,0,0,0,0,0,0,0,0,0,0,0,0,0,0,0,0,0,0,0,0,0,0,0,0,0,0,0,0,0,0,0,0,0,0,0,0,0,0,0,0,0,0,0,0,0,0,0,0,0,0,0,0,0,0,0,0,0,1,3,3,3,3,3,3,3,4,4,4,5,5,5,5,5,5,5,5,5,6,6,6,6,6,6,7,7,7,9,9,9,8,8,8,8,8,8,8,8,8,8,8,8,8,8,8,8,8,8,8,9,8,8,8,8,9,9,9,10,9,9,9,9,9,9,10,10,10,10,10,10,12,12,13,13,13
84054093,US,USA,840,54093.0,Tucker,West Virginia,US,39.11240885,-79.57053576,"Tucker, West Virginia, US",0,0,0,0,0,0,0,0,0,0,0,0,0,0,0,0,0,0,0,0,0,0,0,0,0,0,0,0,0,0,0,0,0,0,0,0,0,0,0,0,0,0,0,0,0,0,0,0,0,0,0,0,0,0,0,0,0,0,2,2,2,2,2,2,2,2,2,2,2,2,2,3,3,3,3,3,3,3,3,3,3,4,4,4,4,4,4,4,4,4,4,4,4,4,4,4,4,4,4,4,4,4,4,4,4,4,4,4,4,4,4,4,4,4,4,4,4,4,4,4,4,4,4,4,4,4,4,4,4,4,4,4,4,4,4,4,6,6,6,6,4,4,5,5,5,5,5,5,5,5,5,5
84054095,US,USA,840,54095.0,Tyler,West Virginia,US,39.46811972,-80.88772676,"Tyler, West Virginia, US",0,0,0,0,0,0,0,0,0,0,0,0,0,0,0,0,0,0,0,0,0,0,0,0,0,0,0,0,0,0,0,0,0,0,0,0,0,0,0,0,0,0,0,0,0,0,0,0,0,0,0,0,0,0,0,0,0,0,0,0,0,0,0,0,0,0,0,0,0,0,0,0,0,0,0,0,1,1,1,3,3,3,3,3,3,3,3,3,3,3,3,3,3,3,3,3,3,3,3,3,3,3,3,3,3,3,3,3,3,3,3,3,3,3,3,3,3,3,3,3,3,3,3,3,3,3,3,3,3,3,3,3,3,3,3,3,3,3,3,3,3,3,3,3,3,3,3,3,3,3,3,3
84054097,US,USA,840,54097.0,Upshur,West Virginia,US,38.89285061,-80.23689136,"Upshur, West Virginia, US",0,0,0,0,0,0,0,0,0,0,0,0,0,0,0,0,0,0,0,0,0,0,0,0,0,0,0,0,0,0,0,0,0,0,0,0,0,0,0,0,0,0,0,0,0,0,0,0,0,0,0,0,0,0,0,0,0,0,0,0,0,0,0,0,0,1,1,1,1,1,1,1,1,1,1,1,1,1,2,3,3,3,3,3,3,3,4,4,4,4,4,4,4,4,4,4,4,4,4,4,4,4,4,5,5,5,5,5,5,5,5,6,6,6,6,6,6,6,6,6,6,6,6,7,7,7,7,7,7,7,7,7,7,7,7,7,7,7,7,7,7,7,7,7,7,7,7,9,11,13,11,11
84054099,US,USA,840,54099.0,Wayne,West Virginia,US,38.14901357,-82.42287994,"Wayne, West Virginia, US",0,0,0,0,0,0,0,0,0,0,0,0,0,0,0,0,0,0,0,0,0,0,0,0,0,0,0,0,0,0,0,0,0,0,0,0,0,0,0,0,0,0,0,0,0,0,0,0,0,0,0,0,0,0,0,0,0,0,0,0,0,0,0,0,0,0,0,0,0,0,0,0,0,0,0,0,0,0,0,17,17,17,17,19,61,69,74,75,78,78,78,79,81,81,81,82,82,84,85,85,86,90,89,90,91,91,93,93,93,93,93,93,93,93,95,96,96,96,96,96,96,97,97,97,97,97,97,98,98,98,99,100,102,102,103,103,103,103,103,103,103,103,104,104,105,106,106,106,106,106,106,106
84054101,US,USA,840,54101.0,Webster,West Virginia,US,38.49370949,-80.4202023,"Webster, West Virginia, US",0,0,0,0,0,0,0,0,0,0,0,0,0,0,0,0,0,0,0,0,0,0,0,0,0,0,0,0,0,0,0,0,0,0,0,0,0,0,0,0,0,0,0,0,0,0,0,0,0,0,0,0,0,0,0,0,0,0,0,0,0,0,0,0,0,0,0,0,0,0,0,0,0,0,0,0,0,0,0,0,0,0,0,0,0,0,0,0,0,0,0,0,0,0,0,0,0,0,0,0,0,0,0,0,0,0,0,0,0,0,0,0,0,0,0,0,0,0,0,0,0,0,0,0,0,0,0,0,0,0,0,0,0,0,0,0,0,0,0,0,0,0,0,0,0,0,0,0,0,0,0,0
84054103,US,USA,840,54103.0,Wetzel,West Virginia,US,39.6065771,-80.64016540000001,"Wetzel, West Virginia, US",0,0,0,0,0,0,0,0,0,0,0,0,0,0,0,0,0,0,0,0,0,0,0,0,0,0,0,0,0,0,0,0,0,0,0,0,0,0,0,0,0,0,0,0,0,0,0,0,0,0,0,0,0,0,0,0,0,0,0,0,0,0,0,0,0,0,0,0,1,1,2,2,2,2,2,2,2,3,3,3,3,3,3,3,3,3,3,3,3,3,3,3,3,3,3,3,3,3,3,3,3,3,3,3,3,3,4,4,4,6,6,6,6,6,6,7,7,7,7,7,7,8,8,8,8,8,9,8,8,8,8,9,9,9,9,9,9,9,9,9,9,9,9,9,9,9,9,9,9,9,9,9
84054105,US,USA,840,54105.0,Wirt,West Virginia,US,39.02775007,-81.37473928,"Wirt, West Virginia, US",0,0,0,0,0,0,0,0,0,0,0,0,0,0,0,0,0,0,0,0,0,0,0,0,0,0,0,0,0,0,0,0,0,0,0,0,0,0,0,0,0,0,0,0,0,0,0,0,0,0,0,0,0,0,0,0,0,0,0,0,0,0,0,0,0,0,0,0,1,1,1,1,1,1,1,1,1,1,1,2,2,2,2,2,2,2,2,2,2,2,2,2,3,3,3,3,3,3,3,3,3,3,3,3,3,3,3,3,3,3,3,3,3,3,3,3,3,3,3,4,4,4,4,4,4,4,4,4,4,4,4,4,4,4,4,4,4,4,4,4,4,4,4,4,4,4,4,4,4,4,4,4
84054107,US,USA,840,54107.0,Wood,West Virginia,US,39.20967886,-81.5162836,"Wood, West Virginia, US",0,0,0,0,0,0,0,0,0,0,0,0,0,0,0,0,0,0,0,0,0,0,0,0,0,0,0,0,0,0,0,0,0,0,0,0,0,0,0,0,0,0,0,0,0,0,0,0,0,0,0,0,0,0,0,0,0,0,0,0,0,0,0,1,1,2,2,2,2,2,2,3,5,7,10,11,13,14,14,18,18,18,18,21,22,25,29,29,31,31,31,33,35,36,36,36,35,39,39,38,40,41,41,41,42,42,42,43,43,43,43,44,44,44,45,47,47,48,48,48,48,48,48,51,51,51,54,54,54,53,53,53,53,53,53,53,54,54,53,53,54,53,55,55,55,56,56,56,56,56,56,56
84054109,US,USA,840,54109.0,Wyoming,West Virginia,US,37.612327,-81.54511071,"Wyoming, West Virginia, US",0,0,0,0,0,0,0,0,0,0,0,0,0,0,0,0,0,0,0,0,0,0,0,0,0,0,0,0,0,0,0,0,0,0,0,0,0,0,0,0,0,0,0,0,0,0,0,0,0,0,0,0,0,0,0,0,0,0,0,0,0,0,0,0,0,0,0,0,0,0,0,0,0,0,0,0,1,1,1,1,1,1,1,1,1,1,1,1,1,1,1,1,1,1,1,1,1,1,1,1,1,1,1,1,1,1,1,1,1,1,1,1,1,1,1,2,2,3,3,3,3,3,3,3,3,3,3,3,3,3,3,3,2,2,2,2,2,3,3,3,3,5,5,5,5,5,5,5,6,7,7,7
84055001,US,USA,840,55001.0,Adams,Wisconsin,US,43.96974651,-89.76782777,"Adams, Wisconsin, US",0,0,0,0,0,0,0,0,0,0,0,0,0,0,0,0,0,0,0,0,0,0,0,0,0,0,0,0,0,0,0,0,0,0,0,0,0,0,0,0,0,0,0,0,0,0,0,0,0,0,0,0,0,0,0,0,0,0,0,0,0,0,0,0,0,0,0,0,0,0,0,1,1,1,1,2,2,2,2,2,2,2,3,3,3,3,4,4,4,4,4,4,4,4,4,4,4,4,4,4,4,4,4,4,4,4,4,4,4,4,4,4,4,4,4,4,4,4,4,4,4,4,4,4,4,4,4,4,4,4,4,4,4,4,4,5,5,5,5,6,6,6,7,7,8,8,8,9,10,10,10,10
84055003,US,USA,840,55003.0,Ashland,Wisconsin,US,46.31956891,-90.67837132,"Ashland, Wisconsin, US",0,0,0,0,0,0,0,0,0,0,0,0,0,0,0,0,0,0,0,0,0,0,0,0,0,0,0,0,0,0,0,0,0,0,0,0,0,0,0,0,0,0,0,0,0,0,0,0,0,0,0,0,0,0,0,0,0,0,0,0,0,0,0,0,0,0,0,0,0,1,1,1,1,1,1,1,1,1,1,1,1,2,2,2,2,2,2,2,2,2,2,2,2,2,2,2,2,2,2,2,2,2,2,2,2,2,2,2,2,2,2,2,2,2,2,2,2,2,2,2,2,2,2,2,2,2,2,2,2,2,2,2,2,2,2,3,3,3,3,3,3,3,3,3,3,3,3,3,3,3,3,3
84055005,US,USA,840,55005.0,Barron,Wisconsin,US,45.42372701,-91.84833627,"Barron, Wisconsin, US",0,0,0,0,0,0,0,0,0,0,0,0,0,0,0,0,0,0,0,0,0,0,0,0,0,0,0,0,0,0,0,0,0,0,0,0,0,0,0,0,0,0,0,0,0,0,0,0,0,0,0,0,0,0,0,0,0,0,0,0,0,0,0,0,0,0,0,0,0,0,0,0,1,1,4,4,4,4,5,6,6,6,6,6,6,6,6,6,6,6,6,6,6,6,6,6,6,6,6,6,6,7,7,7,7,7,7,10,10,12,11,11,11,11,11,11,11,11,11,11,11,11,12,12,12,12,14,14,15,17,17,20,20,21,20,20,20,20,20,20,21,21,24,24,25,25,26,26,30,30,31,31
84055007,US,USA,840,55007.0,Bayfield,Wisconsin,US,46.52868768,-91.19716729,"Bayfield, Wisconsin, US",0,0,0,0,0,0,0,0,0,0,0,0,0,0,0,0,0,0,0,0,0,0,0,0,0,0,0,0,0,0,0,0,0,0,0,0,0,0,0,0,0,0,0,0,0,0,0,0,0,0,0,0,0,0,0,0,0,1,1,1,1,1,1,1,1,2,2,2,2,2,3,3,3,3,3,3,3,3,3,3,3,3,3,3,3,3,3,3,3,3,3,3,3,3,3,3,3,3,3,3,3,3,3,3,3,3,3,3,3,3,3,3,3,3,3,3,3,3,3,3,3,3,3,3,3,3,3,3,3,3,3,3,3,3,3,3,3,3,3,3,3,3,3,3,3,3,3,3,3,3,3,3
84055009,US,USA,840,55009.0,Brown,Wisconsin,US,44.452655299999996,-88.00411844,"Brown, Wisconsin, US",0,0,0,0,0,0,0,0,0,0,0,0,0,0,0,0,0,0,0,0,0,0,0,0,0,0,0,0,0,0,0,0,0,0,0,0,0,0,0,0,0,0,0,0,0,0,0,0,0,0,0,0,0,0,0,0,1,2,2,3,3,3,3,3,4,5,6,6,7,9,11,17,24,24,29,39,41,41,50,55,60,68,77,97,114,139,180,204,215,285,314,402,455,605,720,776,853,920,971,1057,1175,1272,1358,1448,1545,1653,1706,1777,1834,1897,1924,1958,1982,1999,2034,2070,2096,2102,2118,2135,2177,2204,2238,2243,2249,2249,2285,2300,2308,2318,2319,2320,2334,2350,2361,2369,2374,2377,2377,2399,2405,2421,2442,2458,2469,2469,2492,2507,2520,2538,2572,2580
84055011,US,USA,840,55011.0,Buffalo,Wisconsin,US,44.37835084,-91.75332578,"Buffalo, Wisconsin, US",0,0,0,0,0,0,0,0,0,0,0,0,0,0,0,0,0,0,0,0,0,0,0,0,0,0,0,0,0,0,0,0,0,0,0,0,0,0,0,0,0,0,0,0,0,0,0,0,0,0,0,0,0,0,0,0,0,0,0,0,0,0,0,0,0,0,0,0,0,1,1,2,2,2,2,2,2,2,2,2,3,3,3,4,4,4,4,4,4,4,4,4,4,4,4,4,4,4,4,4,4,4,4,5,6,6,5,5,5,5,5,5,5,5,5,5,5,5,5,5,5,5,5,5,5,5,5,5,5,6,6,6,6,6,6,6,6,6,6,6,6,7,7,7,7,7,7,7,6,7,6,6
84055013,US,USA,840,55013.0,Burnett,Wisconsin,US,45.86303537,-92.36711412,"Burnett, Wisconsin, US",0,0,0,0,0,0,0,0,0,0,0,0,0,0,0,0,0,0,0,0,0,0,0,0,0,0,0,0,0,0,0,0,0,0,0,0,0,0,0,0,0,0,0,0,0,0,0,0,0,0,0,0,0,0,0,0,0,0,0,0,0,0,0,0,0,0,0,0,0,0,0,0,0,0,0,0,0,0,0,0,0,0,0,0,0,0,0,0,0,0,0,0,0,0,0,0,0,0,0,0,0,0,0,0,0,0,0,0,0,0,0,0,0,1,1,1,1,2,1,1,1,1,1,1,1,1,1,1,1,1,1,1,1,1,1,1,1,1,1,1,1,1,2,2,2,2,3,3,2,2,2,2
84055015,US,USA,840,55015.0,Calumet,Wisconsin,US,44.0816316,-88.21780273,"Calumet, Wisconsin, US",0,0,0,0,0,0,0,0,0,0,0,0,0,0,0,0,0,0,0,0,0,0,0,0,0,0,0,0,0,0,0,0,0,0,0,0,0,0,0,0,0,0,0,0,0,0,0,0,0,0,0,0,0,0,0,0,0,1,1,1,1,1,1,1,1,1,1,1,1,1,2,3,3,3,4,4,4,4,4,4,4,4,5,5,5,5,5,5,6,6,6,6,6,7,7,7,9,10,12,13,14,16,18,19,20,20,22,34,35,40,41,43,44,46,55,56,57,58,58,60,61,67,69,69,70,73,74,74,75,76,76,77,78,79,79,79,79,80,81,81,81,83,84,86,86,86,87,88,90,90,90,92
84055017,US,USA,840,55017.0,Chippewa,Wisconsin,US,45.06939744,-91.28068855,"Chippewa, Wisconsin, US",0,0,0,0,0,0,0,0,0,0,0,0,0,0,0,0,0,0,0,0,0,0,0,0,0,0,0,0,0,0,0,0,0,0,0,0,0,0,0,0,0,0,0,0,0,0,0,0,0,0,0,0,0,0,0,0,0,0,1,1,1,1,1,1,1,3,4,4,7,8,10,11,14,14,16,16,16,16,17,18,18,20,20,20,20,20,20,21,20,20,20,20,20,20,20,20,20,21,21,22,23,23,25,25,25,27,27,27,29,29,30,31,31,33,37,39,39,41,42,43,45,46,48,49,53,54,54,53,55,56,56,56,57,58,58,58,58,59,59,59,60,61,64,63,62,62,63,63,65,65,67,69
84055019,US,USA,840,55019.0,Clark,Wisconsin,US,44.73483377,-90.61207486,"Clark, Wisconsin, US",0,0,0,0,0,0,0,0,0,0,0,0,0,0,0,0,0,0,0,0,0,0,0,0,0,0,0,0,0,0,0,0,0,0,0,0,0,0,0,0,0,0,0,0,0,0,0,0,0,0,0,0,0,0,0,0,0,0,0,0,0,0,0,1,1,2,3,3,3,3,5,6,6,6,6,7,7,7,7,7,7,8,8,8,9,10,12,14,16,16,17,18,18,19,19,19,19,20,20,20,20,20,21,21,21,22,23,23,24,24,24,24,24,25,25,26,28,28,29,30,29,28,28,28,28,28,29,32,32,31,32,33,33,35,37,39,42,42,42,45,45,45,50,50,50,51,51,53,56,56,58,58
84055021,US,USA,840,55021.0,Columbia,Wisconsin,US,43.46492199,-89.33589004,"Columbia, Wisconsin, US",0,0,0,0,0,0,0,0,0,0,0,0,0,0,0,0,0,0,0,0,0,0,0,0,0,0,0,0,0,0,0,0,0,0,0,0,0,0,0,0,0,0,0,0,0,0,0,0,0,0,0,0,0,0,0,0,0,4,5,5,5,5,5,5,5,6,7,9,9,14,14,15,18,18,19,21,23,23,25,24,24,24,25,25,27,27,27,27,27,27,27,27,27,27,27,27,27,27,27,27,28,29,29,30,32,32,32,32,32,32,32,34,34,34,34,36,36,36,36,37,36,37,37,37,38,38,40,42,43,44,44,44,44,44,44,44,44,46,46,47,49,50,55,56,56,56,58,59,60,63,64,68
84055023,US,USA,840,55023.0,Crawford,Wisconsin,US,43.23870316,-90.93073686,"Crawford, Wisconsin, US",0,0,0,0,0,0,0,0,0,0,0,0,0,0,0,0,0,0,0,0,0,0,0,0,0,0,0,0,0,0,0,0,0,0,0,0,0,0,0,0,0,0,0,0,0,0,0,0,0,0,0,0,0,0,0,0,0,0,0,0,0,0,0,0,0,0,0,0,0,0,1,1,1,1,2,2,2,2,2,3,3,3,3,3,3,3,3,3,3,3,3,3,3,3,3,3,3,3,3,3,3,4,5,6,7,7,16,16,17,17,17,17,17,18,20,22,22,23,23,23,24,25,25,25,26,26,26,26,26,26,26,26,26,26,26,26,26,26,26,26,26,26,26,26,27,27,27,27,27,27,29,31
84055025,US,USA,840,55025.0,Dane,Wisconsin,US,43.06601594,-89.41733797,"Dane, Wisconsin, US",0,0,0,0,0,0,0,0,0,0,0,0,0,0,0,0,0,0,0,0,0,0,0,0,0,0,0,0,0,0,0,0,0,0,0,0,0,0,0,0,0,0,0,0,0,0,0,0,2,2,4,5,6,6,10,19,23,27,32,49,61,70,72,88,134,158,172,183,192,214,215,238,252,269,280,287,289,303,307,313,327,334,340,344,351,352,359,358,361,364,382,386,387,395,401,405,412,417,424,428,430,433,436,441,443,445,447,455,465,472,474,477,490,494,507,519,537,538,541,563,576,587,594,596,604,630,652,679,705,725,730,735,759,773,789,800,814,843,856,871,884,896,930,933,956,968,980,1000,1017,1034,1063,1098
84055027,US,USA,840,55027.0,Dodge,Wisconsin,US,43.41576662,-88.70928178,"Dodge, Wisconsin, US",0,0,0,0,0,0,0,0,0,0,0,0,0,0,0,0,0,0,0,0,0,0,0,0,0,0,0,0,0,0,0,0,0,0,0,0,0,0,0,0,0,0,0,0,0,0,0,0,0,0,0,0,0,0,0,0,0,0,0,0,0,2,2,3,3,6,6,8,8,10,13,13,14,14,14,15,15,15,16,18,18,19,19,19,19,19,20,19,19,19,19,20,20,21,23,29,30,32,33,33,36,38,38,39,40,42,46,51,55,67,74,75,79,83,87,93,105,108,109,112,121,137,149,152,161,162,166,172,180,215,221,228,226,383,386,394,395,400,400,406,410,414,415,423,423,424,424,425,426,429,434,434
84055029,US,USA,840,55029.0,Door,Wisconsin,US,44.95856458,-87.30002707,"Door, Wisconsin, US",0,0,0,0,0,0,0,0,0,0,0,0,0,0,0,0,0,0,0,0,0,0,0,0,0,0,0,0,0,0,0,0,0,0,0,0,0,0,0,0,0,0,0,0,0,0,0,0,0,0,0,0,0,0,0,0,0,0,0,0,0,0,0,0,0,0,0,0,0,1,1,2,2,2,4,4,7,7,8,8,9,9,9,9,9,9,9,9,9,9,9,9,9,9,10,10,10,12,12,12,12,14,15,15,18,18,18,18,20,21,22,22,23,23,29,33,33,33,33,34,34,35,37,37,37,38,38,38,38,38,38,38,38,38,40,39,39,39,39,39,39,39,41,39,39,39,39,39,39,40,40,40
84055031,US,USA,840,55031.0,Douglas,Wisconsin,US,46.43222285,-91.91595768,"Douglas, Wisconsin, US",0,0,0,0,0,0,0,0,0,0,0,0,0,0,0,0,0,0,0,0,0,0,0,0,0,0,0,0,0,0,0,0,0,0,0,0,0,0,0,0,0,0,0,0,0,0,0,0,0,0,0,0,0,0,0,0,0,0,1,1,1,2,4,4,4,5,6,6,6,6,7,7,7,7,7,7,7,7,7,7,7,7,7,7,7,7,7,8,8,8,8,8,9,9,9,9,9,9,9,9,9,9,9,9,9,10,10,10,11,11,11,11,11,12,12,12,12,13,15,15,15,16,17,17,18,19,19,19,19,19,19,19,19,19,19,19,20,20,20,20,20,20,20,20,20,20,20,20,20,20,20,20
84055033,US,USA,840,55033.0,Dunn,Wisconsin,US,44.94562799,-91.8962481,"Dunn, Wisconsin, US",0,0,0,0,0,0,0,0,0,0,0,0,0,0,0,0,0,0,0,0,0,0,0,0,0,0,0,0,0,0,0,0,0,0,0,0,0,0,0,0,0,0,0,0,0,0,0,0,0,0,0,0,0,0,0,0,0,1,1,1,1,1,1,1,1,2,2,3,3,3,3,3,5,5,5,5,5,5,7,8,9,9,9,9,9,9,9,9,9,9,9,9,9,9,9,9,9,9,9,9,9,10,12,12,13,13,14,14,14,14,14,14,19,20,20,21,21,20,20,20,20,21,21,22,23,23,24,24,24,24,24,24,24,25,26,26,27,27,29,29,29,29,29,29,29,29,29,29,29,29,29,29
84055035,US,USA,840,55035.0,Eau Claire,Wisconsin,US,44.726614,-91.28609183,"Eau Claire, Wisconsin, US",0,0,0,0,0,0,0,0,0,0,0,0,0,0,0,0,0,0,0,0,0,0,0,0,0,0,0,0,0,0,0,0,0,0,0,0,0,0,0,0,0,0,0,0,0,0,0,0,0,0,0,0,0,0,0,0,0,1,3,3,4,4,4,5,6,7,7,10,10,11,12,14,16,16,21,21,21,21,21,21,21,21,21,21,21,22,22,22,22,22,22,23,23,23,24,25,25,27,27,28,28,34,36,41,42,45,47,50,54,54,57,60,61,63,65,65,66,70,75,78,82,89,93,96,98,100,99,99,107,108,108,113,114,114,116,119,121,123,124,124,126,126,130,132,137,137,138,140,149,151,156,161
84055037,US,USA,840,55037.0,Florence,Wisconsin,US,45.84963535,-88.39804137,"Florence, Wisconsin, US",0,0,0,0,0,0,0,0,0,0,0,0,0,0,0,0,0,0,0,0,0,0,0,0,0,0,0,0,0,0,0,0,0,0,0,0,0,0,0,0,0,0,0,0,0,0,0,0,0,0,0,0,0,0,0,0,0,0,0,0,0,0,0,0,0,0,0,0,0,0,0,0,0,0,1,2,2,2,2,2,2,2,2,2,2,2,2,2,2,2,2,2,2,2,2,2,2,2,2,2,2,2,2,2,2,2,2,2,2,2,2,2,2,2,2,2,2,2,2,2,2,2,2,2,2,2,2,2,2,2,2,2,2,2,2,2,2,2,2,2,2,2,2,2,2,2,2,2,2,2,2,2
84055039,US,USA,840,55039.0,Fond du Lac,Wisconsin,US,43.75354908,-88.48885325,"Fond du Lac, Wisconsin, US",0,0,0,0,0,0,0,0,0,0,0,0,0,0,0,0,0,0,0,0,0,0,0,0,0,0,0,0,0,0,0,0,0,0,0,0,0,0,0,0,0,0,0,0,0,0,0,0,0,0,2,6,6,7,11,12,13,14,14,15,16,16,18,18,17,18,20,20,21,22,24,28,30,30,43,43,44,44,49,52,52,54,57,59,59,59,61,62,62,65,65,65,66,67,67,69,69,69,69,69,71,73,73,75,77,83,84,85,86,93,101,108,111,119,119,124,139,142,145,148,148,155,158,165,174,179,185,192,194,203,213,214,215,221,225,226,233,233,239,241,247,251,253,259,262,269,272,274,277,278,286,290
84055041,US,USA,840,55041.0,Forest,Wisconsin,US,45.66678019,-88.77084892,"Forest, Wisconsin, US",0,0,0,0,0,0,0,0,0,0,0,0,0,0,0,0,0,0,0,0,0,0,0,0,0,0,0,0,0,0,0,0,0,0,0,0,0,0,0,0,0,0,0,0,0,0,0,0,0,0,0,0,0,0,0,0,0,0,0,0,0,0,0,0,0,0,0,0,0,0,0,0,0,0,0,0,0,0,0,0,0,0,0,0,0,0,0,0,0,0,0,0,0,0,0,0,0,0,0,0,0,0,0,0,0,1,1,1,1,3,4,4,5,5,5,7,9,9,9,11,11,11,11,11,12,12,24,26,28,28,29,29,28,28,29,34,33,33,33,34,34,34,34,34,34,34,34,34,34,34,35,35
84055043,US,USA,840,55043.0,Grant,Wisconsin,US,42.8671731,-90.7063218,"Grant, Wisconsin, US",0,0,0,0,0,0,0,0,0,0,0,0,0,0,0,0,0,0,0,0,0,0,0,0,0,0,0,0,0,0,0,0,0,0,0,0,0,0,0,0,0,0,0,0,0,0,0,0,0,0,0,0,0,0,0,0,0,0,0,0,0,0,0,1,1,1,1,1,1,2,2,2,2,2,2,3,3,3,4,4,5,6,6,8,8,10,13,15,18,23,23,25,26,27,28,30,31,32,35,37,41,43,48,48,55,60,66,66,67,68,68,69,70,71,72,72,72,74,75,78,78,81,81,82,87,87,89,93,94,95,95,96,96,98,98,98,98,98,98,99,99,101,103,106,107,107,107,113,113,114,124,125
84055045,US,USA,840,55045.0,Green,Wisconsin,US,42.6794956,-89.60243287,"Green, Wisconsin, US",0,0,0,0,0,0,0,0,0,0,0,0,0,0,0,0,0,0,0,0,0,0,0,0,0,0,0,0,0,0,0,0,0,0,0,0,0,0,0,0,0,0,0,0,0,0,0,0,0,0,0,0,0,0,0,0,0,0,1,1,1,1,1,1,1,3,4,4,5,6,7,7,8,8,9,9,9,9,9,9,9,9,9,9,9,9,9,9,9,9,9,9,10,10,11,11,11,11,11,12,13,13,15,16,20,20,21,23,33,33,33,34,36,39,39,41,44,45,46,49,49,49,52,53,54,55,58,60,65,66,66,66,68,70,70,70,71,71,71,71,71,72,75,75,75,75,77,78,78,78,79,80
84055047,US,USA,840,55047.0,Green Lake,Wisconsin,US,43.80025981,-89.04679553,"Green Lake, Wisconsin, US",0,0,0,0,0,0,0,0,0,0,0,0,0,0,0,0,0,0,0,0,0,0,0,0,0,0,0,0,0,0,0,0,0,0,0,0,0,0,0,0,0,0,0,0,0,0,0,0,0,0,0,0,0,0,0,0,0,0,0,0,0,0,0,0,0,0,0,0,0,0,0,0,0,0,0,0,0,0,0,0,0,0,1,1,1,1,1,1,1,1,1,1,1,1,1,1,2,2,2,2,3,3,3,5,5,5,5,6,7,8,8,8,10,10,10,10,11,11,11,11,12,13,14,14,15,15,16,16,18,19,20,20,20,22,22,22,22,22,23,23,23,23,24,24,24,24,24,24,24,24,24,24
84055049,US,USA,840,55049.0,Iowa,Wisconsin,US,43.00050278,-90.13469017,"Iowa, Wisconsin, US",0,0,0,0,0,0,0,0,0,0,0,0,0,0,0,0,0,0,0,0,0,0,0,0,0,0,0,0,0,0,0,0,0,0,0,0,0,0,0,0,0,0,0,0,0,0,0,0,0,0,0,0,0,0,0,0,0,0,0,0,0,0,1,3,3,3,3,3,3,3,3,3,3,3,3,3,4,4,4,4,4,5,5,5,5,5,6,6,6,6,7,7,7,7,7,7,7,7,7,7,7,7,7,7,7,10,10,10,10,10,10,10,10,11,11,11,11,11,11,11,11,11,11,11,12,12,12,14,15,16,16,16,16,17,16,16,16,17,17,16,16,16,16,17,17,17,17,18,18,18,19,21
84055051,US,USA,840,55051.0,Iron,Wisconsin,US,46.26302338,-90.24295041,"Iron, Wisconsin, US",0,0,0,0,0,0,0,0,0,0,0,0,0,0,0,0,0,0,0,0,0,0,0,0,0,0,0,0,0,0,0,0,0,0,0,0,0,0,0,0,0,0,0,0,0,0,0,0,0,0,0,0,0,0,0,0,0,0,0,0,0,0,0,0,0,1,1,1,1,1,1,1,1,1,1,1,1,1,1,1,2,2,2,2,2,2,2,2,2,2,2,2,2,2,2,2,2,2,2,2,2,2,2,2,2,2,2,2,2,2,2,2,2,2,2,2,2,2,2,2,2,2,2,2,2,2,2,2,2,2,2,2,2,2,2,2,2,2,2,2,2,2,2,2,2,2,2,2,2,2,2,2
84055053,US,USA,840,55053.0,Jackson,Wisconsin,US,44.31864893,-90.80566792,"Jackson, Wisconsin, US",0,0,0,0,0,0,0,0,0,0,0,0,0,0,0,0,0,0,0,0,0,0,0,0,0,0,0,0,0,0,0,0,0,0,0,0,0,0,0,0,0,0,0,0,0,0,0,0,0,0,0,0,0,0,0,0,0,0,0,0,0,0,0,0,0,0,0,0,2,2,2,2,2,2,3,4,4,4,7,10,10,10,10,10,10,11,11,11,12,12,12,12,12,12,12,12,12,12,12,12,13,12,12,12,12,12,12,12,12,14,14,14,14,15,15,15,15,15,15,15,15,15,15,15,15,14,14,15,16,17,17,17,17,19,19,17,18,19,20,19,20,22,21,21,21,21,21,22,24,24,24,24
84055055,US,USA,840,55055.0,Jefferson,Wisconsin,US,43.02054068,-88.77529134,"Jefferson, Wisconsin, US",0,0,0,0,0,0,0,0,0,0,0,0,0,0,0,0,0,0,0,0,0,0,0,0,0,0,0,0,0,0,0,0,0,0,0,0,0,0,0,0,0,0,0,0,0,0,0,0,0,0,0,0,0,0,0,0,0,0,1,1,2,2,4,5,5,6,8,8,10,11,12,12,13,13,14,14,15,15,19,21,22,23,24,24,24,24,27,27,32,32,32,35,37,38,39,39,39,42,45,45,46,46,46,46,46,47,50,50,50,50,51,52,54,56,58,58,60,61,62,62,67,75,78,80,84,90,92,96,101,104,106,107,110,114,116,122,124,128,130,134,138,142,152,155,158,160,161,161,164,168,172,177
84055057,US,USA,840,55057.0,Juneau,Wisconsin,US,43.92456975,-90.11120239,"Juneau, Wisconsin, US",0,0,0,0,0,0,0,0,0,0,0,0,0,0,0,0,0,0,0,0,0,0,0,0,0,0,0,0,0,0,0,0,0,0,0,0,0,0,0,0,0,0,0,0,0,0,0,0,0,0,0,0,0,0,0,0,0,0,0,0,0,0,0,0,1,2,2,3,3,3,4,4,4,4,5,5,5,5,5,5,5,6,7,7,7,7,7,10,10,10,10,11,11,11,12,12,13,13,14,17,17,18,18,18,18,19,20,21,21,21,21,21,21,21,21,21,21,22,22,22,22,22,22,22,22,22,22,22,23,23,23,23,22,22,22,22,23,23,23,23,23,24,24,24,25,25,25,25,27,27,27,28
84055059,US,USA,840,55059.0,Kenosha,Wisconsin,US,42.57639354,-88.04051686,"Kenosha, Wisconsin, US",0,0,0,0,0,0,0,0,0,0,0,0,0,0,0,0,0,0,0,0,0,0,0,0,0,0,0,0,0,0,0,0,0,0,0,0,0,0,0,0,0,0,0,0,0,0,0,0,0,0,0,0,0,0,1,4,4,4,4,5,10,12,13,14,19,23,24,29,30,37,54,67,81,81,98,104,112,127,135,147,163,173,182,186,204,208,218,236,248,257,264,278,294,314,329,339,340,348,363,391,477,521,534,546,571,580,610,627,651,682,693,716,736,762,780,820,838,848,866,889,921,948,983,998,1001,1008,1033,1088,1131,1165,1168,1178,1201,1217,1246,1259,1267,1274,1286,1295,1308,1319,1336,1343,1356,1357,1374,1382,1392,1400,1406,1416
84055061,US,USA,840,55061.0,Kewaunee,Wisconsin,US,44.51727459,-87.61468386,"Kewaunee, Wisconsin, US",0,0,0,0,0,0,0,0,0,0,0,0,0,0,0,0,0,0,0,0,0,0,0,0,0,0,0,0,0,0,0,0,0,0,0,0,0,0,0,0,0,0,0,0,0,0,0,0,0,0,0,0,0,0,0,0,0,0,0,0,0,0,0,0,0,0,0,0,0,0,0,0,0,0,0,1,1,1,1,1,1,3,4,4,5,6,8,8,8,8,8,8,10,9,10,10,10,11,14,14,13,15,18,22,22,25,25,26,28,29,29,29,29,29,30,30,30,30,31,31,32,32,33,33,33,33,33,34,34,34,35,35,35,36,36,36,36,36,36,37,37,37,37,37,37,37,39,39,40,42,43,44
84055063,US,USA,840,55063.0,La Crosse,Wisconsin,US,43.90632465,-91.11451093,"La Crosse, Wisconsin, US",0,0,0,0,0,0,0,0,0,0,0,0,0,0,0,0,0,0,0,0,0,0,0,0,0,0,0,0,0,0,0,0,0,0,0,0,0,0,0,0,0,0,0,0,0,0,0,0,0,0,0,0,0,0,0,0,2,4,4,5,5,5,5,10,12,14,15,15,16,19,19,19,19,19,21,22,22,22,23,25,25,25,25,25,25,25,25,25,25,25,26,25,25,25,26,26,26,27,27,28,28,29,29,31,32,32,32,32,32,33,32,34,34,37,42,44,45,45,47,47,47,48,48,47,48,51,51,51,53,53,53,53,55,58,64,68,68,69,70,77,81,94,100,110,116,123,132,152,179,203,229,250
84055065,US,USA,840,55065.0,Lafayette,Wisconsin,US,42.66005229,-90.1317729,"Lafayette, Wisconsin, US",0,0,0,0,0,0,0,0,0,0,0,0,0,0,0,0,0,0,0,0,0,0,0,0,0,0,0,0,0,0,0,0,0,0,0,0,0,0,0,0,0,0,0,0,0,0,0,0,0,0,0,0,0,0,0,0,0,0,0,0,0,0,0,0,0,0,0,0,0,0,0,0,0,0,0,0,1,1,2,2,3,3,3,3,3,3,3,3,3,3,3,4,4,4,4,4,4,4,4,4,6,6,6,6,6,8,9,9,13,13,13,13,14,15,16,16,16,16,16,17,16,17,18,20,22,25,25,26,27,27,27,27,27,27,28,29,30,33,33,35,36,36,38,41,41,43,43,43,48,49,53,54
84055067,US,USA,840,55067.0,Langlade,Wisconsin,US,45.26271619,-89.07483625,"Langlade, Wisconsin, US",0,0,0,0,0,0,0,0,0,0,0,0,0,0,0,0,0,0,0,0,0,0,0,0,0,0,0,0,0,0,0,0,0,0,0,0,0,0,0,0,0,0,0,0,0,0,0,0,0,0,0,0,0,0,0,0,0,0,0,0,0,0,0,0,0,0,0,0,0,0,0,0,0,0,0,0,0,0,0,0,0,0,0,0,0,0,0,0,0,0,0,0,0,0,0,0,0,0,0,0,0,0,0,0,0,0,0,0,0,0,0,0,0,0,0,0,0,0,0,0,1,1,1,1,1,3,2,2,2,2,3,3,3,3,4,4,4,4,8,5,5,6,5,5,5,6,6,6,7,7,7,7
84055069,US,USA,840,55069.0,Lincoln,Wisconsin,US,45.33737523,-89.73411273,"Lincoln, Wisconsin, US",0,0,0,0,0,0,0,0,0,0,0,0,0,0,0,0,0,0,0,0,0,0,0,0,0,0,0,0,0,0,0,0,0,0,0,0,0,0,0,0,0,0,0,0,0,0,0,0,0,0,0,0,0,0,0,0,0,0,0,0,0,0,0,0,0,0,0,0,0,0,0,0,0,0,0,0,0,0,0,0,0,0,0,0,0,0,0,0,0,0,0,0,0,0,0,0,0,0,0,0,1,1,1,1,1,1,1,1,1,1,1,1,1,2,2,3,3,3,3,3,3,3,3,4,4,5,5,7,7,7,7,7,7,7,7,7,7,7,7,7,7,7,7,7,8,8,7,8,8,8,8,8
84055071,US,USA,840,55071.0,Manitowoc,Wisconsin,US,44.11946801,-87.80928853,"Manitowoc, Wisconsin, US",0,0,0,0,0,0,0,0,0,0,0,0,0,0,0,0,0,0,0,0,0,0,0,0,0,0,0,0,0,0,0,0,0,0,0,0,0,0,0,0,0,0,0,0,0,0,0,0,0,0,0,0,0,0,0,0,0,0,0,0,0,0,0,0,0,0,0,0,0,0,0,0,0,1,3,3,3,3,4,3,3,3,3,4,4,5,5,6,6,7,7,7,7,9,9,10,11,11,11,11,11,13,13,14,16,17,17,17,19,19,19,20,20,20,21,21,22,22,25,26,28,28,28,29,29,31,32,36,36,36,36,36,36,38,38,39,39,39,40,40,40,40,42,42,45,47,48,50,56,58,63,68
84055073,US,USA,840,55073.0,Marathon,Wisconsin,US,44.89792533,-89.75863384,"Marathon, Wisconsin, US",0,0,0,0,0,0,0,0,0,0,0,0,0,0,0,0,0,0,0,0,0,0,0,0,0,0,0,0,0,0,0,0,0,0,0,0,0,0,0,0,0,0,0,0,0,0,0,0,0,0,0,0,0,0,0,0,0,0,1,1,1,1,1,1,1,1,1,1,2,3,5,8,9,9,12,12,12,12,12,12,13,13,14,14,14,14,16,17,17,17,17,17,17,17,18,18,17,17,17,18,18,19,19,19,21,21,21,22,24,24,25,25,28,29,31,32,33,33,34,35,35,36,38,41,42,42,43,43,46,51,50,50,52,55,55,57,63,64,64,66,69,70,80,79,82,82,83,88,95,101,107,111
84055075,US,USA,840,55075.0,Marinette,Wisconsin,US,45.38553432,-88.03324599999998,"Marinette, Wisconsin, US",0,0,0,0,0,0,0,0,0,0,0,0,0,0,0,0,0,0,0,0,0,0,0,0,0,0,0,0,0,0,0,0,0,0,0,0,0,0,0,0,0,0,0,0,0,0,0,0,0,0,0,0,0,0,0,0,0,0,0,0,0,0,0,0,0,1,1,1,1,1,2,2,2,2,2,3,3,3,3,3,3,3,3,4,4,4,4,5,5,5,6,6,8,8,7,7,7,7,7,8,10,10,11,11,11,13,13,15,16,16,21,21,21,21,21,23,24,25,25,28,28,30,31,31,32,32,32,33,33,33,33,33,32,32,33,33,33,36,36,37,37,37,37,39,39,40,40,40,40,42,42,42
84055077,US,USA,840,55077.0,Marquette,Wisconsin,US,43.81911946,-89.40073763,"Marquette, Wisconsin, US",0,0,0,0,0,0,0,0,0,0,0,0,0,0,0,0,0,0,0,0,0,0,0,0,0,0,0,0,0,0,0,0,0,0,0,0,0,0,0,0,0,0,0,0,0,0,0,0,0,0,0,0,0,0,0,0,0,0,0,0,0,0,0,0,0,0,0,0,2,2,2,2,2,2,2,2,2,2,2,2,2,2,2,2,3,3,3,3,3,3,3,3,3,3,3,3,3,3,3,3,3,3,3,3,3,3,3,3,3,3,3,3,3,3,3,3,3,3,3,3,3,3,3,3,3,3,3,3,3,4,4,4,4,6,5,5,5,5,5,6,7,9,9,9,9,9,9,9,9,9,9,9
84055078,US,USA,840,55078.0,Menominee,Wisconsin,US,45.00422544,-88.70950714,"Menominee, Wisconsin, US",0,0,0,0,0,0,0,0,0,0,0,0,0,0,0,0,0,0,0,0,0,0,0,0,0,0,0,0,0,0,0,0,0,0,0,0,0,0,0,0,0,0,0,0,0,0,0,0,0,0,0,0,0,0,0,0,0,0,0,0,0,0,0,0,0,0,0,0,0,0,0,1,1,1,1,1,1,1,1,1,1,1,1,1,1,1,1,1,1,1,1,1,1,1,1,1,1,1,1,1,1,1,1,1,1,1,2,2,2,2,2,2,2,2,2,2,2,2,2,2,2,2,2,3,3,3,3,3,3,3,3,3,3,3,3,3,3,3,3,3,3,4,3,3,4,4,4,4,4,4,4,4
84055079,US,USA,840,55079.0,Milwaukee,Wisconsin,US,43.00486062,-87.96733172,"Milwaukee, Wisconsin, US",0,0,0,0,0,0,0,0,0,0,0,0,0,0,0,0,0,0,0,0,0,0,0,0,0,0,0,0,0,0,0,0,0,0,0,0,0,0,0,0,0,0,0,0,0,0,0,0,0,0,0,2,6,6,13,24,47,62,95,126,182,204,243,325,347,411,541,606,617,710,780,869,1023,1023,1190,1256,1323,1416,1484,1575,1653,1710,1743,1795,1870,1947,2013,2065,2150,2191,2234,2304,2382,2431,2525,2629,2674,2722,2815,2940,3044,3147,3244,3296,3353,3469,3573,3722,3854,3952,4022,4069,4215,4387,4535,4759,4945,5005,5076,5373,5556,5735,5987,6185,6352,6517,6748,6952,7429,7656,7750,7799,8004,8108,8388,8547,8688,8813,8900,8973,9096,9220,9310,9418,9511,9588,9658,9750,9945,10049,10167,10267
84055081,US,USA,840,55081.0,Monroe,Wisconsin,US,43.94641218,-90.61881899999999,"Monroe, Wisconsin, US",0,0,0,0,0,0,0,0,0,0,0,0,0,0,0,0,0,0,0,0,0,0,0,0,0,0,0,0,0,0,0,0,0,0,0,0,0,0,0,0,0,0,0,0,0,0,0,0,0,0,0,0,0,0,0,0,0,0,0,0,0,0,0,1,1,1,1,1,1,2,2,3,3,3,6,7,5,5,6,8,8,8,8,8,10,12,13,13,13,13,13,13,14,14,14,14,14,14,14,14,14,14,14,14,14,14,14,14,14,14,15,15,15,15,15,15,15,15,15,15,16,16,16,16,16,16,16,16,16,16,17,17,18,18,18,18,18,19,19,19,23,26,29,30,32,33,36,38,39,40,45,46
84055083,US,USA,840,55083.0,Oconto,Wisconsin,US,45.02715345,-88.26807503,"Oconto, Wisconsin, US",0,0,0,0,0,0,0,0,0,0,0,0,0,0,0,0,0,0,0,0,0,0,0,0,0,0,0,0,0,0,0,0,0,0,0,0,0,0,0,0,0,0,0,0,0,0,0,0,0,0,0,0,0,0,0,0,0,0,0,0,0,0,0,0,0,0,0,0,0,1,1,1,1,1,1,1,1,1,3,3,3,3,3,4,4,4,4,4,4,5,5,5,5,5,6,7,8,8,8,10,14,15,18,18,20,23,26,27,28,27,28,28,28,28,30,30,30,30,30,31,31,32,34,34,34,34,35,35,35,37,37,37,38,39,39,39,41,42,42,42,42,43,43,44,44,45,45,45,46,46,46,46
84055085,US,USA,840,55085.0,Oneida,Wisconsin,US,45.70677897,-89.51944105,"Oneida, Wisconsin, US",0,0,0,0,0,0,0,0,0,0,0,0,0,0,0,0,0,0,0,0,0,0,0,0,0,0,0,0,0,0,0,0,0,0,0,0,0,0,0,0,0,0,0,0,0,0,0,0,0,0,0,0,0,0,0,0,0,0,0,0,0,0,0,0,0,0,1,1,3,3,3,3,3,3,3,3,5,5,5,5,5,6,6,6,6,6,6,6,6,6,6,6,6,6,6,6,6,6,6,6,6,6,6,6,6,6,6,7,7,7,7,7,7,7,7,7,7,7,7,7,7,7,7,7,7,7,8,9,9,9,9,9,9,11,11,12,12,12,13,13,13,14,14,14,16,16,17,17,17,17,17,17
84055087,US,USA,840,55087.0,Outagamie,Wisconsin,US,44.41578887,-88.46565023,"Outagamie, Wisconsin, US",0,0,0,0,0,0,0,0,0,0,0,0,0,0,0,0,0,0,0,0,0,0,0,0,0,0,0,0,0,0,0,0,0,0,0,0,0,0,0,0,0,0,0,0,0,0,0,0,0,0,0,0,0,0,1,1,1,1,2,2,2,2,2,4,4,4,4,6,9,12,12,14,19,19,21,22,25,25,26,29,29,29,29,29,31,31,31,33,35,35,35,37,38,43,43,46,47,50,54,54,62,63,68,73,77,83,93,105,111,112,117,117,122,124,128,135,139,142,146,153,161,174,181,184,193,196,198,204,213,223,227,230,232,239,246,253,263,270,277,289,294,306,318,331,337,343,345,354,366,377,387,396
84055089,US,USA,840,55089.0,Ozaukee,Wisconsin,US,43.38352225,-87.94625009,"Ozaukee, Wisconsin, US",0,0,0,0,0,0,0,0,0,0,0,0,0,0,0,0,0,0,0,0,0,0,0,0,0,0,0,0,0,0,0,0,0,0,0,0,0,0,0,0,0,0,0,0,0,0,0,0,0,0,0,0,0,0,0,0,0,3,7,11,13,14,16,20,22,30,33,34,36,43,46,47,50,50,56,62,66,70,71,71,72,72,72,73,77,77,78,79,79,80,80,80,80,80,82,85,86,86,86,88,88,89,92,94,95,95,99,101,104,105,107,107,110,113,119,120,122,122,125,130,131,133,134,137,138,138,144,156,159,160,162,165,165,170,174,177,180,183,184,184,185,185,188,190,193,193,199,199,199,201,204,207
84055091,US,USA,840,55091.0,Pepin,Wisconsin,US,44.58307413,-91.99949611,"Pepin, Wisconsin, US",0,0,0,0,0,0,0,0,0,0,0,0,0,0,0,0,0,0,0,0,0,0,0,0,0,0,0,0,0,0,0,0,0,0,0,0,0,0,0,0,0,0,0,0,0,0,0,0,0,0,0,0,0,0,0,0,0,0,0,0,0,0,0,0,0,0,0,0,0,0,0,0,7,7,0,0,0,0,0,0,0,0,0,0,0,0,0,0,0,0,0,0,0,0,0,0,0,0,0,0,0,0,0,0,0,0,0,0,0,0,0,0,0,1,1,1,1,1,1,1,1,1,1,1,1,1,1,1,1,1,1,1,1,1,1,1,1,1,1,1,1,1,1,1,1,1,1,1,1,1,1,1
84055093,US,USA,840,55093.0,Pierce,Wisconsin,US,44.71850291,-92.4224416,"Pierce, Wisconsin, US",0,0,0,0,0,0,0,0,0,0,0,0,0,0,0,0,0,0,0,0,0,0,0,0,0,0,0,0,0,0,0,0,0,0,0,0,0,0,0,0,0,0,0,0,0,0,0,0,1,2,1,1,1,1,1,1,1,1,1,1,1,3,3,3,3,4,4,4,6,7,7,7,7,7,7,7,7,7,7,7,7,7,7,7,7,7,7,7,7,7,8,8,8,8,8,9,9,9,10,10,10,10,10,10,11,11,12,12,12,12,13,14,14,15,16,17,20,21,22,26,30,34,36,42,42,43,43,44,45,45,45,45,47,47,49,50,50,50,50,51,51,51,51,52,54,57,57,57,57,57,57,57
84055095,US,USA,840,55095.0,Polk,Wisconsin,US,45.46130348,-92.44182875,"Polk, Wisconsin, US",0,0,0,0,0,0,0,0,0,0,0,0,0,0,0,0,0,0,0,0,0,0,0,0,0,0,0,0,0,0,0,0,0,0,0,0,0,0,0,0,0,0,0,0,0,0,0,0,0,0,0,0,0,0,0,0,0,0,0,0,0,0,0,0,0,0,0,0,0,0,0,0,0,0,0,0,0,0,0,1,1,3,3,3,3,3,4,4,4,4,4,4,4,4,4,4,4,4,4,4,4,4,4,4,4,5,5,5,5,5,5,5,5,6,6,6,6,6,7,7,9,13,15,16,16,16,17,18,18,19,19,19,22,24,28,31,33,33,33,34,36,37,36,36,37,37,36,37,37,39,40,40
84055097,US,USA,840,55097.0,Portage,Wisconsin,US,44.47558711,-89.50152965,"Portage, Wisconsin, US",0,0,0,0,0,0,0,0,0,0,0,0,0,0,0,0,0,0,0,0,0,0,0,0,0,0,0,0,0,0,0,0,0,0,0,0,0,0,0,0,0,0,0,0,0,0,0,0,0,0,0,0,0,0,0,0,0,0,0,0,0,0,0,0,1,1,1,1,1,1,1,2,3,3,3,3,4,4,4,4,4,4,4,4,4,4,4,4,4,4,4,4,4,4,4,4,4,4,5,5,5,6,6,7,7,7,7,7,7,7,7,7,7,7,7,7,7,7,7,7,8,8,9,10,10,10,10,11,11,11,11,12,14,14,14,23,33,35,35,39,51,66,68,71,75,79,82,82,86,87,90,91
84055099,US,USA,840,55099.0,Price,Wisconsin,US,45.68051754,-90.36098879999999,"Price, Wisconsin, US",0,0,0,0,0,0,0,0,0,0,0,0,0,0,0,0,0,0,0,0,0,0,0,0,0,0,0,0,0,0,0,0,0,0,0,0,0,0,0,0,0,0,0,0,0,0,0,0,0,0,0,0,0,0,0,0,0,0,0,0,0,0,0,0,0,0,0,0,0,0,0,0,0,0,0,0,0,0,0,0,1,1,1,1,1,1,1,1,1,1,1,1,1,1,1,1,1,1,1,1,1,1,1,1,1,1,1,1,1,1,1,1,1,1,1,1,1,1,1,1,2,2,2,2,2,2,2,2,2,2,2,2,2,2,2,2,2,2,2,2,2,2,2,2,2,2,2,2,2,2,2,2
84055101,US,USA,840,55101.0,Racine,Wisconsin,US,42.74753117,-88.05941254,"Racine, Wisconsin, US",0,0,0,0,0,0,0,0,0,0,0,0,0,0,0,0,0,0,0,0,0,0,0,0,0,0,0,0,0,0,0,0,0,0,0,0,0,0,0,0,0,0,0,0,0,0,0,0,0,0,0,1,1,1,1,1,1,3,3,4,4,5,5,7,8,9,16,17,21,26,28,35,41,41,54,57,66,66,84,100,105,117,117,135,138,143,157,164,168,174,185,198,215,229,255,270,273,308,317,355,393,408,435,457,535,559,590,634,680,704,724,763,785,833,920,1004,1017,1034,1061,1115,1166,1269,1311,1387,1394,1395,1579,1605,1652,1714,1722,1733,1762,1797,1838,1878,1906,1910,1911,1939,1952,1966,1975,1986,1989,1991,2033,2039,2053,2066,2079,2081
84055103,US,USA,840,55103.0,Richland,Wisconsin,US,43.3762778,-90.43012729,"Richland, Wisconsin, US",0,0,0,0,0,0,0,0,0,0,0,0,0,0,0,0,0,0,0,0,0,0,0,0,0,0,0,0,0,0,0,0,0,0,0,0,0,0,0,0,0,0,0,0,0,0,0,0,0,0,0,0,0,0,0,0,0,0,0,0,0,0,0,0,0,0,2,2,2,2,2,2,2,2,3,3,3,3,3,4,5,5,5,6,7,7,8,8,8,8,8,9,10,10,10,11,11,11,11,12,12,12,13,13,13,13,13,13,13,13,13,13,13,13,13,14,14,14,14,14,14,14,14,14,14,14,14,14,14,14,14,14,14,14,14,14,14,14,14,14,14,14,14,14,14,14,14,14,14,15,15,15
84055105,US,USA,840,55105.0,Rock,Wisconsin,US,42.67151616,-89.07147900000002,"Rock, Wisconsin, US",0,0,0,0,0,0,0,0,0,0,0,0,0,0,0,0,0,0,0,0,0,0,0,0,0,0,0,0,0,0,0,0,0,0,0,0,0,0,0,0,0,0,0,0,0,0,0,0,0,0,0,0,0,0,0,0,0,0,2,3,3,3,3,4,8,12,12,14,15,16,17,19,20,20,28,34,37,37,47,51,53,56,60,59,62,63,63,68,74,80,83,86,99,120,151,151,164,178,183,198,222,243,262,289,301,311,324,343,347,354,361,369,380,393,406,422,429,432,438,452,493,520,529,545,569,583,588,607,620,632,636,639,646,658,671,682,685,685,707,714,724,729,744,752,754,754,761,767,773,777,783,791
84055107,US,USA,840,55107.0,Rusk,Wisconsin,US,45.47498854,-91.1333012,"Rusk, Wisconsin, US",0,0,0,0,0,0,0,0,0,0,0,0,0,0,0,0,0,0,0,0,0,0,0,0,0,0,0,0,0,0,0,0,0,0,0,0,0,0,0,0,0,0,0,0,0,0,0,0,0,0,0,0,0,0,0,0,0,0,0,0,0,0,0,0,0,0,0,0,0,0,0,0,1,1,3,3,3,3,3,3,3,3,3,3,3,3,3,4,4,4,4,4,4,4,4,4,4,4,4,4,4,4,4,4,4,4,4,4,4,4,4,4,4,4,4,4,4,4,4,4,4,4,4,4,4,4,5,5,5,5,5,5,5,5,5,5,5,5,5,5,5,7,9,9,10,10,10,10,10,10,11,11
84055109,US,USA,840,55109.0,St. Croix,Wisconsin,US,45.03437474,-92.45000068,"St. Croix, Wisconsin, US",0,0,0,0,0,0,0,0,0,0,0,0,0,0,0,0,0,0,0,0,0,0,0,0,0,0,0,0,0,0,0,0,0,0,0,0,0,0,0,0,0,0,0,0,0,0,0,0,0,0,0,0,0,0,0,0,0,1,2,2,2,3,4,4,4,4,4,4,4,5,6,6,7,7,7,7,7,7,7,7,8,9,10,10,10,11,11,11,11,11,11,12,13,13,13,13,13,13,13,16,16,16,18,20,21,23,23,26,27,27,29,31,36,37,37,39,44,48,48,52,57,58,65,67,68,70,71,74,77,81,86,92,95,97,100,102,105,105,106,107,108,108,110,111,111,111,116,116,119,122,126,128
84055111,US,USA,840,55111.0,Sauk,Wisconsin,US,43.42574087,-89.94966132,"Sauk, Wisconsin, US",0,0,0,0,0,0,0,0,0,0,0,0,0,0,0,0,0,0,0,0,0,0,0,0,0,0,0,0,0,0,0,0,0,0,0,0,0,0,0,0,0,0,0,0,0,0,0,0,0,0,0,0,0,0,0,0,0,1,2,2,2,3,4,6,7,8,11,12,13,13,14,16,18,18,18,18,20,20,21,25,25,26,26,28,31,31,31,32,33,34,34,36,37,38,38,40,42,44,44,45,58,64,65,66,67,70,69,69,71,71,72,73,73,74,76,77,77,77,77,77,77,77,77,77,77,77,78,78,78,78,78,78,79,81,81,81,81,83,83,84,84,84,84,86,85,85,87,87,88,90,94,96
84055113,US,USA,840,55113.0,Sawyer,Wisconsin,US,45.87931905,-91.14504927,"Sawyer, Wisconsin, US",0,0,0,0,0,0,0,0,0,0,0,0,0,0,0,0,0,0,0,0,0,0,0,0,0,0,0,0,0,0,0,0,0,0,0,0,0,0,0,0,0,0,0,0,0,0,0,0,0,0,0,0,0,0,0,0,0,0,0,0,0,0,0,0,0,0,0,0,0,0,0,0,0,0,0,0,0,0,1,1,1,1,1,2,2,2,2,2,2,2,2,2,2,2,2,3,3,3,3,3,3,3,3,4,4,4,4,4,4,4,4,4,4,4,4,4,4,4,4,4,7,7,7,7,7,7,7,8,8,8,8,8,8,8,8,8,8,8,8,9,9,9,9,9,9,9,9,9,9,9,9,9
84055115,US,USA,840,55115.0,Shawano,Wisconsin,US,44.78902246,-88.76443896,"Shawano, Wisconsin, US",0,0,0,0,0,0,0,0,0,0,0,0,0,0,0,0,0,0,0,0,0,0,0,0,0,0,0,0,0,0,0,0,0,0,0,0,0,0,0,0,0,0,0,0,0,0,0,0,0,0,0,0,0,0,0,0,0,0,0,0,0,0,0,0,0,0,0,0,0,0,0,0,0,0,1,2,3,3,4,5,5,5,5,6,6,6,6,6,6,6,6,6,6,8,8,8,8,8,10,10,15,16,16,16,17,17,17,20,20,22,25,25,27,28,29,31,31,33,33,34,36,36,37,38,38,38,41,43,45,46,47,48,50,51,53,53,56,56,57,60,60,60,62,62,63,64,64,64,66,66,68,68
84055117,US,USA,840,55117.0,Sheboygan,Wisconsin,US,43.72099677,-87.94579284,"Sheboygan, Wisconsin, US",0,0,0,0,0,0,0,0,0,0,0,0,0,0,0,0,0,0,0,0,0,0,0,0,0,0,0,0,0,0,0,0,0,0,0,0,0,0,0,0,0,0,0,0,0,0,0,0,0,0,0,3,3,3,3,3,4,6,6,6,6,6,6,7,7,7,8,8,8,11,12,16,20,20,21,21,30,32,31,33,34,34,36,36,37,37,38,39,40,43,43,44,44,45,44,45,46,46,46,47,49,51,52,53,55,59,65,65,65,66,66,66,66,67,68,68,69,69,70,73,76,78,82,82,82,83,83,84,87,88,90,90,95,98,101,105,111,114,114,118,120,129,137,147,157,158,166,171,177,176,179,185
84055119,US,USA,840,55119.0,Taylor,Wisconsin,US,45.21179252,-90.5004405,"Taylor, Wisconsin, US",0,0,0,0,0,0,0,0,0,0,0,0,0,0,0,0,0,0,0,0,0,0,0,0,0,0,0,0,0,0,0,0,0,0,0,0,0,0,0,0,0,0,0,0,0,0,0,0,0,0,0,0,0,0,0,0,0,0,0,0,0,0,0,0,0,0,0,0,0,0,0,0,0,0,0,0,0,0,0,0,0,0,0,0,0,0,0,0,0,0,0,0,0,0,0,0,0,0,0,0,0,0,0,0,0,0,0,0,0,0,0,0,0,0,0,0,0,0,0,0,1,1,1,1,1,1,1,1,2,2,2,2,2,2,2,2,2,2,2,2,2,2,2,2,3,5,5,5,6,8,9,9
84055121,US,USA,840,55121.0,Trempealeau,Wisconsin,US,44.30360275,-91.35893614,"Trempealeau, Wisconsin, US",0,0,0,0,0,0,0,0,0,0,0,0,0,0,0,0,0,0,0,0,0,0,0,0,0,0,0,0,0,0,0,0,0,0,0,0,0,0,0,0,0,0,0,0,0,0,0,0,0,0,0,0,0,0,0,0,0,0,0,0,0,0,0,0,0,0,0,0,0,0,0,1,1,1,1,1,1,1,1,1,1,1,1,1,1,1,1,1,1,1,1,1,1,2,2,2,2,2,2,3,3,3,3,4,4,5,5,5,5,5,5,6,6,7,7,7,10,11,11,11,13,13,14,18,20,21,22,23,24,25,25,25,26,29,30,32,38,40,42,43,44,49,49,56,57,64,71,80,85,86,91,91
84055123,US,USA,840,55123.0,Vernon,Wisconsin,US,43.59422667,-90.8324691,"Vernon, Wisconsin, US",0,0,0,0,0,0,0,0,0,0,0,0,0,0,0,0,0,0,0,0,0,0,0,0,0,0,0,0,0,0,0,0,0,0,0,0,0,0,0,0,0,0,0,0,0,0,0,0,0,0,0,0,0,0,0,0,0,0,0,0,0,0,0,0,0,0,0,0,0,0,0,0,0,0,0,0,0,0,0,0,0,0,0,0,0,0,0,0,0,0,0,0,0,1,1,1,1,1,1,1,1,1,1,2,2,2,2,3,3,3,3,4,6,7,8,10,11,11,12,12,13,14,14,16,16,17,19,20,21,21,21,21,21,21,21,21,21,21,21,22,22,23,23,24,24,24,24,26,28,29,29,29
84055125,US,USA,840,55125.0,Vilas,Wisconsin,US,46.05467334,-89.51719204,"Vilas, Wisconsin, US",0,0,0,0,0,0,0,0,0,0,0,0,0,0,0,0,0,0,0,0,0,0,0,0,0,0,0,0,0,0,0,0,0,0,0,0,0,0,0,0,0,0,0,0,0,0,0,0,0,0,0,0,0,0,0,0,0,0,0,0,0,0,0,0,1,2,2,2,3,3,3,3,3,3,4,4,4,4,4,4,4,4,4,4,4,4,4,4,4,4,4,4,4,4,4,4,4,4,4,4,4,4,4,4,4,4,4,4,4,4,4,4,4,4,4,4,4,4,4,4,5,6,6,6,6,6,6,6,6,7,7,8,8,8,8,8,8,8,8,8,8,8,8,8,8,8,8,8,10,10,10,10
84055127,US,USA,840,55127.0,Walworth,Wisconsin,US,42.66858202,-88.54163073,"Walworth, Wisconsin, US",0,0,0,0,0,0,0,0,0,0,0,0,0,0,0,0,0,0,0,0,0,0,0,0,0,0,0,0,0,0,0,0,0,0,0,0,0,0,0,0,0,0,0,0,0,0,0,0,0,0,0,0,0,0,0,0,1,2,3,3,3,3,4,5,5,5,6,6,6,6,12,15,15,15,20,20,21,21,28,35,35,37,38,45,49,71,75,89,89,86,90,94,100,113,132,135,138,139,156,161,171,183,197,211,212,215,226,226,229,235,240,244,243,251,269,277,280,284,287,296,316,329,339,348,351,351,363,372,379,392,395,397,398,424,424,428,435,435,440,452,456,468,469,471,471,471,480,481,487,488,497,498
84055129,US,USA,840,55129.0,Washburn,Wisconsin,US,45.89838588,-91.79050449,"Washburn, Wisconsin, US",0,0,0,0,0,0,0,0,0,0,0,0,0,0,0,0,0,0,0,0,0,0,0,0,0,0,0,0,0,0,0,0,0,0,0,0,0,0,0,0,0,0,0,0,0,0,0,0,0,0,0,0,0,0,0,0,0,0,0,0,0,0,0,0,0,0,0,0,0,0,0,0,0,0,0,0,0,0,0,0,0,0,0,0,0,1,1,1,1,1,1,1,1,1,1,1,1,1,1,1,1,1,1,1,1,1,1,1,1,1,1,1,1,1,1,1,1,1,1,1,2,2,2,2,2,2,2,2,2,2,2,2,2,2,2,2,3,3,3,3,3,3,3,3,3,3,3,3,3,4,4,4
84055131,US,USA,840,55131.0,Washington,Wisconsin,US,43.36863664,-88.22974712,"Washington, Wisconsin, US",0,0,0,0,0,0,0,0,0,0,0,0,0,0,0,0,0,0,0,0,0,0,0,0,0,0,0,0,0,0,0,0,0,0,0,0,0,0,0,0,0,0,0,0,0,0,0,0,0,0,0,0,0,0,0,0,2,2,3,3,14,15,17,21,25,27,31,31,34,40,44,46,52,52,57,57,59,63,63,67,71,71,73,73,78,79,81,82,84,86,87,88,90,91,92,92,94,96,97,98,99,100,101,104,106,107,113,114,116,117,118,119,122,125,129,140,148,149,155,163,171,178,181,193,206,209,212,233,238,248,252,257,260,261,266,272,277,277,279,281,283,287,289,290,290,294,296,299,303,307,313,321
84055133,US,USA,840,55133.0,Waukesha,Wisconsin,US,43.01833055,-88.30431188,"Waukesha, Wisconsin, US",0,0,0,0,0,0,0,0,0,0,0,0,0,0,0,0,0,0,0,0,0,0,0,0,0,0,0,0,0,0,0,0,0,0,0,0,0,0,0,0,0,0,0,0,0,0,0,0,0,0,1,1,3,3,3,4,5,12,15,20,30,31,31,42,56,61,72,83,93,101,107,120,141,141,154,160,166,166,184,193,201,209,218,224,238,245,255,259,265,269,274,278,280,289,299,307,313,321,329,336,350,356,360,367,368,374,380,387,396,400,409,414,421,444,454,467,476,482,492,514,527,537,553,561,567,578,593,650,665,690,696,709,722,744,765,778,795,808,823,829,842,865,884,894,904,915,928,942,958,972,991,1003
84055135,US,USA,840,55135.0,Waupaca,Wisconsin,US,44.47068056,-88.96534501,"Waupaca, Wisconsin, US",0,0,0,0,0,0,0,0,0,0,0,0,0,0,0,0,0,0,0,0,0,0,0,0,0,0,0,0,0,0,0,0,0,0,0,0,0,0,0,0,0,0,0,0,0,0,0,0,0,0,0,0,0,0,0,0,0,0,0,0,0,0,0,0,1,1,1,1,1,1,2,2,2,2,2,2,2,2,3,3,3,4,4,4,4,4,4,4,4,4,4,5,6,7,7,7,7,7,8,8,10,10,10,10,10,10,10,11,13,13,13,13,14,15,16,17,17,17,19,19,19,20,20,23,23,26,27,27,29,39,41,42,45,45,47,49,51,57,58,58,61,63,66,71,78,79,80,82,84,87,89,91
84055137,US,USA,840,55137.0,Waushara,Wisconsin,US,44.11324419,-89.24317107,"Waushara, Wisconsin, US",0,0,0,0,0,0,0,0,0,0,0,0,0,0,0,0,0,0,0,0,0,0,0,0,0,0,0,0,0,0,0,0,0,0,0,0,0,0,0,0,0,0,0,0,0,0,0,0,0,0,0,0,0,0,0,0,0,0,0,0,0,0,0,0,0,0,0,0,0,0,0,0,0,0,0,1,1,1,2,2,2,2,2,2,2,2,2,2,2,2,2,2,2,2,2,2,2,2,2,2,2,2,2,2,4,4,4,4,4,4,4,4,4,4,5,5,5,7,7,7,7,7,7,8,8,8,8,8,8,8,8,8,8,10,9,10,10,10,10,13,13,14,16,16,16,16,20,20,18,19,20,20
84055139,US,USA,840,55139.0,Winnebago,Wisconsin,US,44.06886922,-88.64477096,"Winnebago, Wisconsin, US",0,0,0,0,0,0,0,0,0,0,0,0,0,0,0,0,0,0,0,0,0,0,0,0,0,0,0,0,0,0,0,0,0,0,0,0,0,0,0,0,0,0,0,0,0,0,0,0,0,0,0,0,1,1,3,3,5,5,5,5,5,5,5,5,6,6,7,8,10,11,19,24,24,24,20,24,24,24,25,25,25,27,27,29,31,32,34,38,41,41,41,43,46,46,48,48,48,48,51,53,62,67,69,72,83,85,88,91,98,98,100,101,102,108,112,117,123,124,126,134,141,160,166,172,182,191,199,205,224,238,244,249,270,284,309,334,354,385,397,431,457,473,485,506,518,532,537,551,569,579,593,601
84055141,US,USA,840,55141.0,Wood,Wisconsin,US,44.45537896,-90.04158336,"Wood, Wisconsin, US",0,0,0,0,0,0,0,0,0,0,0,0,0,0,0,0,0,0,0,0,0,0,0,0,0,0,0,0,0,0,0,0,0,0,0,0,0,0,0,0,0,0,0,0,0,0,0,0,0,0,0,0,0,0,1,1,1,1,1,1,1,1,1,1,1,2,2,2,2,2,2,2,2,2,2,2,2,2,2,2,2,2,2,2,2,2,2,2,2,2,2,2,2,2,2,2,2,2,2,2,2,2,2,2,2,2,2,2,2,2,4,4,4,5,5,6,6,7,8,8,9,9,9,9,9,9,9,10,10,10,10,10,10,10,11,11,11,11,11,12,13,15,16,17,21,23,23,25,28,29,31,32
84056001,US,USA,840,56001.0,Albany,Wyoming,US,41.65498705,-105.72354150000001,"Albany, Wyoming, US",0,0,0,0,0,0,0,0,0,0,0,0,0,0,0,0,0,0,0,0,0,0,0,0,0,0,0,0,0,0,0,0,0,0,0,0,0,0,0,0,0,0,0,0,0,0,0,0,0,0,0,0,0,0,0,0,0,0,0,0,0,0,0,1,1,1,1,1,1,1,3,3,4,4,4,4,4,4,4,4,5,5,5,5,5,5,6,6,6,6,6,6,6,6,6,6,7,8,8,8,8,8,8,8,8,8,8,8,8,8,8,8,8,8,8,9,9,10,10,10,10,10,14,17,20,23,23,24,25,25,25,25,25,25,25,26,26,26,26,26,26,26,25,26,26,27,28,28,28,28,28,28
84056003,US,USA,840,56003.0,Big Horn,Wyoming,US,44.52405055,-107.9960365,"Big Horn, Wyoming, US",0,0,0,0,0,0,0,0,0,0,0,0,0,0,0,0,0,0,0,0,0,0,0,0,0,0,0,0,0,0,0,0,0,0,0,0,0,0,0,0,0,0,0,0,0,0,0,0,0,0,0,0,0,0,0,0,0,0,0,0,0,0,0,0,0,0,0,0,0,0,0,0,0,0,0,0,0,0,0,0,0,1,1,1,1,1,1,1,1,1,3,2,2,2,2,2,2,2,3,3,3,3,3,3,3,3,3,3,3,3,3,3,3,3,3,3,3,3,3,3,3,3,3,4,5,5,5,5,5,5,6,6,6,6,6,6,6,8,8,9,9,10,10,11,11,11,11,11,11,11,11,11
84056005,US,USA,840,56005.0,Campbell,Wyoming,US,44.24886082,-105.54744040000001,"Campbell, Wyoming, US",0,0,0,0,0,0,0,0,0,0,0,0,0,0,0,0,0,0,0,0,0,0,0,0,0,0,0,0,0,0,0,0,0,0,0,0,0,0,0,0,0,0,0,0,0,0,0,0,0,0,0,0,0,0,0,0,0,0,1,1,1,1,1,1,1,1,1,1,1,2,4,6,6,7,7,9,9,9,9,9,11,11,11,13,13,13,13,13,13,13,18,18,18,20,23,23,23,23,23,24,24,24,24,24,24,25,25,25,29,29,29,30,29,29,29,29,29,29,29,30,30,30,30,30,30,30,30,30,31,31,31,31,31,31,32,32,32,32,35,35,37,39,40,41,44,45,46,46,46,46,46,47
84056007,US,USA,840,56007.0,Carbon,Wyoming,US,41.69357844,-106.9326084,"Carbon, Wyoming, US",0,0,0,0,0,0,0,0,0,0,0,0,0,0,0,0,0,0,0,0,0,0,0,0,0,0,0,0,0,0,0,0,0,0,0,0,0,0,0,0,0,0,0,0,0,0,0,0,0,0,0,0,0,0,0,0,0,0,0,1,1,1,2,3,3,3,3,3,3,3,3,3,3,4,4,4,4,4,4,4,4,4,4,4,4,4,4,4,4,4,4,4,4,4,4,6,4,4,4,4,5,5,5,5,5,5,5,5,5,5,5,5,5,7,8,14,14,14,15,16,16,16,16,16,16,16,16,16,16,16,16,16,16,16,16,16,16,16,16,16,16,20,20,22,24,22,22,21,22,22,22,22
84056009,US,USA,840,56009.0,Converse,Wyoming,US,42.97272268,-105.5081848,"Converse, Wyoming, US",0,0,0,0,0,0,0,0,0,0,0,0,0,0,0,0,0,0,0,0,0,0,0,0,0,0,0,0,0,0,0,0,0,0,0,0,0,0,0,0,0,0,0,0,0,0,0,0,0,0,0,0,0,0,0,0,0,0,0,0,0,0,0,0,0,0,1,1,1,1,2,2,3,3,3,4,4,4,4,4,6,8,8,8,8,8,8,8,9,9,15,16,16,16,16,16,17,21,22,22,22,23,23,23,23,23,23,23,23,23,23,23,23,23,23,23,23,23,24,24,24,24,24,24,24,24,24,24,24,24,24,24,24,24,24,24,24,24,24,24,24,24,24,24,24,24,24,24,24,24,24,24
84056011,US,USA,840,56011.0,Crook,Wyoming,US,44.58855102,-104.56977049999999,"Crook, Wyoming, US",0,0,0,0,0,0,0,0,0,0,0,0,0,0,0,0,0,0,0,0,0,0,0,0,0,0,0,0,0,0,0,0,0,0,0,0,0,0,0,0,0,0,0,0,0,0,0,0,0,0,0,0,0,0,0,0,0,0,0,0,0,0,0,0,0,0,0,0,0,0,0,0,0,0,0,1,1,1,3,3,3,3,3,3,4,4,4,4,4,4,5,5,5,5,5,5,5,5,5,5,5,5,5,5,5,5,5,5,5,5,5,5,5,5,5,5,5,5,5,5,5,5,5,5,5,5,5,5,5,5,5,5,5,5,5,5,5,5,5,5,5,5,5,5,6,6,6,6,6,6,6,6
84056013,US,USA,840,56013.0,Fremont,Wyoming,US,43.04183996,-108.6296893,"Fremont, Wyoming, US",0,0,0,0,0,0,0,0,0,0,0,0,0,0,0,0,0,0,0,0,0,0,0,0,0,0,0,0,0,0,0,0,0,0,0,0,0,0,0,0,0,0,0,0,0,0,0,0,0,0,0,0,1,1,1,8,8,8,9,9,10,10,10,13,14,17,20,23,24,25,25,26,27,36,37,38,38,38,38,38,39,40,41,42,42,43,45,47,49,51,58,57,59,72,83,91,106,109,110,116,120,128,131,137,140,164,168,175,180,187,191,193,202,208,214,220,223,224,228,233,237,238,244,248,249,250,255,261,273,277,278,282,283,285,287,289,295,295,297,295,296,302,303,304,305,308,310,315,319,326,327,329
84056015,US,USA,840,56015.0,Goshen,Wyoming,US,42.08798185,-104.3534743,"Goshen, Wyoming, US",0,0,0,0,0,0,0,0,0,0,0,0,0,0,0,0,0,0,0,0,0,0,0,0,0,0,0,0,0,0,0,0,0,0,0,0,0,0,0,0,0,0,0,0,0,0,0,0,0,0,0,0,0,0,0,0,0,0,0,0,0,0,0,0,0,1,1,1,1,1,1,1,2,2,2,3,3,3,3,3,3,3,3,3,3,3,3,3,3,3,4,4,4,4,4,4,4,4,4,4,4,4,4,4,4,4,4,5,5,5,5,5,5,5,5,5,5,5,5,5,5,5,5,5,5,5,5,5,5,5,5,5,5,5,5,5,5,5,5,5,5,5,5,5,5,5,5,5,5,5,5,5
84056017,US,USA,840,56017.0,Hot Springs,Wyoming,US,43.71930657,-108.44231740000001,"Hot Springs, Wyoming, US",0,0,0,0,0,0,0,0,0,0,0,0,0,0,0,0,0,0,0,0,0,0,0,0,0,0,0,0,0,0,0,0,0,0,0,0,0,0,0,0,0,0,0,0,0,0,0,0,0,0,0,0,0,0,0,0,0,0,0,0,0,0,0,0,0,0,0,0,0,0,0,0,0,0,0,0,0,0,0,0,1,1,1,1,1,1,1,1,1,1,3,3,3,3,3,3,3,3,3,3,3,3,3,3,3,3,3,3,3,3,3,3,3,3,3,6,6,7,7,8,9,9,9,10,10,10,12,12,12,12,12,12,12,12,12,12,12,12,12,12,12,12,12,12,12,12,12,12,12,12,12,12
84056019,US,USA,840,56019.0,Johnson,Wyoming,US,44.04057166,-106.58451740000001,"Johnson, Wyoming, US",0,0,0,0,0,0,0,0,0,0,0,0,0,0,0,0,0,0,0,0,0,0,0,0,0,0,0,0,0,0,0,0,0,0,0,0,0,0,0,0,0,0,0,0,0,0,0,0,0,0,0,0,0,0,0,0,0,0,0,0,0,0,0,0,1,4,5,5,5,7,7,8,8,8,8,8,8,8,8,9,10,11,11,11,11,11,11,11,11,11,15,15,15,15,15,15,15,15,15,15,15,15,15,15,15,15,15,15,15,15,15,15,15,15,15,15,15,16,16,16,16,16,16,18,18,18,18,18,18,18,18,18,18,18,18,18,18,18,18,18,18,18,18,18,18,18,18,19,19,19,19,19
84056021,US,USA,840,56021.0,Laramie,Wyoming,US,41.30702520000001,-104.6887497,"Laramie, Wyoming, US",0,0,0,0,0,0,0,0,0,0,0,0,0,0,0,0,0,0,0,0,0,0,0,0,0,0,0,0,0,0,0,0,0,0,0,0,0,0,0,0,0,0,0,0,0,0,0,0,0,0,0,0,0,0,0,1,3,4,4,4,6,6,7,11,14,17,19,19,20,22,29,36,37,42,43,44,47,48,53,54,58,58,60,62,64,67,69,70,71,73,110,114,117,120,124,125,128,134,139,145,147,151,154,158,162,163,163,163,163,164,166,170,173,173,178,181,181,181,183,182,182,182,182,182,183,183,185,188,188,188,188,188,188,188,188,188,188,188,188,188,188,188,191,195,195,196,196,197,203,204,204,204
84056023,US,USA,840,56023.0,Lincoln,Wyoming,US,42.26376367,-110.6563997,"Lincoln, Wyoming, US",0,0,0,0,0,0,0,0,0,0,0,0,0,0,0,0,0,0,0,0,0,0,0,0,0,0,0,0,0,0,0,0,0,0,0,0,0,0,0,0,0,0,0,0,0,0,0,0,0,0,0,0,0,0,0,0,0,0,0,0,0,0,0,0,0,0,0,0,0,0,0,0,1,1,2,4,4,4,4,4,5,5,5,5,5,5,5,5,5,5,9,9,9,9,9,9,9,9,9,9,9,9,9,9,10,10,10,10,10,11,11,11,11,14,14,14,14,14,14,14,15,15,15,15,15,15,15,15,15,15,15,15,15,15,15,15,15,15,15,15,15,15,15,15,15,15,15,15,15,15,15,16
84056025,US,USA,840,56025.0,Natrona,Wyoming,US,42.96180148,-106.79788500000001,"Natrona, Wyoming, US",0,0,0,0,0,0,0,0,0,0,0,0,0,0,0,0,0,0,0,0,0,0,0,0,0,0,0,0,0,0,0,0,0,0,0,0,0,0,0,0,0,0,0,0,0,0,0,0,0,0,0,0,0,0,0,0,0,0,0,1,1,1,2,4,6,8,8,8,10,12,15,19,21,23,23,25,26,26,27,27,32,33,33,34,34,37,38,38,38,38,48,48,49,49,49,49,49,49,49,49,49,48,48,48,48,48,48,48,48,48,48,47,48,49,50,53,56,62,64,66,67,68,68,71,71,72,72,75,76,76,77,79,79,79,79,82,82,82,87,87,87,87,87,87,87,87,88,88,90,95,95,96
84056027,US,USA,840,56027.0,Niobrara,Wyoming,US,43.05607708,-104.47588959999999,"Niobrara, Wyoming, US",0,0,0,0,0,0,0,0,0,0,0,0,0,0,0,0,0,0,0,0,0,0,0,0,0,0,0,0,0,0,0,0,0,0,0,0,0,0,0,0,0,0,0,0,0,0,0,0,0,0,0,0,0,0,0,0,0,0,0,0,0,0,0,0,0,0,0,0,0,0,0,0,0,0,0,0,0,0,0,1,1,1,1,1,1,1,1,1,1,1,2,2,2,2,2,2,2,2,2,2,2,2,2,2,2,2,2,2,2,2,2,2,2,2,2,2,2,2,2,2,2,2,2,2,2,2,2,2,2,2,2,2,2,2,2,2,2,2,2,2,2,2,2,2,2,2,2,2,2,2,2,2
84056029,US,USA,840,56029.0,Park,Wyoming,US,44.52157546,-109.58528249999999,"Park, Wyoming, US",0,0,0,0,0,0,0,0,0,0,0,0,0,0,0,0,0,0,0,0,0,0,0,0,0,0,0,0,0,0,0,0,0,0,0,0,0,0,0,0,0,0,0,0,0,0,0,0,0,0,0,0,0,0,0,0,1,1,1,1,1,1,1,1,1,1,1,1,1,1,1,1,1,1,1,1,1,1,1,1,1,1,1,1,1,1,1,1,1,1,1,1,1,1,1,1,1,1,1,1,1,1,1,1,1,1,1,1,1,1,1,1,1,1,1,1,1,1,1,2,2,2,2,2,2,2,2,2,2,2,2,2,2,2,2,2,2,2,2,2,2,2,3,5,5,5,7,8,10,9,11,11
84056031,US,USA,840,56031.0,Platte,Wyoming,US,42.13299116,-104.96633100000001,"Platte, Wyoming, US",0,0,0,0,0,0,0,0,0,0,0,0,0,0,0,0,0,0,0,0,0,0,0,0,0,0,0,0,0,0,0,0,0,0,0,0,0,0,0,0,0,0,0,0,0,0,0,0,0,0,0,0,0,0,0,0,0,0,0,0,0,0,0,0,0,0,0,0,0,0,0,0,0,0,0,0,1,0,0,0,0,0,0,0,0,0,0,0,0,0,0,0,0,0,0,0,0,0,0,0,0,0,0,0,0,0,0,0,0,0,0,0,0,0,0,0,0,0,0,0,1,1,1,1,1,1,1,1,1,1,1,1,1,1,1,1,1,1,1,1,1,1,1,1,1,1,1,1,1,1,1,1
84056033,US,USA,840,56033.0,Sheridan,Wyoming,US,44.79048913,-106.8862389,"Sheridan, Wyoming, US",0,0,0,0,0,0,0,0,0,0,0,0,0,0,0,0,0,0,0,0,0,0,0,0,0,0,0,0,0,0,0,0,0,0,0,0,0,0,0,0,0,0,0,0,0,0,0,0,0,0,1,1,1,1,1,2,4,4,4,4,4,4,4,4,4,5,6,6,8,10,10,10,10,11,12,12,12,12,12,12,12,12,12,12,12,12,12,12,12,12,16,16,16,16,16,16,16,16,16,16,16,16,16,16,16,16,16,16,16,16,16,16,16,16,16,16,16,16,16,16,16,16,16,16,16,16,16,16,16,16,16,16,16,16,16,16,16,18,18,18,19,19,19,19,19,19,19,19,19,19,19,19
84056035,US,USA,840,56035.0,Sublette,Wyoming,US,42.76558279,-109.91309220000001,"Sublette, Wyoming, US",0,0,0,0,0,0,0,0,0,0,0,0,0,0,0,0,0,0,0,0,0,0,0,0,0,0,0,0,0,0,0,0,0,0,0,0,0,0,0,0,0,0,0,0,0,0,0,0,0,0,0,0,0,0,0,0,0,0,0,0,0,0,0,0,0,0,1,1,1,1,1,1,1,1,1,1,1,1,1,1,1,1,1,1,1,1,1,1,1,1,3,3,3,3,3,3,3,3,3,3,3,3,3,3,3,3,3,3,3,3,3,3,3,3,3,3,3,3,3,3,3,3,3,3,3,3,3,3,3,3,3,3,3,3,3,3,3,3,3,3,3,3,3,3,3,3,3,3,4,4,4,4
84056037,US,USA,840,56037.0,Sweetwater,Wyoming,US,41.65943896,-108.8827882,"Sweetwater, Wyoming, US",0,0,0,0,0,0,0,0,0,0,0,0,0,0,0,0,0,0,0,0,0,0,0,0,0,0,0,0,0,0,0,0,0,0,0,0,0,0,0,0,0,0,0,0,0,0,0,0,0,0,0,0,0,0,0,0,0,0,0,0,0,0,0,1,1,1,1,1,1,2,2,3,3,4,5,5,5,6,6,6,7,7,9,9,10,10,10,10,10,10,16,16,16,16,16,16,16,16,17,18,18,18,18,18,18,19,19,19,19,19,20,20,20,21,22,23,23,23,24,25,25,25,25,25,25,25,25,26,26,27,30,30,30,31,32,32,32,32,33,34,35,36,38,40,40,40,40,43,44,48,49,53
84056039,US,USA,840,56039.0,Teton,Wyoming,US,43.93522482,-110.5890801,"Teton, Wyoming, US",0,0,0,0,0,0,0,0,0,0,0,0,0,0,0,0,0,0,0,0,0,0,0,0,0,0,0,0,0,0,0,0,0,0,0,0,0,0,0,0,0,0,0,0,0,0,0,0,0,0,0,0,0,0,0,0,0,1,2,2,2,2,2,5,7,10,13,14,16,20,26,29,32,36,39,40,41,44,45,50,53,56,56,57,58,59,61,62,62,62,92,93,93,95,95,95,95,96,96,96,96,97,98,98,98,98,98,98,98,98,98,98,99,99,99,100,100,100,100,100,100,100,100,100,100,100,100,100,100,100,100,100,100,100,100,100,100,100,100,100,101,102,104,104,105,105,105,107,108,109,109,110
84056041,US,USA,840,56041.0,Uinta,Wyoming,US,41.2878183,-110.54757820000002,"Uinta, Wyoming, US",0,0,0,0,0,0,0,0,0,0,0,0,0,0,0,0,0,0,0,0,0,0,0,0,0,0,0,0,0,0,0,0,0,0,0,0,0,0,0,0,0,0,0,0,0,0,0,0,0,0,0,0,0,0,0,0,0,0,0,0,0,0,0,0,0,0,0,0,0,0,0,1,1,2,2,3,3,3,3,4,4,4,4,4,4,4,6,6,6,6,7,7,7,7,7,7,7,8,8,8,8,8,8,8,8,8,8,9,9,9,9,9,9,9,9,10,10,12,11,11,13,13,12,12,12,12,12,12,12,12,12,12,13,13,13,19,19,23,25,35,39,53,62,71,73,88,91,104,116,128,130,138
84056043,US,USA,840,56043.0,Washakie,Wyoming,US,43.90451606,-107.68018700000002,"Washakie, Wyoming, US",0,0,0,0,0,0,0,0,0,0,0,0,0,0,0,0,0,0,0,0,0,0,0,0,0,0,0,0,0,0,0,0,0,0,0,0,0,0,0,0,0,0,0,0,0,0,0,0,0,0,0,0,0,0,0,0,0,0,0,0,0,0,0,0,0,1,1,1,1,1,1,1,2,2,4,4,4,5,5,5,5,5,5,5,5,6,5,5,5,5,8,8,8,8,8,8,8,8,8,8,8,8,8,8,8,8,8,8,8,8,8,8,8,8,9,9,16,16,16,16,20,20,21,32,31,33,33,35,35,37,36,37,37,37,39,39,39,39,39,39,39,39,39,39,39,39,39,39,39,39,39,39
84056045,US,USA,840,56045.0,Weston,Wyoming,US,43.83961191,-104.56748809999999,"Weston, Wyoming, US",0,0,0,0,0,0,0,0,0,0,0,0,0,0,0,0,0,0,0,0,0,0,0,0,0,0,0,0,0,0,0,0,0,0,0,0,0,0,0,0,0,0,0,0,0,0,0,0,0,0,0,0,0,0,0,0,0,0,0,0,0,0,0,0,0,0,0,0,0,0,0,0,0,0,0,0,0,0,0,0,0,0,0,0,0,0,0,0,0,0,0,0,0,0,0,0,0,0,0,0,0,0,0,0,0,0,0,0,0,0,0,0,0,0,0,0,0,0,0,0,0,0,0,0,0,0,1,1,1,1,1,1,1,1,1,1,1,1,1,1,1,1,1,1,1,1,1,1,1,1,1,1
84080001,US,USA,840,80001.0,Out of AL,Alabama,US,0.0,0.0,"Out of AL, Alabama, US",0,0,0,0,0,0,0,0,0,0,0,0,0,0,0,0,0,0,0,0,0,0,0,0,0,0,0,0,0,0,0,0,0,0,0,0,0,0,0,0,0,0,0,0,0,0,0,0,0,0,0,0,0,0,0,0,0,0,0,0,0,0,0,0,0,0,0,0,0,0,0,0,0,0,0,0,0,0,0,0,0,0,0,0,0,0,0,0,0,0,0,0,0,0,0,0,0,0,0,0,0,0,0,0,0,0,0,0,0,0,0,0,0,0,0,0,0,0,0,0,0,0,0,0,0,0,0,0,0,0,0,0,0,0,0,0,0,0,0,0,0,0,0,0,0,0,0,0,0,0,0,0
84080002,US,USA,840,80002.0,Out of AK,Alaska,US,0.0,0.0,"Out of AK, Alaska, US",0,0,0,0,0,0,0,0,0,0,0,0,0,0,0,0,0,0,0,0,0,0,0,0,0,0,0,0,0,0,0,0,0,0,0,0,0,0,0,0,0,0,0,0,0,0,0,0,0,0,0,0,0,0,0,0,0,0,0,0,0,0,0,0,0,0,0,0,0,0,0,0,0,0,0,0,0,0,0,0,0,0,0,0,0,0,0,0,0,0,0,0,0,0,0,0,0,0,0,0,0,0,0,0,0,0,0,0,0,0,0,0,0,0,0,0,0,0,0,0,0,0,0,0,0,0,0,0,0,0,0,0,0,0,0,0,0,0,0,0,0,0,0,0,0,0,0,0,0,0,0,0
84080004,US,USA,840,80004.0,Out of AZ,Arizona,US,0.0,0.0,"Out of AZ, Arizona, US",0,0,0,0,0,0,0,0,0,0,0,0,0,0,0,0,0,0,0,0,0,0,0,0,0,0,0,0,0,0,0,0,0,0,0,0,0,0,0,0,0,0,0,0,0,0,0,0,0,0,0,0,0,0,0,0,0,0,0,0,0,0,0,0,0,0,0,0,0,0,0,0,0,0,0,0,0,0,0,0,0,0,0,0,0,0,0,0,0,0,0,0,0,0,0,0,0,0,0,0,0,0,0,0,0,0,0,0,0,0,0,0,0,0,0,0,0,0,0,0,0,0,0,0,0,0,0,0,0,0,0,0,0,0,0,0,0,0,0,0,0,0,0,0,0,0,0,0,0,0,0,0
84080005,US,USA,840,80005.0,Out of AR,Arkansas,US,0.0,0.0,"Out of AR, Arkansas, US",0,0,0,0,0,0,0,0,0,0,0,0,0,0,0,0,0,0,0,0,0,0,0,0,0,0,0,0,0,0,0,0,0,0,0,0,0,0,0,0,0,0,0,0,0,0,0,0,0,0,0,0,0,0,0,0,0,0,0,0,0,0,0,0,0,0,0,0,0,0,0,0,0,0,0,0,0,0,0,0,0,0,0,0,0,0,0,0,0,0,0,0,0,0,0,0,0,0,0,0,0,0,0,0,0,0,0,0,0,0,0,0,0,0,0,0,0,0,0,0,0,0,0,0,0,0,0,0,0,0,0,0,0,0,0,0,0,0,0,0,0,0,0,0,0,0,0,0,0,0,0,0
84080006,US,USA,840,80006.0,Out of CA,California,US,0.0,0.0,"Out of CA, California, US",0,0,0,0,0,0,0,0,0,0,0,0,0,0,0,0,0,0,0,0,0,0,0,0,0,0,0,0,0,0,0,0,0,0,0,0,0,0,0,0,0,0,0,0,0,0,0,0,0,0,0,0,0,0,0,0,0,0,0,0,0,0,0,0,0,0,0,0,0,0,0,0,0,0,0,0,0,0,0,0,0,0,0,0,0,0,0,0,0,0,0,0,0,0,0,0,0,0,0,0,0,0,0,0,0,0,0,0,0,0,0,0,0,0,0,0,0,0,0,0,0,0,0,0,0,0,0,0,0,0,0,0,0,0,0,0,0,0,0,0,0,0,0,0,0,0,0,0,0,0,0,0
84080008,US,USA,840,80008.0,Out of CO,Colorado,US,0.0,0.0,"Out of CO, Colorado, US",0,0,0,0,0,0,0,0,0,0,0,0,0,0,0,0,0,0,0,0,0,0,0,0,0,0,0,0,0,0,0,0,0,0,0,0,0,0,0,0,0,0,0,0,0,0,0,0,0,0,0,0,0,0,0,0,0,0,0,0,0,0,0,0,0,0,0,0,0,0,0,0,0,0,0,0,0,0,0,0,0,0,0,0,0,0,0,0,0,0,0,0,0,0,0,0,0,0,0,0,0,0,0,0,0,0,0,0,0,0,0,0,0,0,0,0,0,0,0,0,0,0,0,0,0,0,0,0,0,0,0,0,0,0,0,0,0,0,0,0,0,0,0,0,0,0,0,0,0,0,0,0
84080009,US,USA,840,80009.0,Out of CT,Connecticut,US,0.0,0.0,"Out of CT, Connecticut, US",0,0,0,0,0,0,0,0,0,0,0,0,0,0,0,0,0,0,0,0,0,0,0,0,0,0,0,0,0,0,0,0,0,0,0,0,0,0,0,0,0,0,0,0,0,0,0,0,0,0,0,0,0,0,0,0,0,0,0,0,0,0,0,0,0,0,0,0,0,0,0,0,0,0,0,0,0,0,0,0,0,0,0,0,0,0,0,0,0,0,0,0,0,0,0,0,0,0,0,0,0,0,0,0,0,0,0,0,0,0,0,0,0,0,0,0,0,0,0,0,0,0,0,0,0,0,0,0,0,0,0,0,0,0,0,0,0,0,0,0,0,0,0,0,0,0,0,0,0,0,0,0
84080010,US,USA,840,80010.0,Out of DE,Delaware,US,0.0,0.0,"Out of DE, Delaware, US",0,0,0,0,0,0,0,0,0,0,0,0,0,0,0,0,0,0,0,0,0,0,0,0,0,0,0,0,0,0,0,0,0,0,0,0,0,0,0,0,0,0,0,0,0,0,0,0,0,0,0,0,0,0,0,0,0,0,0,0,0,0,0,0,0,0,0,0,0,0,0,0,0,0,0,0,0,0,0,0,0,0,0,0,0,0,0,0,0,0,0,0,0,0,0,0,0,0,0,0,0,0,0,0,0,0,0,0,0,0,0,0,0,0,0,0,0,0,0,0,0,0,0,0,0,0,0,0,0,0,0,0,0,0,0,0,0,0,0,0,0,0,0,0,0,0,0,0,0,0,0,0
84080011,US,USA,840,80011.0,Out of DC,District of Columbia,US,0.0,0.0,"Out of DC, District of Columbia, US",0,0,0,0,0,0,0,0,0,0,0,0,0,0,0,0,0,0,0,0,0,0,0,0,0,0,0,0,0,0,0,0,0,0,0,0,0,0,0,0,0,0,0,0,0,0,0,0,0,0,0,0,0,0,0,0,0,0,0,0,0,0,0,0,0,0,0,0,0,0,0,0,0,0,0,0,0,0,0,0,0,0,0,0,0,0,0,0,0,0,0,0,0,0,0,0,0,0,0,0,0,0,0,0,0,0,0,0,0,0,0,0,0,0,0,0,0,0,0,0,0,0,0,0,0,0,0,0,0,0,0,0,0,0,0,0,0,0,0,0,0,0,0,0,0,0,0,0,0,0,0,0
84080012,US,USA,840,80012.0,Out of FL,Florida,US,0.0,0.0,"Out of FL, Florida, US",0,0,0,0,0,0,0,0,0,0,0,0,0,0,0,0,0,0,0,0,0,0,0,0,0,0,0,0,0,0,0,0,0,0,0,0,0,0,0,0,0,0,0,0,0,0,0,0,0,0,0,0,0,0,0,0,0,0,0,0,0,0,0,0,0,0,0,0,0,0,0,0,0,0,0,0,0,0,0,0,0,0,0,0,0,0,0,0,0,0,0,0,0,0,0,0,0,0,0,0,0,0,0,0,0,0,0,0,0,0,0,0,0,0,0,0,0,0,0,0,0,0,0,0,0,0,0,0,0,0,0,0,0,0,0,0,0,0,0,0,0,0,0,0,0,0,0,0,0,0,0,0
84080013,US,USA,840,80013.0,Out of GA,Georgia,US,0.0,0.0,"Out of GA, Georgia, US",0,0,0,0,0,0,0,0,0,0,0,0,0,0,0,0,0,0,0,0,0,0,0,0,0,0,0,0,0,0,0,0,0,0,0,0,0,0,0,0,0,0,0,0,0,0,0,0,0,0,0,0,0,0,0,0,0,0,0,0,0,0,0,0,0,0,0,0,0,0,0,0,0,0,0,0,0,0,0,0,0,0,0,665,683,707,780,815,868,951,970,1003,978,916,991,1022,1027,972,1018,962,1068,1062,1054,1084,1043,1017,1089,1088,1108,1490,1554,1582,1561,1555,1530,1557,1601,1649,1641,1639,1694,1748,1834,1913,1986,1917,1925,1903,1975,1995,2012,2142,2144,2183,2319,2341,2416,2527,2502,2480,2515,2641,2582,2623,2807,2909,2776,2813,2872,2892,3140,3208
84080015,US,USA,840,80015.0,Out of HI,Hawaii,US,0.0,0.0,"Out of HI, Hawaii, US",0,0,0,0,0,0,0,0,0,0,0,0,0,0,0,0,0,0,0,0,0,0,0,0,0,0,0,0,0,0,0,0,0,0,0,0,0,0,0,0,0,0,0,0,0,0,0,0,0,0,0,0,0,0,0,0,0,0,0,0,0,0,0,0,0,0,0,0,0,0,0,0,2,2,2,2,2,2,2,2,2,2,2,0,0,6,6,6,6,6,6,6,6,6,7,7,7,7,8,9,9,9,9,9,10,10,10,10,11,11,11,11,11,10,10,10,10,10,10,10,10,10,10,10,10,10,10,10,10,10,10,10,10,10,11,11,12,12,12,12,12,12,12,12,12,12,12,12,12,12,12,12
84080016,US,USA,840,80016.0,Out of ID,Idaho,US,0.0,0.0,"Out of ID, Idaho, US",0,0,0,0,0,0,0,0,0,0,0,0,0,0,0,0,0,0,0,0,0,0,0,0,0,0,0,0,0,0,0,0,0,0,0,0,0,0,0,0,0,0,0,0,0,0,0,0,0,0,0,0,0,0,0,0,0,0,0,0,0,0,0,0,0,0,0,0,0,0,0,0,0,0,0,0,0,0,0,0,0,0,0,0,0,0,0,0,0,0,0,0,0,0,0,0,0,0,0,0,0,0,0,0,0,0,0,0,0,0,0,0,0,0,0,0,0,0,0,0,0,0,0,0,0,0,0,0,0,0,0,0,0,0,0,0,0,0,0,0,0,0,0,0,0,0,0,0,0,0,0,0
84080017,US,USA,840,80017.0,Out of IL,Illinois,US,0.0,0.0,"Out of IL, Illinois, US",0,0,0,0,0,0,0,0,0,0,0,0,0,0,0,0,0,0,0,0,0,0,0,0,0,0,0,0,0,0,0,0,0,0,0,0,0,0,0,0,0,0,0,0,0,0,0,0,0,0,0,0,0,0,0,0,0,0,0,0,0,0,0,0,0,0,0,0,0,0,0,0,0,0,0,0,0,0,0,0,0,0,0,0,0,0,0,0,0,0,0,0,0,0,0,0,0,0,0,0,0,0,0,0,0,68,71,72,77,79,84,86,82,86,86,83,84,87,87,89,91,112,126,150,164,177,205,183,119,118,118,118,115,120,119,116,115,113,114,118,115,118,111,118,119,114,111,58,6,7,9,10
84080018,US,USA,840,80018.0,Out of IN,Indiana,US,0.0,0.0,"Out of IN, Indiana, US",0,0,0,0,0,0,0,0,0,0,0,0,0,0,0,0,0,0,0,0,0,0,0,0,0,0,0,0,0,0,0,0,0,0,0,0,0,0,0,0,0,0,0,0,0,0,0,0,0,0,0,0,0,0,0,0,0,0,0,0,0,0,0,0,0,0,0,0,0,0,0,0,0,0,0,0,0,0,0,0,0,0,0,0,0,0,0,0,0,0,0,0,0,0,0,0,0,0,0,0,0,0,0,0,0,0,0,0,0,0,0,0,0,0,0,0,0,0,0,0,0,0,0,0,0,0,0,0,0,0,0,0,0,0,0,0,0,0,0,0,0,0,0,0,0,0,0,0,0,0,0,0
84080019,US,USA,840,80019.0,Out of IA,Iowa,US,0.0,0.0,"Out of IA, Iowa, US",0,0,0,0,0,0,0,0,0,0,0,0,0,0,0,0,0,0,0,0,0,0,0,0,0,0,0,0,0,0,0,0,0,0,0,0,0,0,0,0,0,0,0,0,0,0,0,0,0,0,0,0,0,0,0,0,0,0,0,0,0,0,0,0,0,0,0,0,0,0,0,0,0,0,0,0,0,0,0,0,0,0,0,0,0,0,0,0,0,0,0,0,0,0,0,0,0,0,0,0,0,0,0,0,0,0,0,0,0,0,0,0,0,0,0,0,0,0,0,0,0,0,0,0,0,0,0,0,0,0,0,0,0,0,0,0,0,0,0,0,0,0,0,0,0,0,0,0,0,0,0,0
84080020,US,USA,840,80020.0,Out of KS,Kansas,US,0.0,0.0,"Out of KS, Kansas, US",0,0,0,0,0,0,0,0,0,0,0,0,0,0,0,0,0,0,0,0,0,0,0,0,0,0,0,0,0,0,0,0,0,0,0,0,0,0,0,0,0,0,0,0,0,0,0,0,0,0,0,0,0,0,0,0,0,0,0,0,0,0,0,0,0,0,0,0,0,0,0,0,0,0,0,0,0,0,0,0,0,0,0,0,0,0,0,0,0,0,0,0,0,0,0,0,0,0,0,0,0,0,0,0,0,0,0,0,0,0,0,0,0,0,0,0,0,0,0,0,0,0,0,0,0,0,0,0,0,0,0,0,0,0,0,0,0,0,0,0,0,0,0,0,0,0,0,0,0,0,0,0
84080021,US,USA,840,80021.0,Out of KY,Kentucky,US,0.0,0.0,"Out of KY, Kentucky, US",0,0,0,0,0,0,0,0,0,0,0,0,0,0,0,0,0,0,0,0,0,0,0,0,0,0,0,0,0,0,0,0,0,0,0,0,0,0,0,0,0,0,0,0,0,0,0,0,0,0,0,0,0,0,0,0,0,0,0,0,0,0,0,0,0,0,0,0,0,0,0,0,0,0,0,0,0,0,0,0,0,0,0,0,0,0,0,0,0,0,0,0,0,0,0,0,0,0,0,0,0,0,0,0,0,0,0,0,0,0,0,0,0,0,0,0,0,0,0,0,0,0,0,0,0,0,0,0,0,0,0,0,0,0,0,0,0,0,0,0,0,0,0,0,0,0,0,0,0,0,0,0
84080022,US,USA,840,80022.0,Out of LA,Louisiana,US,0.0,0.0,"Out of LA, Louisiana, US",0,0,0,0,0,0,0,0,0,0,0,0,0,0,0,0,0,0,0,0,0,0,0,0,0,0,0,0,0,0,0,0,0,0,0,0,0,0,0,0,0,0,0,0,0,0,0,0,0,0,0,0,0,0,0,0,0,0,0,0,0,0,0,0,0,0,0,0,0,0,0,0,0,0,0,0,0,0,0,0,0,0,0,0,0,0,0,0,0,0,0,0,0,0,0,0,0,0,0,0,0,0,0,0,0,0,0,0,0,0,0,0,0,0,0,0,0,0,0,0,0,0,0,0,0,0,0,0,0,0,0,0,0,0,0,0,0,0,0,0,0,0,0,0,0,0,0,0,0,0,0,0
84080023,US,USA,840,80023.0,Out of ME,Maine,US,0.0,0.0,"Out of ME, Maine, US",0,0,0,0,0,0,0,0,0,0,0,0,0,0,0,0,0,0,0,0,0,0,0,0,0,0,0,0,0,0,0,0,0,0,0,0,0,0,0,0,0,0,0,0,0,0,0,0,0,0,0,0,0,0,0,0,0,0,0,0,0,0,0,0,0,0,0,0,0,0,0,0,0,0,0,0,0,0,0,0,0,0,0,0,0,0,0,0,0,0,0,0,0,0,0,0,0,0,0,0,0,0,0,0,0,0,0,0,0,0,0,0,0,0,0,0,0,0,0,0,0,0,0,0,0,0,0,0,0,0,0,0,0,0,0,0,0,0,0,0,0,0,0,0,0,0,0,0,0,0,0,0
84080024,US,USA,840,80024.0,Out of MD,Maryland,US,0.0,0.0,"Out of MD, Maryland, US",0,0,0,0,0,0,0,0,0,0,0,0,0,0,0,0,0,0,0,0,0,0,0,0,0,0,0,0,0,0,0,0,0,0,0,0,0,0,0,0,0,0,0,0,0,0,0,0,0,0,0,0,0,0,0,0,0,0,0,0,0,0,0,0,0,0,0,0,0,0,0,0,0,0,0,0,0,0,0,0,0,0,0,0,0,0,0,0,0,0,0,0,0,0,0,0,0,0,0,0,0,0,0,0,0,0,0,0,0,0,0,0,0,0,0,0,0,0,0,0,0,0,0,0,0,0,0,0,0,0,0,0,0,0,0,0,0,0,0,0,0,0,0,0,0,0,0,0,0,0,0,0
84080025,US,USA,840,80025.0,Out of MA,Massachusetts,US,0.0,0.0,"Out of MA, Massachusetts, US",0,0,0,0,0,0,0,0,0,0,0,0,0,0,0,0,0,0,0,0,0,0,0,0,0,0,0,0,0,0,0,0,0,0,0,0,0,0,0,0,0,0,0,0,0,0,0,0,0,0,0,0,0,0,0,0,0,0,0,0,0,0,0,0,0,0,0,0,0,0,0,0,0,0,0,0,0,0,0,0,0,0,0,0,0,0,0,0,0,0,0,0,0,0,0,0,0,0,0,0,0,0,0,0,0,0,0,0,0,0,0,0,0,0,0,0,0,0,0,0,0,0,0,0,0,0,0,0,0,0,0,0,0,0,0,0,0,0,0,0,0,0,0,0,0,0,0,0,0,0,0,0
84080026,US,USA,840,80026.0,Out of MI,Michigan,US,0.0,0.0,"Out of MI, Michigan, US",0,0,0,0,0,0,0,0,0,0,0,0,0,0,0,0,0,0,0,0,0,0,0,0,0,0,0,0,0,0,0,0,0,0,0,0,0,0,0,0,0,0,0,0,0,0,0,0,0,0,0,0,0,0,0,0,0,0,0,0,0,4,6,7,7,8,15,18,17,20,42,48,74,83,83,91,118,126,131,137,140,144,148,157,166,166,71,74,76,69,69,37,39,39,19,27,20,28,39,32,8,16,18,22,64,64,64,7,21,22,26,75,84,93,97,97,88,62,13,21,42,48,61,63,65,64,64,70,32,36,42,42,42,45,30,22,22,22,23,23,23,30,36,44,47,34,35,40,41,41,51,53
84080027,US,USA,840,80027.0,Out of MN,Minnesota,US,0.0,0.0,"Out of MN, Minnesota, US",0,0,0,0,0,0,0,0,0,0,0,0,0,0,0,0,0,0,0,0,0,0,0,0,0,0,0,0,0,0,0,0,0,0,0,0,0,0,0,0,0,0,0,0,0,0,0,0,0,0,0,0,0,0,0,0,0,0,0,0,0,0,0,0,0,0,0,0,0,0,0,0,0,0,0,0,0,0,0,0,0,0,0,0,0,0,0,0,0,0,0,0,0,0,0,0,0,0,0,0,0,0,0,0,0,0,0,0,0,0,0,0,0,0,0,0,0,0,0,0,0,0,0,0,0,0,0,0,0,0,0,0,0,0,0,0,0,0,0,0,0,0,0,0,0,0,0,0,0,0,0,0
84080028,US,USA,840,80028.0,Out of MS,Mississippi,US,0.0,0.0,"Out of MS, Mississippi, US",0,0,0,0,0,0,0,0,0,0,0,0,0,0,0,0,0,0,0,0,0,0,0,0,0,0,0,0,0,0,0,0,0,0,0,0,0,0,0,0,0,0,0,0,0,0,0,0,0,0,0,0,0,0,0,0,0,0,0,0,0,0,0,0,0,0,0,0,0,0,0,0,0,0,0,0,0,0,0,0,0,0,0,0,0,0,0,0,0,0,0,0,0,0,0,0,0,0,0,0,0,0,0,0,0,0,0,0,0,0,0,0,0,0,0,0,0,0,0,0,0,0,0,0,0,0,0,0,0,0,0,0,0,0,0,0,0,0,0,0,0,0,0,0,0,0,0,0,0,0,0,0
84080029,US,USA,840,80029.0,Out of MO,Missouri,US,0.0,0.0,"Out of MO, Missouri, US",0,0,0,0,0,0,0,0,0,0,0,0,0,0,0,0,0,0,0,0,0,0,0,0,0,0,0,0,0,0,0,0,0,0,0,0,0,0,0,0,0,0,0,0,0,0,0,0,0,0,0,0,0,0,0,0,0,0,0,0,0,0,0,0,0,0,0,0,0,0,0,0,0,0,0,0,0,0,0,0,0,0,0,0,0,0,0,0,0,0,0,0,0,0,0,0,0,0,0,0,0,0,0,0,0,0,0,0,0,0,0,0,0,0,0,0,0,0,0,0,0,0,0,0,0,0,0,0,0,0,0,0,0,0,0,0,0,0,0,0,0,0,0,0,0,0,0,0,0,0,0,0
84080030,US,USA,840,80030.0,Out of MT,Montana,US,0.0,0.0,"Out of MT, Montana, US",0,0,0,0,0,0,0,0,0,0,0,0,0,0,0,0,0,0,0,0,0,0,0,0,0,0,0,0,0,0,0,0,0,0,0,0,0,0,0,0,0,0,0,0,0,0,0,0,0,0,0,0,0,0,0,0,0,0,0,0,0,0,0,0,0,0,0,0,0,0,0,0,0,0,0,0,0,0,0,0,0,0,0,0,0,0,0,0,0,0,0,0,0,0,0,0,0,0,0,0,0,0,0,0,0,0,0,0,0,0,0,0,0,0,0,0,0,0,0,0,0,0,0,0,0,0,0,0,0,0,0,0,0,0,0,0,0,0,0,0,0,0,0,0,0,0,0,0,0,0,0,0
84080031,US,USA,840,80031.0,Out of NE,Nebraska,US,0.0,0.0,"Out of NE, Nebraska, US",0,0,0,0,0,0,0,0,0,0,0,0,0,0,0,0,0,0,0,0,0,0,0,0,0,0,0,0,0,0,0,0,0,0,0,0,0,0,0,0,0,0,0,0,0,0,0,0,0,0,0,0,0,0,0,0,0,0,0,0,0,0,0,0,0,0,0,0,0,0,0,0,0,0,0,0,0,0,0,0,0,0,0,0,0,0,0,0,0,0,0,0,0,0,0,0,0,0,0,0,0,0,0,0,0,0,0,0,0,0,0,0,0,0,0,0,0,0,0,0,0,0,0,0,0,0,0,0,0,0,0,0,0,0,0,0,0,0,0,0,0,0,0,0,0,0,0,0,0,0,0,0
84080032,US,USA,840,80032.0,Out of NV,Nevada,US,0.0,0.0,"Out of NV, Nevada, US",0,0,0,0,0,0,0,0,0,0,0,0,0,0,0,0,0,0,0,0,0,0,0,0,0,0,0,0,0,0,0,0,0,0,0,0,0,0,0,0,0,0,0,0,0,0,0,0,0,0,0,0,0,0,0,0,0,0,0,0,0,0,0,0,0,0,0,0,0,0,0,0,0,0,0,0,0,0,0,0,0,0,0,0,0,0,0,0,0,0,0,0,0,0,0,0,0,0,0,0,0,0,0,0,0,0,0,0,0,0,0,0,0,0,0,0,0,0,0,0,0,0,0,0,0,0,0,0,0,0,0,0,0,0,0,0,0,0,0,0,0,0,0,0,0,0,0,0,0,0,0,0
84080033,US,USA,840,80033.0,Out of NH,New Hampshire,US,0.0,0.0,"Out of NH, New Hampshire, US",0,0,0,0,0,0,0,0,0,0,0,0,0,0,0,0,0,0,0,0,0,0,0,0,0,0,0,0,0,0,0,0,0,0,0,0,0,0,0,0,0,0,0,0,0,0,0,0,0,0,0,0,0,0,0,0,0,0,0,0,0,0,0,0,0,0,0,0,0,0,0,0,0,0,0,0,0,0,0,0,0,0,0,0,0,0,0,0,0,0,0,0,0,0,0,0,0,0,0,0,0,0,0,0,0,0,0,0,0,0,0,0,0,0,0,0,0,0,0,0,0,0,0,0,0,0,0,0,0,0,0,0,0,0,0,0,0,0,0,0,0,0,0,0,0,0,0,0,0,0,0,0
84080034,US,USA,840,80034.0,Out of NJ,New Jersey,US,0.0,0.0,"Out of NJ, New Jersey, US",0,0,0,0,0,0,0,0,0,0,0,0,0,0,0,0,0,0,0,0,0,0,0,0,0,0,0,0,0,0,0,0,0,0,0,0,0,0,0,0,0,0,0,0,0,0,0,0,0,0,0,0,0,0,0,0,0,0,0,0,0,0,0,0,0,0,0,0,0,0,0,0,0,0,0,0,0,0,0,0,0,0,0,0,0,0,0,0,0,0,0,0,0,0,0,0,0,0,0,0,0,0,0,0,0,0,0,0,0,0,0,0,0,0,0,0,0,0,0,0,0,0,0,0,0,0,0,0,0,0,0,0,0,0,0,0,0,0,0,0,0,0,0,0,0,0,0,0,0,0,0,0
84080035,US,USA,840,80035.0,Out of NM,New Mexico,US,0.0,0.0,"Out of NM, New Mexico, US",0,0,0,0,0,0,0,0,0,0,0,0,0,0,0,0,0,0,0,0,0,0,0,0,0,0,0,0,0,0,0,0,0,0,0,0,0,0,0,0,0,0,0,0,0,0,0,0,0,0,0,0,0,0,0,0,0,0,0,0,0,0,0,0,0,0,0,0,0,0,0,0,0,0,0,0,0,0,0,0,0,0,0,0,0,0,0,0,0,0,0,0,0,0,0,0,0,0,0,0,0,0,0,0,0,0,0,0,0,0,0,0,0,0,0,0,0,0,0,0,0,0,0,0,0,0,0,0,0,0,0,0,0,0,0,0,0,0,0,0,0,0,0,0,0,0,0,0,0,0,0,0
84080036,US,USA,840,80036.0,Out of NY,New York,US,0.0,0.0,"Out of NY, New York, US",0,0,0,0,0,0,0,0,0,0,0,0,0,0,0,0,0,0,0,0,0,0,0,0,0,0,0,0,0,0,0,0,0,0,0,0,0,0,0,0,0,0,0,0,0,0,0,0,0,0,0,0,0,0,0,0,0,0,0,0,0,0,0,0,0,0,0,0,0,0,0,0,0,0,0,0,0,0,0,0,0,0,0,0,0,0,0,0,0,0,0,0,0,0,0,0,0,0,0,0,0,0,0,0,0,0,0,0,0,0,0,0,0,0,0,0,0,0,0,0,0,0,0,0,0,0,0,0,0,0,0,0,0,0,0,0,0,0,0,0,0,0,0,0,0,0,0,0,0,0,0,0
84080037,US,USA,840,80037.0,Out of NC,North Carolina,US,0.0,0.0,"Out of NC, North Carolina, US",0,0,0,0,0,0,0,0,0,0,0,0,0,0,0,0,0,0,0,0,0,0,0,0,0,0,0,0,0,0,0,0,0,0,0,0,0,0,0,0,0,0,0,0,0,0,0,0,0,0,0,0,0,0,0,0,0,0,0,0,0,0,0,0,0,0,0,0,0,0,0,0,0,0,0,0,0,0,0,0,0,0,0,0,0,0,0,0,0,0,0,0,0,0,0,0,0,0,0,0,0,0,0,0,0,0,0,0,0,0,0,0,0,0,0,0,0,0,0,0,0,0,0,0,0,0,0,0,0,0,0,0,0,0,0,0,0,0,0,0,0,0,0,0,0,0,0,0,0,0,0,0
84080038,US,USA,840,80038.0,Out of ND,North Dakota,US,0.0,0.0,"Out of ND, North Dakota, US",0,0,0,0,0,0,0,0,0,0,0,0,0,0,0,0,0,0,0,0,0,0,0,0,0,0,0,0,0,0,0,0,0,0,0,0,0,0,0,0,0,0,0,0,0,0,0,0,0,0,0,0,0,0,0,0,0,0,0,0,0,0,0,0,0,0,0,0,0,0,0,0,0,0,0,0,0,0,0,0,0,0,0,0,0,0,0,0,0,0,0,0,0,0,0,0,0,0,0,0,0,0,0,0,0,0,0,0,0,0,0,0,0,0,0,0,0,0,0,0,0,0,0,0,0,0,0,0,0,0,0,0,0,0,0,0,0,0,0,0,0,0,0,0,0,0,0,0,0,0,0,0
84080039,US,USA,840,80039.0,Out of OH,Ohio,US,0.0,0.0,"Out of OH, Ohio, US",0,0,0,0,0,0,0,0,0,0,0,0,0,0,0,0,0,0,0,0,0,0,0,0,0,0,0,0,0,0,0,0,0,0,0,0,0,0,0,0,0,0,0,0,0,0,0,0,0,0,0,0,0,0,0,0,0,0,0,0,0,0,0,0,0,0,0,0,0,0,0,0,0,0,0,0,0,0,0,0,0,0,0,0,0,0,0,0,0,0,0,0,0,0,0,0,0,0,0,0,0,0,0,0,0,0,0,0,0,0,0,0,0,0,0,0,0,0,0,0,0,0,0,0,0,0,0,0,0,0,0,0,0,0,0,0,0,0,0,0,0,0,0,0,0,0,0,0,0,0,0,0
84080040,US,USA,840,80040.0,Out of OK,Oklahoma,US,0.0,0.0,"Out of OK, Oklahoma, US",0,0,0,0,0,0,0,0,0,0,0,0,0,0,0,0,0,0,0,0,0,0,0,0,0,0,0,0,0,0,0,0,0,0,0,0,0,0,0,0,0,0,0,0,0,0,0,0,0,0,0,0,0,0,0,0,0,0,0,0,0,0,0,0,0,0,0,0,0,2,2,2,2,2,2,2,2,2,2,0,0,0,0,0,0,0,0,0,0,0,0,0,0,0,0,0,0,0,0,0,0,0,0,0,0,0,0,0,0,0,0,0,0,0,0,0,0,0,0,0,0,0,0,0,0,0,0,0,0,0,0,0,0,0,0,0,0,0,0,0,0,0,0,0,0,0,0,0,0,0,0,0
84080041,US,USA,840,80041.0,Out of OR,Oregon,US,0.0,0.0,"Out of OR, Oregon, US",0,0,0,0,0,0,0,0,0,0,0,0,0,0,0,0,0,0,0,0,0,0,0,0,0,0,0,0,0,0,0,0,0,0,0,0,0,0,0,0,0,0,0,0,0,0,0,0,0,0,0,0,0,0,0,0,0,0,0,0,0,0,0,0,0,0,0,0,0,0,0,0,0,0,0,0,0,0,0,0,0,0,0,0,0,0,0,0,0,0,0,0,0,0,0,0,0,0,0,0,0,0,0,0,0,0,0,0,0,0,0,0,0,0,0,0,0,0,0,0,0,0,0,0,0,0,0,0,0,0,0,0,0,0,0,0,0,0,0,0,0,0,0,0,0,0,0,0,0,0,0,0
84080042,US,USA,840,80042.0,Out of PA,Pennsylvania,US,0.0,0.0,"Out of PA, Pennsylvania, US",0,0,0,0,0,0,0,0,0,0,0,0,0,0,0,0,0,0,0,0,0,0,0,0,0,0,0,0,0,0,0,0,0,0,0,0,0,0,0,0,0,0,0,0,0,0,0,0,0,0,0,0,0,0,0,0,0,0,0,0,0,0,0,0,0,0,0,0,0,0,0,0,0,0,0,0,0,0,0,0,0,0,0,0,0,0,0,0,0,0,0,0,0,0,0,0,0,0,0,0,0,0,0,0,0,0,0,0,0,0,0,0,0,0,0,0,0,0,0,0,0,0,0,0,0,0,0,0,0,0,0,0,0,0,0,0,0,0,0,0,0,0,0,0,0,0,0,0,0,0,0,0
84080044,US,USA,840,80044.0,Out of RI,Rhode Island,US,0.0,0.0,"Out of RI, Rhode Island, US",0,0,0,0,0,0,0,0,0,0,0,0,0,0,0,0,0,0,0,0,0,0,0,0,0,0,0,0,0,0,0,0,0,0,0,0,0,0,0,0,0,0,0,0,0,0,0,0,0,0,0,0,0,0,0,0,0,0,0,0,0,0,0,0,0,0,0,0,0,0,0,0,0,0,0,0,0,0,0,0,0,0,0,0,0,0,0,0,0,0,0,0,0,0,0,0,0,0,0,0,0,0,0,0,0,0,0,0,0,0,0,0,0,0,0,0,0,0,0,0,0,0,0,0,0,0,0,0,0,0,0,0,0,0,0,0,0,0,0,0,0,0,0,0,0,0,0,0,0,0,0,0
84080045,US,USA,840,80045.0,Out of SC,South Carolina,US,0.0,0.0,"Out of SC, South Carolina, US",0,0,0,0,0,0,0,0,0,0,0,0,0,0,0,0,0,0,0,0,0,0,0,0,0,0,0,0,0,0,0,0,0,0,0,0,0,0,0,0,0,0,0,0,0,0,0,0,0,0,0,0,0,0,0,0,0,0,0,0,0,0,0,0,0,0,0,0,0,0,0,0,0,0,0,0,0,0,0,0,0,0,0,0,0,0,0,0,0,0,0,0,0,0,0,0,0,0,0,0,0,0,0,0,0,0,0,0,0,0,0,0,0,0,0,0,0,0,0,0,0,0,0,0,0,0,0,0,0,0,0,0,0,0,0,0,0,0,0,0,0,0,0,0,0,0,0,0,0,0,0,0
84080046,US,USA,840,80046.0,Out of SD,South Dakota,US,0.0,0.0,"Out of SD, South Dakota, US",0,0,0,0,0,0,0,0,0,0,0,0,0,0,0,0,0,0,0,0,0,0,0,0,0,0,0,0,0,0,0,0,0,0,0,0,0,0,0,0,0,0,0,0,0,0,0,0,0,0,0,0,0,0,0,0,0,0,0,0,0,0,0,0,0,0,0,0,0,0,0,0,0,0,0,0,0,0,0,0,0,0,0,0,0,0,0,0,0,0,0,0,0,0,0,0,0,0,0,0,0,0,0,0,0,0,0,0,0,0,0,0,0,0,0,0,0,0,0,0,0,0,0,0,0,0,0,0,0,0,0,0,0,0,0,0,0,0,0,0,0,0,0,0,0,0,0,0,0,0,0,0
84080047,US,USA,840,80047.0,Out of TN,Tennessee,US,0.0,0.0,"Out of TN, Tennessee, US",0,0,0,0,0,0,0,0,0,0,0,0,0,0,0,0,0,0,0,0,0,0,0,0,0,0,0,0,0,0,0,0,0,0,0,0,0,0,0,0,0,0,0,0,0,0,0,0,0,0,0,0,0,0,0,0,0,0,0,0,0,89,95,100,117,141,148,150,150,190,243,243,187,218,265,290,290,282,275,275,276,276,260,260,260,243,250,259,274,273,265,265,277,260,307,332,283,251,234,254,258,302,311,347,356,344,354,371,366,375,395,395,318,340,340,340,340,386,386,386,339,339,339,339,339,339,339,379,379,418,418,418,426,426,426,426,426,426,426,457,457,457,457,463,463,463,463,463,463,566,563,650
84080048,US,USA,840,80048.0,Out of TX,Texas,US,0.0,0.0,"Out of TX, Texas, US",0,0,0,0,0,0,0,0,0,0,0,0,0,0,0,0,0,0,0,0,0,0,0,0,0,0,0,0,0,0,0,0,0,0,0,0,0,0,0,0,0,0,0,0,0,0,0,0,0,0,0,0,0,0,0,0,0,0,0,0,0,0,0,0,0,0,0,0,0,0,0,0,0,0,0,0,0,0,0,0,0,0,0,0,0,0,0,0,0,0,0,0,0,0,0,0,0,0,0,0,0,0,0,0,0,0,0,0,0,0,0,0,0,0,0,0,0,0,0,0,0,0,0,0,0,0,0,0,0,0,0,0,0,0,0,0,0,0,0,0,0,0,0,0,0,0,0,0,0,0,0,0
84080049,US,USA,840,80049.0,Out of UT,Utah,US,0.0,0.0,"Out of UT, Utah, US",0,0,0,0,0,0,0,0,0,0,0,0,0,0,0,0,0,0,0,0,0,0,0,0,0,0,0,0,0,0,0,0,0,0,0,0,0,0,0,0,0,0,0,0,0,0,0,0,0,0,0,0,0,0,0,0,0,0,0,0,0,13,13,14,14,14,14,14,19,22,22,22,0,0,0,0,0,0,0,0,0,0,0,0,0,0,0,0,0,0,0,0,0,0,0,0,0,0,0,0,0,0,0,0,0,0,0,0,0,0,0,0,0,0,0,0,0,0,0,0,0,0,0,0,0,0,0,0,0,0,0,0,0,0,0,0,0,0,0,0,0,0,0,0,0,0,0,0,0,0,0,0
84080050,US,USA,840,80050.0,Out of VT,Vermont,US,0.0,0.0,"Out of VT, Vermont, US",0,0,0,0,0,0,0,0,0,0,0,0,0,0,0,0,0,0,0,0,0,0,0,0,0,0,0,0,0,0,0,0,0,0,0,0,0,0,0,0,0,0,0,0,0,0,0,0,0,0,0,0,0,0,0,0,0,0,0,0,0,0,0,0,0,0,0,0,0,0,0,0,0,0,0,0,0,0,0,0,0,0,0,0,0,0,0,0,0,0,0,0,0,0,0,0,0,0,0,0,0,0,0,0,0,0,0,0,0,0,0,0,0,0,0,0,0,0,0,0,0,0,0,0,0,0,0,0,0,0,0,0,0,0,0,0,0,0,0,0,0,0,0,0,0,0,0,0,0,0,0,0
84080051,US,USA,840,80051.0,Out of VA,Virginia,US,0.0,0.0,"Out of VA, Virginia, US",0,0,0,0,0,0,0,0,0,0,0,0,0,0,0,0,0,0,0,0,0,0,0,0,0,0,0,0,0,0,0,0,0,0,0,0,0,0,0,0,0,0,0,0,0,0,0,0,0,0,0,0,0,0,0,0,0,0,0,0,0,0,0,0,0,0,0,0,0,0,0,0,0,0,0,0,0,0,0,0,0,0,0,0,0,0,0,0,0,0,0,0,0,0,0,0,0,0,0,0,0,0,0,0,0,0,0,0,0,0,0,0,0,0,0,0,0,0,0,0,0,0,0,0,0,0,0,0,0,0,0,0,0,0,0,0,0,0,0,0,0,0,0,0,0,0,0,0,0,0,0,0
84080053,US,USA,840,80053.0,Out of WA,Washington,US,0.0,0.0,"Out of WA, Washington, US",0,0,0,0,0,0,0,0,0,0,0,0,0,0,0,0,0,0,0,0,0,0,0,0,0,0,0,0,0,0,0,0,0,0,0,0,0,0,0,0,0,0,0,0,0,0,0,0,0,0,0,0,0,0,0,0,0,0,0,0,0,0,0,0,0,0,0,0,0,0,0,0,0,0,0,0,0,0,0,0,0,0,0,0,0,0,0,0,0,0,0,0,0,0,0,0,0,0,0,0,0,0,0,0,0,0,0,0,0,0,0,0,0,0,0,0,0,0,0,0,0,0,0,0,0,0,0,0,0,0,0,0,0,0,0,0,0,0,0,0,0,0,0,0,0,0,0,0,0,0,0,0
84080054,US,USA,840,80054.0,Out of WV,West Virginia,US,0.0,0.0,"Out of WV, West Virginia, US",0,0,0,0,0,0,0,0,0,0,0,0,0,0,0,0,0,0,0,0,0,0,0,0,0,0,0,0,0,0,0,0,0,0,0,0,0,0,0,0,0,0,0,0,0,0,0,0,0,0,0,0,0,0,0,0,0,0,0,0,0,0,0,0,0,0,0,0,0,0,0,0,0,0,0,0,0,0,0,0,0,0,0,0,0,0,0,0,0,0,0,0,0,0,0,0,0,0,0,0,0,0,0,0,0,0,0,0,0,0,0,0,0,0,0,0,0,0,0,0,0,0,0,0,0,0,0,0,0,0,0,0,0,0,0,0,0,0,0,0,0,0,0,0,0,0,0,0,0,0,0,0
84080055,US,USA,840,80055.0,Out of WI,Wisconsin,US,0.0,0.0,"Out of WI, Wisconsin, US",0,0,0,0,0,0,0,0,0,0,0,0,0,0,0,0,0,0,0,0,0,0,0,0,0,0,0,0,0,0,0,0,0,0,0,0,0,0,0,0,0,0,0,0,0,0,0,0,0,0,0,0,0,0,0,0,0,0,0,0,0,0,0,0,0,0,0,0,0,0,0,0,0,0,0,0,0,0,0,0,0,0,0,0,0,0,0,0,0,0,0,0,0,0,0,0,0,0,0,0,0,0,0,0,0,0,0,0,0,0,0,0,0,0,0,0,0,0,0,0,0,0,0,0,0,0,0,0,0,0,0,0,0,0,0,0,0,0,0,0,0,0,0,0,0,0,0,0,0,0,0,0
84080056,US,USA,840,80056.0,Out of WY,Wyoming,US,0.0,0.0,"Out of WY, Wyoming, US",0,0,0,0,0,0,0,0,0,0,0,0,0,0,0,0,0,0,0,0,0,0,0,0,0,0,0,0,0,0,0,0,0,0,0,0,0,0,0,0,0,0,0,0,0,0,0,0,0,0,0,0,0,0,0,0,0,0,0,0,0,0,0,0,0,0,0,0,0,0,0,0,0,0,0,0,0,0,0,0,0,0,0,0,0,0,0,0,0,0,0,0,0,0,0,0,0,0,0,0,0,0,0,0,0,0,0,0,0,0,0,0,0,0,0,0,0,0,0,0,0,0,0,0,0,0,0,0,0,0,0,0,0,0,0,0,0,0,0,0,0,0,0,0,0,0,0,0,0,0,0,0
84088888,US,USA,840,88888.0,,Diamond Princess,US,0.0,0.0,"Diamond Princess, US",0,0,0,0,0,0,0,0,0,0,0,0,0,0,0,0,0,0,0,0,0,0,0,0,0,0,0,0,0,0,0,0,0,0,0,0,0,0,0,0,0,0,0,0,0,0,0,0,0,0,0,0,0,0,0,47,47,47,49,49,49,49,49,49,49,49,49,49,49,49,49,49,49,49,49,49,49,49,49,49,49,49,49,49,49,49,49,49,49,49,49,49,49,49,49,49,49,49,49,49,49,49,49,49,49,49,49,49,49,49,49,49,49,49,49,49,49,49,49,49,49,49,49,49,49,49,49,49,49,49,49,49,49,49,49,49,49,49,49,49,49,49,49,49,49,49,49,49,49,49,49,49
84090001,US,USA,840,90001.0,Unassigned,Alabama,US,0.0,0.0,"Unassigned, Alabama, US",0,0,0,0,0,0,0,0,0,0,0,0,0,0,0,0,0,0,0,0,0,0,0,0,0,0,0,0,0,0,0,0,0,0,0,0,0,0,0,0,0,0,0,0,0,0,0,0,0,0,0,3,1,0,0,0,0,0,0,0,0,0,0,0,0,0,0,0,0,0,0,0,0,0,0,0,0,0,0,0,0,0,0,0,0,0,0,0,0,0,0,0,0,0,0,0,0,0,0,0,0,0,0,0,0,0,0,0,0,0,0,0,0,0,0,0,0,0,0,0,0,0,0,0,0,0,0,0,0,0,0,384,292,297,306,314,334,334,335,351,363,371,377,380,380,380,388,398,410,419,423,423
84090002,US,USA,840,90002.0,Unassigned,Alaska,US,0.0,0.0,"Unassigned, Alaska, US",0,0,0,0,0,0,0,0,0,0,0,0,0,0,0,0,0,0,0,0,0,0,0,0,0,0,0,0,0,0,0,0,0,0,0,0,0,0,0,0,0,0,0,0,0,0,0,0,0,0,0,1,0,0,0,0,0,0,0,0,0,0,0,0,0,0,0,0,0,0,0,0,0,0,0,0,0,1,0,0,0,0,0,0,0,0,0,0,0,0,0,0,0,0,0,0,0,0,0,0,0,0,0,0,0,0,0,0,0,0,0,4,4,4,1,1,1,1,1,0,0,0,0,0,0,0,0,0,0,0,0,0,0,0,0,0,0,0,0,0,0,0,0,0,0,0,0,0,0,0,0,0
84090004,US,USA,840,90004.0,Unassigned,Arizona,US,0.0,0.0,"Unassigned, Arizona, US",0,0,0,0,0,0,0,0,0,0,0,0,0,0,0,0,0,0,0,0,0,0,0,0,0,0,0,0,0,0,0,0,0,0,0,0,0,0,0,0,0,0,0,0,0,0,0,0,0,0,0,0,0,0,0,0,0,0,0,0,0,0,0,0,0,0,0,0,0,0,0,0,0,0,0,0,0,0,0,0,0,0,0,0,0,0,0,0,0,0,0,0,0,0,0,0,0,0,0,0,0,0,0,0,0,0,0,0,0,0,0,0,0,0,0,0,0,0,0,0,0,0,0,0,0,0,0,0,0,0,0,0,0,0,0,0,0,0,0,0,0,0,0,0,0,0,0,0,0,0,0,0
84090005,US,USA,840,90005.0,Unassigned,Arkansas,US,0.0,0.0,"Unassigned, Arkansas, US",0,0,0,0,0,0,0,0,0,0,0,0,0,0,0,0,0,0,0,0,0,0,0,0,0,0,0,0,0,0,0,0,0,0,0,0,0,0,0,0,0,0,0,0,0,0,0,0,0,0,0,9,9,0,0,0,0,58,96,118,121,3,13,20,24,35,32,31,49,34,44,43,47,53,57,67,44,44,13,21,19,25,36,45,48,44,43,42,46,45,45,95,127,182,202,216,203,220,228,168,173,178,174,176,163,145,159,154,154,127,131,137,140,135,139,131,132,130,130,133,151,144,148,150,159,174,181,199,193,196,188,189,203,249,232,244,264,264,300,294,278,302,300,321,340,344,396,391,435,533,560,571
84090006,US,USA,840,90006.0,Unassigned,California,US,0.0,0.0,"Unassigned, California, US",0,0,0,0,0,0,0,0,0,0,0,0,0,0,0,0,0,0,0,0,0,0,0,0,0,0,0,0,0,0,0,0,0,0,0,0,0,0,0,0,0,0,0,0,0,0,0,0,0,0,0,0,1,0,0,0,0,0,0,0,0,0,0,0,0,12,0,0,0,0,0,0,0,0,0,43,42,167,4,4,4,8,0,0,0,0,0,0,0,0,0,0,0,0,0,0,0,0,0,0,0,0,0,0,0,0,0,0,0,0,0,0,0,0,0,0,0,0,0,0,0,0,0,0,0,0,0,0,0,0,0,0,0,0,0,0,0,0,0,0,0,0,0,0,0,0,0,0,0,0,0,0
84090008,US,USA,840,90008.0,Unassigned,Colorado,US,0.0,0.0,"Unassigned, Colorado, US",0,0,0,0,0,0,0,0,0,0,0,0,0,0,0,0,0,0,0,0,0,0,0,0,0,0,0,0,0,0,0,0,0,0,0,0,0,0,0,0,0,0,0,0,0,0,0,0,0,0,0,0,0,0,0,0,0,0,0,1,1,5,18,18,102,136,162,186,160,129,128,144,158,204,251,276,252,238,235,145,175,156,145,119,111,86,67,80,114,126,126,95,108,103,131,172,176,165,145,158,201,226,242,242,189,164,153,140,179,222,153,101,85,71,61,77,83,78,65,67,91,94,126,125,0,0,0,0,0,0,0,0,0,0,0,0,0,0,0,0,0,0,0,0,0,0,0,0,0,0,0,0
84090009,US,USA,840,90009.0,Unassigned,Connecticut,US,0.0,0.0,"Unassigned, Connecticut, US",0,0,0,0,0,0,0,0,0,0,0,0,0,0,0,0,0,0,0,0,0,0,0,0,0,0,0,0,0,0,0,0,0,0,0,0,0,0,0,0,0,0,0,0,0,0,0,0,0,0,0,0,0,0,0,0,0,2,0,0,0,0,0,0,0,0,0,0,176,77,185,174,218,241,222,264,292,292,392,407,456,501,491,533,537,534,495,525,529,514,503,550,522,522,522,522,484,491,507,462,371,312,312,363,368,305,285,302,246,300,273,263,250,235,238,257,210,233,218,202,194,188,215,210,224,257,228,218,226,229,234,237,251,248,241,245,255,268,272,286,304,293,289,299,270,342,340,345,270,273,276,273
84090010,US,USA,840,90010.0,Unassigned,Delaware,US,0.0,0.0,"Unassigned, Delaware, US",0,0,0,0,0,0,0,0,0,0,0,0,0,0,0,0,0,0,0,0,0,0,0,0,0,0,0,0,0,0,0,0,0,0,0,0,0,0,0,0,0,0,0,0,0,0,0,0,0,0,0,0,0,0,0,0,0,0,0,0,0,0,0,0,0,0,0,0,0,0,0,0,0,0,0,0,0,0,0,9,13,0,0,11,17,17,22,30,30,31,30,28,3,4,3,9,11,32,26,25,24,22,23,24,25,36,30,28,27,27,40,36,36,45,43,46,52,51,50,48,46,53,53,57,55,58,54,53,51,52,51,55,53,53,53,49,12,15,11,12,14,13,16,15,14,14,16,14,14,17,19,20
84090011,US,USA,840,90011.0,Unassigned,District of Columbia,US,0.0,0.0,"Unassigned, District of Columbia, US",0,0,0,0,0,0,0,0,0,0,0,0,0,0,0,0,0,0,0,0,0,0,0,0,0,0,0,0,0,0,0,0,0,0,0,0,0,0,0,0,0,0,0,0,0,0,0,0,0,0,0,0,0,0,0,0,0,0,0,0,0,0,0,0,0,0,0,0,0,0,0,0,0,0,0,0,0,0,0,0,0,0,0,0,0,0,0,0,0,0,0,0,0,0,0,0,0,0,0,0,0,0,0,0,0,0,0,0,0,0,0,0,0,0,0,0,0,0,0,0,0,0,0,0,0,0,0,0,0,0,0,0,0,0,0,0,0,0,0,0,0,0,0,0,0,0,0,0,0,0,0,0
84090012,US,USA,840,90012.0,Unassigned,Florida,US,0.0,0.0,"Unassigned, Florida, US",0,0,0,0,0,0,0,0,0,0,0,0,0,0,0,0,0,0,0,0,0,0,0,0,0,0,0,0,0,0,0,0,0,0,0,0,0,0,0,0,0,0,0,0,0,0,0,0,0,0,0,5,12,0,0,0,0,0,0,1,1,0,0,0,0,0,0,0,1,2,3,9,10,1,4,7,2,3,2,2,2,2,2,3,5,6,4,3,3,3,4,0,0,0,1,1,1,4,7,7,8,9,12,12,17,31,33,33,49,50,50,57,88,76,78,79,79,79,79,80,82,84,84,85,85,85,85,86,83,84,84,84,87,89,90,95,97,97,93,93,96,96,100,102,102,97,97,105,110,113,117,118
84090013,US,USA,840,90013.0,Unassigned,Georgia,US,0.0,0.0,"Unassigned, Georgia, US",0,0,0,0,0,0,0,0,0,0,0,0,0,0,0,0,0,0,0,0,0,0,0,0,0,0,0,0,0,0,0,0,0,0,0,0,0,0,0,0,0,0,0,0,0,0,0,0,0,0,0,0,0,0,0,0,0,5,28,37,36,45,81,146,166,217,230,262,164,165,516,778,507,245,278,320,489,857,1020,1246,1397,1218,1219,287,263,144,255,220,254,296,470,667,361,447,608,622,633,608,579,394,647,652,694,703,686,528,850,854,750,840,914,1135,1284,1363,1644,1787,2035,2216,2136,2432,2464,2496,2682,2657,2294,1790,1372,1319,1025,1202,1698,1511,1561,1338,1196,1043,1127,1403,1322,1291,1160,1019,1021,1297,1675,1551,1470,1154,1147,886,1850,1958
84090015,US,USA,840,90015.0,Unassigned,Hawaii,US,0.0,0.0,"Unassigned, Hawaii, US",0,0,0,0,0,0,0,0,0,0,0,0,0,0,0,0,0,0,0,0,0,0,0,0,0,0,0,0,0,0,0,0,0,0,0,0,0,0,0,0,0,0,0,0,0,0,0,0,0,0,0,0,0,0,0,0,0,10,0,0,0,0,20,21,8,6,4,4,8,13,15,18,11,8,7,9,7,7,3,3,4,3,3,3,1,1,5,0,0,0,0,0,0,0,0,0,0,0,0,0,0,0,0,0,0,0,0,0,0,0,0,0,0,0,0,0,0,0,0,0,0,0,0,0,0,0,0,0,0,0,0,0,0,0,0,0,0,0,0,0,0,0,0,0,0,0,0,0,0,0,0,0
84090016,US,USA,840,90016.0,Unassigned,Idaho,US,0.0,0.0,"Unassigned, Idaho, US",0,0,0,0,0,0,0,0,0,0,0,0,0,0,0,0,0,0,0,0,0,0,0,0,0,0,0,0,0,0,0,0,0,0,0,0,0,0,0,0,0,0,0,0,0,0,0,0,0,0,0,1,0,0,0,0,0,0,0,0,0,0,0,0,0,0,0,0,0,0,0,9,0,0,0,0,0,0,0,0,0,0,0,0,0,0,0,0,0,0,0,0,0,0,0,0,0,0,0,0,0,0,0,0,0,0,0,0,0,0,0,0,0,0,0,0,0,0,0,0,0,0,0,0,0,0,1,1,1,0,0,0,0,0,0,0,0,0,0,0,0,0,0,0,0,0,0,0,0,0,0,2
84090017,US,USA,840,90017.0,Unassigned,Illinois,US,0.0,0.0,"Unassigned, Illinois, US",0,0,0,0,0,0,0,0,0,0,0,0,0,0,0,0,0,0,0,0,0,0,0,0,0,0,0,0,0,0,0,0,0,0,0,0,0,0,0,0,0,0,0,0,0,0,0,0,0,0,0,0,0,0,0,0,0,6,167,3,2,63,0,2,668,0,8,8,13,18,28,37,415,58,62,72,65,73,68,81,85,101,65,54,45,55,74,84,115,130,192,228,193,218,274,307,338,335,354,378,363,278,257,214,236,105,100,48,73,84,66,61,46,65,50,49,67,74,70,73,85,106,99,104,110,120,110,149,125,80,85,93,147,105,84,90,77,87,67,76,53,48,43,46,49,45,49,44,44,46,46,49
84090018,US,USA,840,90018.0,Unassigned,Indiana,US,0.0,0.0,"Unassigned, Indiana, US",0,0,0,0,0,0,0,0,0,0,0,0,0,0,0,0,0,0,0,0,0,0,0,0,0,0,0,0,0,0,0,0,0,0,0,0,0,0,0,0,0,0,0,0,0,0,0,0,0,0,0,0,0,0,0,0,0,0,0,0,0,56,0,0,0,0,0,0,0,0,0,0,0,0,0,20,0,0,0,0,0,0,0,0,0,0,0,0,0,0,0,0,0,0,0,0,0,0,0,0,0,0,0,0,0,0,0,0,0,0,0,0,0,0,0,0,0,0,0,0,0,0,0,0,0,0,0,0,0,0,0,0,0,0,0,0,0,0,0,0,0,0,0,0,0,0,0,0,0,0,0,0
84090019,US,USA,840,90019.0,Unassigned,Iowa,US,0.0,0.0,"Unassigned, Iowa, US",0,0,0,0,0,0,0,0,0,0,0,0,0,0,0,0,0,0,0,0,0,0,0,0,0,0,0,0,0,0,0,0,0,0,0,0,0,0,0,0,0,0,0,0,0,0,0,0,0,0,0,0,0,0,0,0,0,0,0,0,0,0,2,0,0,0,0,0,0,2,0,0,0,0,0,0,0,0,0,0,0,0,0,0,0,0,1,1,7,2,21,4,3,4,5,6,7,13,20,24,63,95,124,95,0,13,8,17,3,0,5,6,5,8,10,15,8,9,5,8,14,6,2,3,6,2,8,1,1,6,1,1,3,0,0,2,9,4,4,4,4,8,4,5,5,6,5,5,7,9,5,5
84090020,US,USA,840,90020.0,Unassigned,Kansas,US,0.0,0.0,"Unassigned, Kansas, US",0,0,0,0,0,0,0,0,0,0,0,0,0,0,0,0,0,0,0,0,0,0,0,0,0,0,0,0,0,0,0,0,0,0,0,0,0,0,0,0,0,0,0,0,0,0,0,0,0,0,0,0,0,0,0,0,0,0,0,0,0,0,0,0,0,0,0,0,0,0,0,0,0,0,0,0,0,0,0,0,0,0,0,0,0,0,0,0,0,0,0,0,0,0,0,0,0,0,0,0,0,0,0,0,0,0,0,0,0,0,0,0,0,0,0,0,0,0,0,0,0,0,0,0,0,0,0,0,0,0,0,0,0,0,0,0,0,0,0,0,0,0,0,0,0,0,0,0,0,0,0,0
84090021,US,USA,840,90021.0,Unassigned,Kentucky,US,0.0,0.0,"Unassigned, Kentucky, US",0,0,0,0,0,0,0,0,0,0,0,0,0,0,0,0,0,0,0,0,0,0,0,0,0,0,0,0,0,0,0,0,0,0,0,0,0,0,0,0,0,0,0,0,0,0,0,0,0,0,0,2,0,0,0,0,0,19,0,23,39,15,46,54,104,158,150,69,53,14,18,113,113,29,34,34,152,152,76,385,385,112,112,23,78,77,87,73,79,73,73,72,67,58,58,58,58,50,50,53,53,56,62,58,57,41,38,38,34,34,31,31,31,31,31,31,31,32,33,32,28,28,29,29,29,29,29,29,25,6,6,14,7,8,9,9,7,7,7,7,6,7,9,11,11,11,11,14,18,21,21,21
84090022,US,USA,840,90022.0,Unassigned,Louisiana,US,0.0,0.0,"Unassigned, Louisiana, US",0,0,0,0,0,0,0,0,0,0,0,0,0,0,0,0,0,0,0,0,0,0,0,0,0,0,0,0,0,0,0,0,0,0,0,0,0,0,0,0,0,0,0,0,0,0,0,0,0,0,0,0,4,0,0,0,0,48,7,9,50,11,12,11,13,16,9,8,14,22,28,38,40,31,31,48,49,49,51,54,54,54,56,56,56,56,56,57,58,59,59,60,62,63,63,64,64,61,61,61,63,63,63,63,63,63,63,63,64,64,64,64,64,65,65,72,72,72,72,72,78,103,103,78,77,77,84,84,84,84,84,84,85,85,88,88,120,120,120,195,214,214,240,293,293,319,393,458,458,3,8,8
84090023,US,USA,840,90023.0,Unassigned,Maine,US,0.0,0.0,"Unassigned, Maine, US",0,0,0,0,0,0,0,0,0,0,0,0,0,0,0,0,0,0,0,0,0,0,0,0,0,0,0,0,0,0,0,0,0,0,0,0,0,0,0,0,0,0,0,0,0,0,0,0,0,0,0,2,2,0,0,0,0,13,2,3,8,5,0,2,1,3,3,5,5,6,6,8,11,12,11,11,9,8,4,3,3,3,5,2,2,2,1,1,2,1,1,2,0,0,0,2,2,1,2,1,0,0,0,2,0,0,2,6,1,3,6,6,6,2,2,2,2,1,1,2,3,3,0,1,0,0,3,5,4,4,2,1,1,4,4,4,0,2,2,2,2,2,4,2,2,2,3,1,2,1,2,1
84090024,US,USA,840,90024.0,Unassigned,Maryland,US,0.0,0.0,"Unassigned, Maryland, US",0,0,0,0,0,0,0,0,0,0,0,0,0,0,0,0,0,0,0,0,0,0,0,0,0,0,0,0,0,0,0,0,0,0,0,0,0,0,0,0,0,0,0,0,0,0,0,0,0,0,0,0,7,0,0,0,0,0,0,0,0,0,0,0,0,0,0,0,0,0,0,0,0,0,0,0,0,0,0,0,0,0,0,0,0,0,0,0,0,0,0,0,0,0,0,0,0,0,0,0,0,0,0,0,0,0,0,0,0,0,0,0,0,0,0,0,0,0,0,0,0,0,0,0,0,0,0,0,0,0,0,0,0,0,0,0,0,0,0,0,0,0,0,0,0,0,0,0,0,0,0,0
84090025,US,USA,840,90025.0,Unassigned,Massachusetts,US,0.0,0.0,"Unassigned, Massachusetts, US",0,0,0,0,0,0,0,0,0,0,0,0,0,0,0,0,0,0,0,0,0,0,0,0,0,0,0,0,0,0,0,0,0,0,0,0,0,0,0,0,0,0,0,0,0,0,0,0,0,0,0,0,0,0,0,0,0,13,19,20,24,53,85,159,267,303,356,460,489,333,251,270,213,274,215,246,229,223,203,129,225,373,447,506,572,638,768,741,823,863,937,864,747,801,763,817,805,635,468,426,437,410,1014,695,629,361,363,332,323,337,322,308,299,335,320,344,350,347,324,330,340,332,355,344,347,333,345,354,327,374,334,340,319,307,310,313,297,292,309,299,297,304,298,307,308,311,307,306,308,296,297,303
84090026,US,USA,840,90026.0,Unassigned,Michigan,US,0.0,0.0,"Unassigned, Michigan, US",0,0,0,0,0,0,0,0,0,0,0,0,0,0,0,0,0,0,0,0,0,0,0,0,0,0,0,0,0,0,0,0,0,0,0,0,0,0,0,0,0,0,0,0,0,0,0,0,0,0,0,2,1,0,0,0,0,10,0,0,0,0,0,0,0,0,47,77,78,93,142,178,215,252,349,371,409,364,368,84,86,86,78,91,76,76,46,48,29,28,28,3,4,9,9,3,5,11,0,1,16,16,10,11,13,13,30,71,12,17,10,8,10,35,15,15,3,2,2,3,3,25,4,4,3,3,16,3,24,24,4,2,12,12,12,6,6,6,8,8,8,5,6,9,2,2,10,4,2,5,1,2
84090027,US,USA,840,90027.0,Unassigned,Minnesota,US,0.0,0.0,"Unassigned, Minnesota, US",0,0,0,0,0,0,0,0,0,0,0,0,0,0,0,0,0,0,0,0,0,0,0,0,0,0,0,0,0,0,0,0,0,0,0,0,0,0,0,0,0,0,0,0,0,0,0,0,0,0,0,4,0,0,0,0,0,0,0,0,0,1,0,0,0,0,0,0,0,0,0,0,0,2,7,6,6,4,2,1,4,5,5,35,2,2,0,0,4,4,4,4,3,6,5,9,0,6,7,9,13,0,20,21,22,11,20,31,17,18,25,30,16,21,24,28,29,28,35,32,34,20,16,19,22,15,61,94,66,86,89,88,83,74,75,96,96,87,88,86,82,83,65,57,56,56,55,59,58,57,68,82
84090028,US,USA,840,90028.0,Unassigned,Mississippi,US,0.0,0.0,"Unassigned, Mississippi, US",0,0,0,0,0,0,0,0,0,0,0,0,0,0,0,0,0,0,0,0,0,0,0,0,0,0,0,0,0,0,0,0,0,0,0,0,0,0,0,0,0,0,0,0,0,0,0,0,0,0,0,2,0,0,0,0,0,0,0,42,0,0,0,0,0,0,0,0,89,0,0,0,0,0,0,0,0,0,0,0,0,0,0,0,0,0,0,0,0,0,0,0,0,0,0,0,0,0,0,0,0,0,0,0,0,0,0,0,0,0,0,0,0,0,0,0,0,0,0,0,0,0,0,0,0,0,0,0,0,0,0,0,0,0,0,0,0,0,0,0,0,0,0,0,0,0,0,0,0,0,0,0
84090029,US,USA,840,90029.0,Unassigned,Missouri,US,0.0,0.0,"Unassigned, Missouri, US",0,0,0,0,0,0,0,0,0,0,0,0,0,0,0,0,0,0,0,0,0,0,0,0,0,0,0,0,0,0,0,0,0,0,0,0,0,0,0,0,0,0,0,0,0,0,0,0,0,0,0,1,0,0,0,0,0,2,7,0,0,4,6,0,0,0,0,0,0,0,0,0,0,3,3,1,1,1,0,0,0,0,0,1,0,0,0,0,0,0,0,0,1,1,1,1,1,1,1,1,0,0,0,0,0,0,0,0,0,0,0,0,0,0,0,0,0,0,0,0,0,0,0,0,0,0,0,0,0,0,0,0,0,0,0,0,0,0,0,0,0,0,1,1,1,1,1,0,0,1,0,0
84090030,US,USA,840,90030.0,Unassigned,Montana,US,0.0,0.0,"Unassigned, Montana, US",0,0,0,0,0,0,0,0,0,0,0,0,0,0,0,0,0,0,0,0,0,0,0,0,0,0,0,0,0,0,0,0,0,0,0,0,0,0,0,0,0,0,0,0,0,0,0,0,0,0,0,1,1,0,0,0,0,1,1,1,1,1,6,0,0,0,0,0,0,0,0,0,0,0,0,0,0,0,0,0,0,0,0,0,0,0,0,0,0,0,0,0,0,0,0,0,0,0,0,0,0,0,0,0,0,0,0,0,0,0,0,0,0,0,0,0,0,0,0,0,0,0,0,0,0,0,0,0,0,0,0,0,0,0,0,0,0,0,0,0,0,0,0,0,0,0,0,0,0,0,0,0
84090031,US,USA,840,90031.0,Unassigned,Nebraska,US,0.0,0.0,"Unassigned, Nebraska, US",0,0,0,0,0,0,0,0,0,0,0,0,0,0,0,0,0,0,0,0,0,0,0,0,0,0,0,0,0,0,0,0,0,0,0,0,0,0,0,0,0,0,0,0,0,0,0,0,0,0,0,0,0,0,0,0,0,0,4,0,0,0,0,0,0,2,0,4,2,3,3,2,1,1,1,1,1,0,0,0,0,23,23,18,19,23,92,60,40,37,0,12,7,0,0,10,34,23,23,48,0,0,0,0,0,0,266,124,0,0,0,0,0,0,0,165,0,162,162,170,170,169,169,189,189,189,192,192,207,217,219,215,215,215,217,217,217,217,217,217,217,180,180,180,180,176,176,176,176,176,187,187
84090032,US,USA,840,90032.0,Unassigned,Nevada,US,0.0,0.0,"Unassigned, Nevada, US",0,0,0,0,0,0,0,0,0,0,0,0,0,0,0,0,0,0,0,0,0,0,0,0,0,0,0,0,0,0,0,0,0,0,0,0,0,0,0,0,0,0,0,0,0,0,0,0,0,0,0,0,0,0,0,0,0,11,18,10,36,89,15,15,4,16,93,269,132,102,148,148,16,34,25,33,33,0,57,146,96,23,0,0,5,2,98,34,20,36,34,6,4,65,16,95,0,0,0,0,0,0,0,0,0,0,0,29,122,0,9,31,0,0,0,0,0,0,0,0,0,0,0,0,0,0,0,0,0,0,0,0,0,0,0,0,0,0,0,0,0,0,0,0,0,0,0,0,0,0,0,0
84090033,US,USA,840,90033.0,Unassigned,New Hampshire,US,0.0,0.0,"Unassigned, New Hampshire, US",0,0,0,0,0,0,0,0,0,0,0,0,0,0,0,0,0,0,0,0,0,0,0,0,0,0,0,0,0,0,0,0,0,0,0,0,0,0,0,0,0,0,0,0,0,0,0,0,0,0,0,0,0,0,0,0,0,5,5,0,0,23,0,0,0,4,0,0,56,0,0,0,0,0,4,1,1,1,32,32,0,1,1,1,0,0,2,0,0,4,14,17,11,3,9,5,11,7,7,3,15,34,19,15,15,20,21,28,32,28,31,26,26,34,34,10,10,32,11,14,15,17,15,14,12,12,10,10,6,6,6,6,10,10,8,85,10,9,9,9,8,4,5,5,5,5,4,3,1,1,1,2
84090034,US,USA,840,90034.0,Unassigned,New Jersey,US,0.0,0.0,"Unassigned, New Jersey, US",0,0,0,0,0,0,0,0,0,0,0,0,0,0,0,0,0,0,0,0,0,0,0,0,0,0,0,0,0,0,0,0,0,0,0,0,0,0,0,0,0,0,0,0,0,0,0,0,0,0,0,0,0,0,0,0,0,108,92,140,221,419,645,930,1478,1984,2478,3020,3847,3686,4512,4866,4808,3935,3821,3521,2207,1391,996,649,924,1274,1203,1702,1189,1048,719,748,585,585,3073,1045,1108,532,532,681,818,718,718,478,583,676,641,647,550,594,0,0,0,0,0,0,89,253,0,155,0,0,0,0,0,0,0,226,226,228,698,32,448,394,502,452,570,460,426,403,390,373,285,255,211,232,192,198,196,186,141,124,149,160,149,83
84090035,US,USA,840,90035.0,Unassigned,New Mexico,US,0.0,0.0,"Unassigned, New Mexico, US",0,0,0,0,0,0,0,0,0,0,0,0,0,0,0,0,0,0,0,0,0,0,0,0,0,0,0,0,0,0,0,0,0,0,0,0,0,0,0,0,0,0,0,0,0,0,0,0,0,0,0,0,0,0,0,0,0,0,0,0,0,0,0,0,0,0,0,0,0,0,0,1,3,2,0,0,0,0,0,0,0,0,0,0,0,0,0,0,0,0,0,0,0,0,0,0,0,0,0,0,0,0,0,0,0,0,0,0,19,19,30,49,62,66,74,80,81,105,106,10,149,149,149,188,189,205,208,209,215,223,227,225,342,367,477,605,608,608,608,612,609,627,650,660,679,708,711,749,781,758,822,863
84090036,US,USA,840,90036.0,Unassigned,New York,US,0.0,0.0,"Unassigned, New York, US",0,0,0,0,0,0,0,0,0,0,0,0,0,0,0,0,0,0,0,0,0,0,0,0,0,0,0,0,0,0,0,0,0,0,0,0,0,0,0,0,0,0,0,0,0,0,0,0,0,0,0,0,25,0,0,0,0,18,449,0,23,107,0,0,0,0,0,0,0,0,0,0,0,0,0,0,0,0,0,0,0,0,0,0,0,0,0,0,0,0,0,0,0,0,0,0,0,0,0,0,0,0,0,0,0,0,0,0,0,0,0,0,0,0,0,0,0,0,0,0,0,0,0,0,0,0,0,0,0,0,0,0,0,0,0,0,0,0,0,0,0,0,0,0,0,0,0,0,0,0,0,0
84090037,US,USA,840,90037.0,Unassigned,North Carolina,US,0.0,0.0,"Unassigned, North Carolina, US",0,0,0,0,0,0,0,0,0,0,0,0,0,0,0,0,0,0,0,0,0,0,0,0,0,0,0,0,0,0,0,0,0,0,0,0,0,0,0,0,0,0,0,0,0,0,0,0,0,0,0,0,0,0,0,0,0,0,0,0,0,0,0,0,0,0,0,0,0,0,0,0,0,0,0,0,0,0,0,0,0,0,0,0,0,0,0,0,3,0,0,0,0,0,1,1,1,0,0,0,0,0,0,0,0,0,0,0,0,0,0,0,0,0,0,0,0,0,0,0,0,0,0,0,0,0,0,0,0,0,0,0,0,0,0,0,0,0,0,0,0,0,0,0,0,0,0,0,0,0,0,0
84090038,US,USA,840,90038.0,Unassigned,North Dakota,US,0.0,0.0,"Unassigned, North Dakota, US",0,0,0,0,0,0,0,0,0,0,0,0,0,0,0,0,0,0,0,0,0,0,0,0,0,0,0,0,0,0,0,0,0,0,0,0,0,0,0,0,0,0,0,0,0,0,0,0,0,0,0,0,0,0,0,0,0,0,0,0,0,0,0,0,0,0,0,0,0,0,0,0,0,0,0,0,0,0,0,0,0,0,0,0,0,0,0,0,0,0,0,0,0,0,0,0,0,0,0,0,0,0,0,0,0,0,0,0,0,0,0,0,0,0,0,0,0,0,0,0,0,0,0,0,0,0,0,0,0,0,0,0,0,0,0,0,0,0,0,0,0,0,0,0,0,0,0,0,0,0,0,0
84090039,US,USA,840,90039.0,Unassigned,Ohio,US,0.0,0.0,"Unassigned, Ohio, US",0,0,0,0,0,0,0,0,0,0,0,0,0,0,0,0,0,0,0,0,0,0,0,0,0,0,0,0,0,0,0,0,0,0,0,0,0,0,0,0,0,0,0,0,0,0,0,0,0,0,0,0,0,0,0,0,0,0,0,0,0,0,0,0,0,0,0,0,0,0,0,0,0,0,0,0,0,0,0,0,0,2,0,0,0,0,0,0,0,0,0,0,0,0,0,0,0,0,0,0,0,0,0,0,0,0,0,0,0,0,0,0,0,0,0,0,0,0,0,0,0,0,0,0,0,0,0,0,0,0,0,0,0,0,0,0,0,0,0,0,0,0,0,0,0,0,0,0,0,0,0,0
84090040,US,USA,840,90040.0,Unassigned,Oklahoma,US,0.0,0.0,"Unassigned, Oklahoma, US",0,0,0,0,0,0,0,0,0,0,0,0,0,0,0,0,0,0,0,0,0,0,0,0,0,0,0,0,0,0,0,0,0,0,0,0,0,0,0,0,0,0,0,0,0,0,0,0,0,0,0,0,0,0,0,0,0,0,0,0,0,0,0,0,0,0,0,0,0,0,0,0,0,0,0,0,0,0,0,0,0,0,0,0,0,0,108,108,0,0,0,0,0,0,0,0,0,0,0,0,0,0,0,0,0,0,0,0,0,0,0,1,1,1,1,0,0,0,0,0,0,0,0,0,0,0,0,0,0,0,0,43,0,0,0,0,0,0,0,0,0,0,0,0,0,0,0,0,0,0,0,0
84090041,US,USA,840,90041.0,Unassigned,Oregon,US,0.0,0.0,"Unassigned, Oregon, US",0,0,0,0,0,0,0,0,0,0,0,0,0,0,0,0,0,0,0,0,0,0,0,0,0,0,0,0,0,0,0,0,0,0,0,0,0,0,0,0,0,0,0,0,0,0,0,0,0,0,0,0,0,0,0,0,0,0,0,0,0,0,0,0,0,0,0,0,0,0,0,0,0,0,0,0,0,0,0,0,0,1,0,0,0,0,0,0,0,0,0,0,0,0,0,0,0,0,0,0,0,0,0,0,0,0,0,0,0,0,0,0,0,0,0,0,0,0,0,0,0,0,0,0,0,0,0,0,0,0,0,0,0,0,0,0,0,0,0,0,0,0,0,0,0,0,0,0,0,0,0,0
84090042,US,USA,840,90042.0,Unassigned,Pennsylvania,US,0.0,0.0,"Unassigned, Pennsylvania, US",0,0,0,0,0,0,0,0,0,0,0,0,0,0,0,0,0,0,0,0,0,0,0,0,0,0,0,0,0,0,0,0,0,0,0,0,0,0,0,0,0,0,0,0,0,0,0,0,0,0,0,0,0,0,0,0,0,0,0,0,0,0,0,0,0,0,0,0,0,0,0,0,0,0,0,0,0,0,0,0,0,0,0,0,0,0,0,0,0,0,0,0,0,0,0,0,0,0,0,0,0,0,0,0,0,0,0,0,0,0,0,0,0,0,0,0,0,0,0,0,0,0,0,0,0,0,0,0,0,0,0,0,0,0,0,0,0,0,0,0,0,0,0,0,0,0,0,0,0,0,0,0
84090044,US,USA,840,90044.0,Unassigned,Rhode Island,US,0.0,0.0,"Unassigned, Rhode Island, US",0,0,0,0,0,0,0,0,0,0,0,0,0,0,0,0,0,0,0,0,0,0,0,0,0,0,0,0,0,0,0,0,0,0,0,0,0,0,0,0,0,0,0,0,0,0,0,0,0,0,0,9,0,0,0,0,0,0,10,12,8,5,23,31,33,71,107,57,171,184,160,80,146,241,238,332,353,274,551,408,649,965,965,1551,756,902,790,1146,1030,861,1000,895,1006,1132,1198,1109,1160,1267,1065,1087,1104,1142,1086,1133,1414,1686,2011,2260,2470,2755,1158,1198,1046,1227,1430,1645,1885,2006,2162,1556,1553,1528,1504,1518,1518,1663,1496,1533,1564,1748,1857,1920,2041,2148,2254,2370,2370,2370,1565,1614,1679,1785,1870,1870,1870,1569,1640,1689,1745,1813,1813,1813
84090045,US,USA,840,90045.0,Unassigned,South Carolina,US,0.0,0.0,"Unassigned, South Carolina, US",0,0,0,0,0,0,0,0,0,0,0,0,0,0,0,0,0,0,0,0,0,0,0,0,0,0,0,0,0,0,0,0,0,0,0,0,0,0,0,0,0,0,0,0,0,0,0,0,0,0,0,0,0,0,0,0,0,0,0,0,0,0,0,0,0,0,0,0,0,0,0,0,0,0,0,0,0,0,0,0,0,0,0,0,0,0,0,0,0,0,0,0,0,0,0,0,0,0,0,0,0,0,0,0,0,0,0,0,0,0,0,0,0,0,0,0,0,0,0,0,0,0,0,0,0,0,0,0,0,0,0,0,0,0,0,0,0,0,0,0,0,0,0,0,0,0,0,5,0,0,0,0
84090046,US,USA,840,90046.0,Unassigned,South Dakota,US,0.0,0.0,"Unassigned, South Dakota, US",0,0,0,0,0,0,0,0,0,0,0,0,0,0,0,0,0,0,0,0,0,0,0,0,0,0,0,0,0,0,0,0,0,0,0,0,0,0,0,0,0,0,0,0,0,0,0,0,0,0,0,0,0,0,0,0,0,0,0,0,0,0,0,0,0,0,0,0,0,0,0,0,0,0,0,0,0,0,0,0,0,0,0,0,0,0,0,0,0,0,0,0,0,0,0,0,0,0,0,0,0,0,0,0,0,0,0,0,0,0,0,0,0,0,0,0,0,0,0,0,0,0,0,0,0,1,1,0,0,0,0,0,0,0,0,0,0,0,0,0,0,0,0,0,0,0,0,0,0,0,0,0
84090047,US,USA,840,90047.0,Unassigned,Tennessee,US,0.0,0.0,"Unassigned, Tennessee, US",0,0,0,0,0,0,0,0,0,0,0,0,0,0,0,0,0,0,0,0,0,0,0,0,0,0,0,0,0,0,0,0,0,0,0,0,0,0,0,0,0,0,0,0,0,0,0,0,0,0,0,0,0,0,0,0,0,22,43,0,0,54,38,81,112,172,161,190,197,307,442,6,54,63,86,69,59,31,38,22,19,12,46,136,136,197,209,37,88,57,36,36,30,19,48,37,49,35,42,33,33,86,118,133,89,76,56,30,33,34,38,224,128,0,0,0,0,84,84,84,67,75,75,75,75,75,75,67,67,92,92,92,161,161,161,161,161,161,161,170,170,148,148,152,152,152,152,152,152,204,174,206
84090048,US,USA,840,90048.0,Unassigned,Texas,US,0.0,0.0,"Unassigned, Texas, US",0,0,0,0,0,0,0,0,0,0,0,0,0,0,0,0,0,0,0,0,0,0,0,0,0,0,0,0,0,0,0,0,0,0,0,0,0,0,0,0,0,0,0,0,0,0,0,0,0,0,0,0,0,0,0,0,0,3,3,43,0,0,0,0,0,0,0,0,0,0,0,0,0,0,0,0,0,0,0,0,0,0,0,0,0,0,0,0,0,0,0,0,0,0,0,0,0,0,0,0,0,0,0,0,0,0,0,0,0,0,0,0,0,0,0,0,0,0,0,0,0,0,0,0,0,0,0,0,0,0,0,0,0,0,0,0,0,0,0,0,0,0,0,0,0,0,0,0,0,0,0,0
84090049,US,USA,840,90049.0,Unassigned,Utah,US,0.0,0.0,"Unassigned, Utah, US",0,0,0,0,0,0,0,0,0,0,0,0,0,0,0,0,0,0,0,0,0,0,0,0,0,0,0,0,0,0,0,0,0,0,0,0,0,0,0,0,0,0,0,0,0,0,0,0,0,0,0,2,2,0,0,0,0,0,0,0,0,0,0,0,0,0,0,0,0,0,0,0,0,0,2,0,0,0,0,0,0,4,0,0,0,0,0,0,0,0,0,0,0,0,0,0,0,0,0,0,0,0,0,0,0,0,0,0,0,0,0,0,0,0,0,0,0,0,0,0,0,0,0,0,0,0,0,0,0,0,0,0,0,0,0,0,0,0,0,0,0,0,0,0,0,0,0,0,0,0,0,0
84090050,US,USA,840,90050.0,Unassigned,Vermont,US,0.0,0.0,"Unassigned, Vermont, US",0,0,0,0,0,0,0,0,0,0,0,0,0,0,0,0,0,0,0,0,0,0,0,0,0,0,0,0,0,0,0,0,0,0,0,0,0,0,0,0,0,0,0,0,0,0,0,0,0,0,0,0,0,0,0,0,0,9,11,0,0,0,0,2,8,6,7,7,28,11,14,5,6,11,13,21,3,33,8,59,11,7,8,39,15,15,10,10,10,11,3,3,3,3,5,5,3,3,3,3,3,3,4,4,4,4,4,4,4,4,4,4,4,4,4,4,5,5,6,7,5,5,5,5,5,5,6,5,5,5,5,5,5,5,5,5,5,5,5,5,5,5,5,5,6,5,5,5,5,5,5,5
84090051,US,USA,840,90051.0,Unassigned,Virginia,US,0.0,0.0,"Unassigned, Virginia, US",0,0,0,0,0,0,0,0,0,0,0,0,0,0,0,0,0,0,0,0,0,0,0,0,0,0,0,0,0,0,0,0,0,0,0,0,0,0,0,0,0,0,0,0,0,0,0,0,0,0,0,1,0,0,0,0,0,1,0,0,0,0,0,0,0,0,0,0,0,0,0,0,0,0,3,0,0,0,0,0,0,0,0,0,0,0,0,0,0,0,0,0,0,0,0,0,0,0,0,0,0,0,0,0,0,0,0,0,0,0,0,0,0,0,0,0,0,0,0,0,0,0,0,0,0,0,0,0,0,0,0,0,0,0,0,0,0,0,0,0,0,0,0,0,0,0,0,0,0,0,0,0
84090053,US,USA,840,90053.0,Unassigned,Washington,US,0.0,0.0,"Unassigned, Washington, US",0,0,0,0,0,0,0,0,0,0,0,0,0,0,0,0,0,0,0,0,0,0,0,0,0,0,0,0,0,0,0,0,0,0,0,0,0,0,0,0,0,0,0,0,0,0,0,0,5,0,36,65,39,0,0,0,0,151,130,146,164,145,112,51,69,67,0,125,274,274,303,344,501,483,533,648,677,915,838,908,848,732,619,484,383,272,334,444,159,159,159,159,134,100,137,123,103,79,76,60,77,100,63,52,37,61,53,69,56,40,38,57,73,110,125,112,101,54,52,48,66,59,59,72,62,48,51,53,58,61,68,75,27,28,37,19,25,32,29,25,25,20,34,33,48,91,47,25,47,25,62,30
84090054,US,USA,840,90054.0,Unassigned,West Virginia,US,0.0,0.0,"Unassigned, West Virginia, US",0,0,0,0,0,0,0,0,0,0,0,0,0,0,0,0,0,0,0,0,0,0,0,0,0,0,0,0,0,0,0,0,0,0,0,0,0,0,0,0,0,0,0,0,0,0,0,0,0,0,0,0,0,0,0,0,0,0,0,0,0,0,0,0,0,0,0,0,0,0,0,0,0,0,0,0,0,21,0,0,0,0,0,0,0,0,0,0,0,0,0,0,0,0,0,0,0,0,0,0,0,0,0,0,0,0,0,0,0,0,0,0,0,0,0,0,0,0,0,0,0,37,37,0,0,0,0,1,0,0,0,0,0,0,0,0,0,0,0,0,0,0,0,0,0,1,1,0,0,0,0,0
84090055,US,USA,840,90055.0,Unassigned,Wisconsin,US,0.0,0.0,"Unassigned, Wisconsin, US",0,0,0,0,0,0,0,0,0,0,0,0,0,0,0,0,0,0,0,0,0,0,0,0,0,0,0,0,0,0,0,0,0,0,0,0,0,0,0,0,0,0,0,0,0,0,0,0,0,0,0,0,0,0,0,0,0,0,0,0,0,0,0,0,0,61,0,0,0,0,0,0,0,0,0,0,0,0,0,0,0,0,0,1,1,0,0,0,0,0,0,0,0,0,0,0,0,0,0,0,0,0,0,0,0,0,0,0,0,0,0,0,0,0,0,0,0,0,0,0,0,0,0,0,0,0,0,0,0,0,0,0,0,0,0,0,0,0,0,0,0,0,0,0,0,0,0,0,0,0,0,0
84090056,US,USA,840,90056.0,Unassigned,Wyoming,US,0.0,0.0,"Unassigned, Wyoming, US",0,0,0,0,0,0,0,0,0,0,0,0,0,0,0,0,0,0,0,0,0,0,0,0,0,0,0,0,0,0,0,0,0,0,0,0,0,0,0,0,0,0,0,0,0,0,0,0,0,0,0,0,0,0,0,0,0,0,0,0,0,0,0,0,0,0,0,0,0,0,0,0,0,0,0,0,0,0,0,0,0,0,0,0,0,0,0,0,0,0,0,0,0,0,0,0,0,0,0,0,0,0,0,0,0,0,0,0,0,0,0,0,0,0,0,0,0,0,0,0,0,0,0,0,0,0,0,0,0,0,0,0,0,0,0,0,0,0,0,0,0,0,0,0,0,0,0,0,0,0,0,0
84099999,US,USA,840,99999.0,,Grand Princess,US,0.0,0.0,"Grand Princess, US",0,0,0,0,0,0,0,0,0,0,0,0,0,0,0,0,0,0,0,0,0,0,0,0,0,0,0,0,0,0,0,0,0,0,0,0,0,0,0,0,0,0,0,0,0,0,0,0,0,0,0,0,0,0,20,21,21,22,23,23,30,28,28,28,28,28,103,103,103,103,103,103,103,103,103,103,103,103,103,103,103,103,103,103,103,103,103,103,103,103,103,103,103,103,103,103,103,103,103,103,103,103,103,103,103,103,103,103,103,103,103,103,103,103,103,103,103,103,103,103,103,103,103,103,103,103,103,103,103,103,103,103,103,103,103,103,103,103,103,103,103,103,103,103,103,103,103,103,103,103,103,103
84070002,US,USA,840,,Dukes and Nantucket,Massachusetts,US,41.40674725,-70.68763497,"Dukes and Nantucket,Massachusetts,US",0,0,0,0,0,0,0,0,0,0,0,0,0,0,0,0,0,0,0,0,0,0,0,0,0,0,0,0,0,0,0,0,0,0,0,0,0,0,0,0,0,0,0,0,0,0,0,0,0,0,0,0,0,0,0,0,0,0,0,1,1,1,2,3,3,4,8,8,8,8,11,12,16,16,17,17,18,17,18,21,21,21,21,21,21,21,23,25,25,25,25,25,25,26,26,27,27,28,29,30,31,31,34,34,34,36,37,37,39,40,41,41,42,43,43,44,45,45,45,48,51,51,52,52,52,52,52,52,52,52,53,53,54,54,55,56,55,55,55,56,55,55,55,55,55,0,57,57,57,57,57,57
84070003,US,USA,840,,Kansas City,Missouri,US,39.0997,-94.5786,"Kansas City,Missouri,US",0,0,0,0,0,0,0,0,0,0,0,0,0,0,0,0,0,0,0,0,0,0,0,0,0,0,0,0,0,0,0,0,0,0,0,0,0,0,0,0,0,0,0,0,0,0,0,0,0,0,0,0,0,0,0,0,0,6,12,12,13,17,21,43,64,78,94,102,100,119,128,139,139,172,172,212,234,234,249,300,300,308,329,346,351,386,401,412,418,420,438,448,461,475,486,493,500,511,520,545,578,597,609,659,683,706,723,739,752,767,783,791,808,838,848,863,895,901,902,924,927,967,991,1024,1050,1071,1086,1105,1117,1149,1182,1219,1315,1366,1437,1468,1501,1527,1565,1594,1626,1654,1680,1690,1690,1737,1762,1802,1831,1872,1914,1921
84070004,US,USA,840,,Michigan Department of Corrections (MDOC),Michigan,US,0.0,0.0,"Michigan Department of Corrections (MDOC), Michigan, US",0,0,0,0,0,0,0,0,0,0,0,0,0,0,0,0,0,0,0,0,0,0,0,0,0,0,0,0,0,0,0,0,0,0,0,0,0,0,0,0,0,0,0,0,0,0,0,0,0,0,0,0,0,0,0,0,0,0,0,0,0,0,0,0,0,0,0,0,0,0,0,0,0,0,0,0,0,0,0,0,0,0,370,429,472,472,514,550,556,561,615,655,759,973,1026,1031,1048,1074,1264,1453,1560,1825,1844,1870,1898,1936,2036,2124,2136,2139,2169,2213,2230,2257,2313,2313,2624,3137,3222,3298,3360,3378,3392,3406,3406,3409,3652,3708,3853,4018,4037,4037,4069,4074,4091,4118,4120,4120,4129,4129,4129,4144,4154,4128,4130,4059,4058,4067,4072,4078,4085,4083
84070005,US,USA,840,,Federal Correctional Institution (FCI),Michigan,US,0.0,0.0,"Federal Correctional Institution (FCI), Michigan, US",0,0,0,0,0,0,0,0,0,0,0,0,0,0,0,0,0,0,0,0,0,0,0,0,0,0,0,0,0,0,0,0,0,0,0,0,0,0,0,0,0,0,0,0,0,0,0,0,0,0,0,0,0,0,0,0,0,0,0,0,0,0,0,0,0,0,0,0,0,0,0,0,0,0,0,0,0,0,0,0,0,0,21,23,36,36,44,45,51,55,57,57,66,68,74,81,81,82,86,88,90,93,95,95,98,104,106,109,110,110,114,114,114,115,115,116,117,118,118,122,125,125,129,132,132,138,138,142,142,146,146,146,147,149,152,156,156,156,159,159,159,161,163,164,164,165,166,168,168,168,168,168
84070015,US,USA,840,,Bear River,Utah,US,41.52106798,-113.08328159999999,"Bear River, Utah, US",0,0,0,0,0,0,0,0,0,0,0,0,0,0,0,0,0,0,0,0,0,0,0,0,0,0,0,0,0,0,0,0,0,0,0,0,0,0,0,0,0,0,0,0,0,0,0,0,0,0,0,0,0,0,0,0,0,0,1,1,1,1,1,0,0,0,4,5,7,7,7,7,10,10,10,11,13,13,12,12,12,13,13,13,15,15,54,52,54,55,55,55,56,59,58,60,60,60,60,60,61,61,62,62,62,64,64,66,71,78,81,80,83,83,84,87,88,90,89,93,97,98,102,102,103,105,111,117,156,190,218,246,267,305,333,491,707,732,767,795,837,878,927,955,975,1009,1039,1096,1126,1188,1249,1274
84070016,US,USA,840,,Central Utah,Utah,US,39.37231946,-111.5758676,"Central Utah, Utah, US",0,0,0,0,0,0,0,0,0,0,0,0,0,0,0,0,0,0,0,0,0,0,0,0,0,0,0,0,0,0,0,0,0,0,0,0,0,0,0,0,0,0,0,0,0,0,0,0,0,0,0,0,0,0,0,0,0,0,0,0,0,0,0,0,0,0,0,0,0,0,0,0,0,0,0,0,0,0,0,0,0,0,0,0,0,0,0,0,15,17,17,20,21,21,21,21,22,22,22,23,23,23,24,25,25,26,27,27,27,28,28,28,29,29,29,29,30,30,30,31,32,34,33,33,33,33,33,34,38,38,38,38,38,39,39,42,45,46,51,48,50,54,61,70,75,77,79,81,81,89,96,102
84070017,US,USA,840,,Southeast Utah,Utah,US,38.99617072,-110.70139579999999,"Southeast Utah, Utah, US",0,0,0,0,0,0,0,0,0,0,0,0,0,0,0,0,0,0,0,0,0,0,0,0,0,0,0,0,0,0,0,0,0,0,0,0,0,0,0,0,0,0,0,0,0,0,0,0,0,0,0,0,0,0,0,0,0,0,0,0,0,0,0,0,0,0,0,0,0,0,0,0,0,0,0,0,0,0,0,0,0,0,0,0,0,0,0,0,6,7,7,7,7,8,11,12,13,13,14,12,13,15,11,11,12,12,12,13,13,13,14,13,13,13,13,14,14,15,16,16,17,18,18,20,21,21,23,23,23,24,24,24,26,26,26,26,26,26,26,28,28,28,28,29,29,29,29,29,30,31,31,31
84070018,US,USA,840,,Southwest Utah,Utah,US,37.85447192,-111.4418764,"Southwest Utah, Utah, US",0,0,0,0,0,0,0,0,0,0,0,0,0,0,0,0,0,0,0,0,0,0,0,0,0,0,0,0,0,0,0,0,0,0,0,0,0,0,0,0,0,0,0,0,0,0,0,0,0,0,0,0,0,0,0,0,0,0,0,0,0,0,0,0,0,0,0,0,0,0,0,0,0,0,0,0,0,0,0,0,0,0,0,0,0,0,0,0,66,70,70,70,76,81,83,87,89,91,93,98,101,103,111,119,121,128,132,138,155,164,170,167,180,187,200,209,219,236,245,260,271,281,294,305,324,330,335,360,386,423,440,454,476,498,524,554,584,616,637,655,680,718,739,780,806,827,855,889,919,974,1031,1056
84070019,US,USA,840,,TriCounty,Utah,US,40.12491499,-109.5174415,"TriCounty, Utah, US",0,0,0,0,0,0,0,0,0,0,0,0,0,0,0,0,0,0,0,0,0,0,0,0,0,0,0,0,0,0,0,0,0,0,0,0,0,0,0,0,0,0,0,0,0,0,0,0,0,0,0,0,0,0,0,0,0,0,0,0,0,0,0,0,0,0,0,0,0,0,0,0,0,0,0,0,0,0,0,0,0,0,0,0,0,0,0,0,10,10,10,9,9,9,9,10,11,11,11,13,13,13,14,14,14,14,14,14,16,16,16,16,16,16,16,19,19,22,19,20,20,21,20,20,20,20,20,20,18,20,21,21,20,20,20,20,20,22,22,22,23,27,27,29,30,30,31,33,33,38,38,38
84070020,US,USA,840,,Weber-Morgan,Utah,US,41.27116049,-111.9145117,"Weber-Morgan, Utah, US",0,0,0,0,0,0,0,0,0,0,0,0,0,0,0,0,0,0,0,0,0,0,0,0,0,0,0,0,0,0,0,0,0,0,0,0,0,0,0,0,0,0,0,0,0,0,0,0,1,1,1,1,1,0,2,4,0,0,0,0,0,8,9,10,14,20,29,37,39,41,41,53,58,63,67,71,75,77,77,90,93,96,103,105,107,108,110,112,119,124,126,130,136,140,143,145,148,148,151,158,162,166,167,167,173,173,173,184,188,194,197,207,211,214,216,221,226,234,234,242,251,252,256,260,268,272,273,276,288,293,298,303,308,316,330,353,376,387,397,408,414,423,439,471,502,511,539,555,588,616,641,666
