date,location,location_name,value
2020-01-22,01,Alabama,0
2020-01-22,02,Alaska,0
2020-01-22,04,Arizona,0
2020-01-22,05,Arkansas,0
2020-01-22,06,California,0
2020-01-22,08,Colorado,0
2020-01-22,09,Connecticut,0
2020-01-22,10,Delaware,0
2020-01-22,11,District of Columbia,0
2020-01-22,12,Florida,0
2020-01-22,13,Georgia,0
2020-01-22,15,Hawaii,0
2020-01-22,16,Idaho,0
2020-01-22,17,Illinois,0
2020-01-22,18,Indiana,0
2020-01-22,19,Iowa,0
2020-01-22,20,Kansas,0
2020-01-22,21,Kentucky,0
2020-01-22,22,Louisiana,0
2020-01-22,23,Maine,0
2020-01-22,24,Maryland,0
2020-01-22,25,Massachusetts,0
2020-01-22,26,Michigan,0
2020-01-22,27,Minnesota,0
2020-01-22,28,Mississippi,0
2020-01-22,29,Missouri,0
2020-01-22,30,Montana,0
2020-01-22,31,Nebraska,0
2020-01-22,32,Nevada,0
2020-01-22,33,New Hampshire,0
2020-01-22,34,New Jersey,0
2020-01-22,35,New Mexico,0
2020-01-22,36,New York,0
2020-01-22,37,North Carolina,0
2020-01-22,38,North Dakota,0
2020-01-22,39,Ohio,0
2020-01-22,40,Oklahoma,0
2020-01-22,41,Oregon,0
2020-01-22,42,Pennsylvania,0
2020-01-22,44,Rhode Island,0
2020-01-22,45,South Carolina,0
2020-01-22,46,South Dakota,0
2020-01-22,47,Tennessee,0
2020-01-22,48,Texas,0
2020-01-22,49,Utah,0
2020-01-22,50,Vermont,0
2020-01-22,51,Virginia,0
2020-01-22,53,Washington,0
2020-01-22,54,West Virginia,0
2020-01-22,55,Wisconsin,0
2020-01-22,56,Wyoming,0
2020-01-22,60,American Samoa,0
2020-01-22,66,Guam,0
2020-01-22,69,Northern Mariana Islands,0
2020-01-22,72,Puerto Rico,0
2020-01-22,78,Virgin Islands,0
2020-01-22,,Diamond Princess,0
2020-01-22,,Grand Princess,0
2020-01-23,01,Alabama,0
2020-01-23,02,Alaska,0
2020-01-23,04,Arizona,0
2020-01-23,05,Arkansas,0
2020-01-23,06,California,0
2020-01-23,08,Colorado,0
2020-01-23,09,Connecticut,0
2020-01-23,10,Delaware,0
2020-01-23,11,District of Columbia,0
2020-01-23,12,Florida,0
2020-01-23,13,Georgia,0
2020-01-23,15,Hawaii,0
2020-01-23,16,Idaho,0
2020-01-23,17,Illinois,0
2020-01-23,18,Indiana,0
2020-01-23,19,Iowa,0
2020-01-23,20,Kansas,0
2020-01-23,21,Kentucky,0
2020-01-23,22,Louisiana,0
2020-01-23,23,Maine,0
2020-01-23,24,Maryland,0
2020-01-23,25,Massachusetts,0
2020-01-23,26,Michigan,0
2020-01-23,27,Minnesota,0
2020-01-23,28,Mississippi,0
2020-01-23,29,Missouri,0
2020-01-23,30,Montana,0
2020-01-23,31,Nebraska,0
2020-01-23,32,Nevada,0
2020-01-23,33,New Hampshire,0
2020-01-23,34,New Jersey,0
2020-01-23,35,New Mexico,0
2020-01-23,36,New York,0
2020-01-23,37,North Carolina,0
2020-01-23,38,North Dakota,0
2020-01-23,39,Ohio,0
2020-01-23,40,Oklahoma,0
2020-01-23,41,Oregon,0
2020-01-23,42,Pennsylvania,0
2020-01-23,44,Rhode Island,0
2020-01-23,45,South Carolina,0
2020-01-23,46,South Dakota,0
2020-01-23,47,Tennessee,0
2020-01-23,48,Texas,0
2020-01-23,49,Utah,0
2020-01-23,50,Vermont,0
2020-01-23,51,Virginia,0
2020-01-23,53,Washington,0
2020-01-23,54,West Virginia,0
2020-01-23,55,Wisconsin,0
2020-01-23,56,Wyoming,0
2020-01-23,60,American Samoa,0
2020-01-23,66,Guam,0
2020-01-23,69,Northern Mariana Islands,0
2020-01-23,72,Puerto Rico,0
2020-01-23,78,Virgin Islands,0
2020-01-23,,Diamond Princess,0
2020-01-23,,Grand Princess,0
2020-01-24,01,Alabama,0
2020-01-24,02,Alaska,0
2020-01-24,04,Arizona,0
2020-01-24,05,Arkansas,0
2020-01-24,06,California,0
2020-01-24,08,Colorado,0
2020-01-24,09,Connecticut,0
2020-01-24,10,Delaware,0
2020-01-24,11,District of Columbia,0
2020-01-24,12,Florida,0
2020-01-24,13,Georgia,0
2020-01-24,15,Hawaii,0
2020-01-24,16,Idaho,0
2020-01-24,17,Illinois,0
2020-01-24,18,Indiana,0
2020-01-24,19,Iowa,0
2020-01-24,20,Kansas,0
2020-01-24,21,Kentucky,0
2020-01-24,22,Louisiana,0
2020-01-24,23,Maine,0
2020-01-24,24,Maryland,0
2020-01-24,25,Massachusetts,0
2020-01-24,26,Michigan,0
2020-01-24,27,Minnesota,0
2020-01-24,28,Mississippi,0
2020-01-24,29,Missouri,0
2020-01-24,30,Montana,0
2020-01-24,31,Nebraska,0
2020-01-24,32,Nevada,0
2020-01-24,33,New Hampshire,0
2020-01-24,34,New Jersey,0
2020-01-24,35,New Mexico,0
2020-01-24,36,New York,0
2020-01-24,37,North Carolina,0
2020-01-24,38,North Dakota,0
2020-01-24,39,Ohio,0
2020-01-24,40,Oklahoma,0
2020-01-24,41,Oregon,0
2020-01-24,42,Pennsylvania,0
2020-01-24,44,Rhode Island,0
2020-01-24,45,South Carolina,0
2020-01-24,46,South Dakota,0
2020-01-24,47,Tennessee,0
2020-01-24,48,Texas,0
2020-01-24,49,Utah,0
2020-01-24,50,Vermont,0
2020-01-24,51,Virginia,0
2020-01-24,53,Washington,0
2020-01-24,54,West Virginia,0
2020-01-24,55,Wisconsin,0
2020-01-24,56,Wyoming,0
2020-01-24,60,American Samoa,0
2020-01-24,66,Guam,0
2020-01-24,69,Northern Mariana Islands,0
2020-01-24,72,Puerto Rico,0
2020-01-24,78,Virgin Islands,0
2020-01-24,,Diamond Princess,0
2020-01-24,,Grand Princess,0
2020-01-25,01,Alabama,0
2020-01-25,02,Alaska,0
2020-01-25,04,Arizona,0
2020-01-25,05,Arkansas,0
2020-01-25,06,California,0
2020-01-25,08,Colorado,0
2020-01-25,09,Connecticut,0
2020-01-25,10,Delaware,0
2020-01-25,11,District of Columbia,0
2020-01-25,12,Florida,0
2020-01-25,13,Georgia,0
2020-01-25,15,Hawaii,0
2020-01-25,16,Idaho,0
2020-01-25,17,Illinois,0
2020-01-25,18,Indiana,0
2020-01-25,19,Iowa,0
2020-01-25,20,Kansas,0
2020-01-25,21,Kentucky,0
2020-01-25,22,Louisiana,0
2020-01-25,23,Maine,0
2020-01-25,24,Maryland,0
2020-01-25,25,Massachusetts,0
2020-01-25,26,Michigan,0
2020-01-25,27,Minnesota,0
2020-01-25,28,Mississippi,0
2020-01-25,29,Missouri,0
2020-01-25,30,Montana,0
2020-01-25,31,Nebraska,0
2020-01-25,32,Nevada,0
2020-01-25,33,New Hampshire,0
2020-01-25,34,New Jersey,0
2020-01-25,35,New Mexico,0
2020-01-25,36,New York,0
2020-01-25,37,North Carolina,0
2020-01-25,38,North Dakota,0
2020-01-25,39,Ohio,0
2020-01-25,40,Oklahoma,0
2020-01-25,41,Oregon,0
2020-01-25,42,Pennsylvania,0
2020-01-25,44,Rhode Island,0
2020-01-25,45,South Carolina,0
2020-01-25,46,South Dakota,0
2020-01-25,47,Tennessee,0
2020-01-25,48,Texas,0
2020-01-25,49,Utah,0
2020-01-25,50,Vermont,0
2020-01-25,51,Virginia,0
2020-01-25,53,Washington,0
2020-01-25,54,West Virginia,0
2020-01-25,55,Wisconsin,0
2020-01-25,56,Wyoming,0
2020-01-25,60,American Samoa,0
2020-01-25,66,Guam,0
2020-01-25,69,Northern Mariana Islands,0
2020-01-25,72,Puerto Rico,0
2020-01-25,78,Virgin Islands,0
2020-01-25,,Diamond Princess,0
2020-01-25,,Grand Princess,0
2020-01-26,01,Alabama,0
2020-01-26,02,Alaska,0
2020-01-26,04,Arizona,0
2020-01-26,05,Arkansas,0
2020-01-26,06,California,0
2020-01-26,08,Colorado,0
2020-01-26,09,Connecticut,0
2020-01-26,10,Delaware,0
2020-01-26,11,District of Columbia,0
2020-01-26,12,Florida,0
2020-01-26,13,Georgia,0
2020-01-26,15,Hawaii,0
2020-01-26,16,Idaho,0
2020-01-26,17,Illinois,0
2020-01-26,18,Indiana,0
2020-01-26,19,Iowa,0
2020-01-26,20,Kansas,0
2020-01-26,21,Kentucky,0
2020-01-26,22,Louisiana,0
2020-01-26,23,Maine,0
2020-01-26,24,Maryland,0
2020-01-26,25,Massachusetts,0
2020-01-26,26,Michigan,0
2020-01-26,27,Minnesota,0
2020-01-26,28,Mississippi,0
2020-01-26,29,Missouri,0
2020-01-26,30,Montana,0
2020-01-26,31,Nebraska,0
2020-01-26,32,Nevada,0
2020-01-26,33,New Hampshire,0
2020-01-26,34,New Jersey,0
2020-01-26,35,New Mexico,0
2020-01-26,36,New York,0
2020-01-26,37,North Carolina,0
2020-01-26,38,North Dakota,0
2020-01-26,39,Ohio,0
2020-01-26,40,Oklahoma,0
2020-01-26,41,Oregon,0
2020-01-26,42,Pennsylvania,0
2020-01-26,44,Rhode Island,0
2020-01-26,45,South Carolina,0
2020-01-26,46,South Dakota,0
2020-01-26,47,Tennessee,0
2020-01-26,48,Texas,0
2020-01-26,49,Utah,0
2020-01-26,50,Vermont,0
2020-01-26,51,Virginia,0
2020-01-26,53,Washington,0
2020-01-26,54,West Virginia,0
2020-01-26,55,Wisconsin,0
2020-01-26,56,Wyoming,0
2020-01-26,60,American Samoa,0
2020-01-26,66,Guam,0
2020-01-26,69,Northern Mariana Islands,0
2020-01-26,72,Puerto Rico,0
2020-01-26,78,Virgin Islands,0
2020-01-26,,Diamond Princess,0
2020-01-26,,Grand Princess,0
2020-01-27,01,Alabama,0
2020-01-27,02,Alaska,0
2020-01-27,04,Arizona,0
2020-01-27,05,Arkansas,0
2020-01-27,06,California,0
2020-01-27,08,Colorado,0
2020-01-27,09,Connecticut,0
2020-01-27,10,Delaware,0
2020-01-27,11,District of Columbia,0
2020-01-27,12,Florida,0
2020-01-27,13,Georgia,0
2020-01-27,15,Hawaii,0
2020-01-27,16,Idaho,0
2020-01-27,17,Illinois,0
2020-01-27,18,Indiana,0
2020-01-27,19,Iowa,0
2020-01-27,20,Kansas,0
2020-01-27,21,Kentucky,0
2020-01-27,22,Louisiana,0
2020-01-27,23,Maine,0
2020-01-27,24,Maryland,0
2020-01-27,25,Massachusetts,0
2020-01-27,26,Michigan,0
2020-01-27,27,Minnesota,0
2020-01-27,28,Mississippi,0
2020-01-27,29,Missouri,0
2020-01-27,30,Montana,0
2020-01-27,31,Nebraska,0
2020-01-27,32,Nevada,0
2020-01-27,33,New Hampshire,0
2020-01-27,34,New Jersey,0
2020-01-27,35,New Mexico,0
2020-01-27,36,New York,0
2020-01-27,37,North Carolina,0
2020-01-27,38,North Dakota,0
2020-01-27,39,Ohio,0
2020-01-27,40,Oklahoma,0
2020-01-27,41,Oregon,0
2020-01-27,42,Pennsylvania,0
2020-01-27,44,Rhode Island,0
2020-01-27,45,South Carolina,0
2020-01-27,46,South Dakota,0
2020-01-27,47,Tennessee,0
2020-01-27,48,Texas,0
2020-01-27,49,Utah,0
2020-01-27,50,Vermont,0
2020-01-27,51,Virginia,0
2020-01-27,53,Washington,0
2020-01-27,54,West Virginia,0
2020-01-27,55,Wisconsin,0
2020-01-27,56,Wyoming,0
2020-01-27,60,American Samoa,0
2020-01-27,66,Guam,0
2020-01-27,69,Northern Mariana Islands,0
2020-01-27,72,Puerto Rico,0
2020-01-27,78,Virgin Islands,0
2020-01-27,,Diamond Princess,0
2020-01-27,,Grand Princess,0
2020-01-28,01,Alabama,0
2020-01-28,02,Alaska,0
2020-01-28,04,Arizona,0
2020-01-28,05,Arkansas,0
2020-01-28,06,California,0
2020-01-28,08,Colorado,0
2020-01-28,09,Connecticut,0
2020-01-28,10,Delaware,0
2020-01-28,11,District of Columbia,0
2020-01-28,12,Florida,0
2020-01-28,13,Georgia,0
2020-01-28,15,Hawaii,0
2020-01-28,16,Idaho,0
2020-01-28,17,Illinois,0
2020-01-28,18,Indiana,0
2020-01-28,19,Iowa,0
2020-01-28,20,Kansas,0
2020-01-28,21,Kentucky,0
2020-01-28,22,Louisiana,0
2020-01-28,23,Maine,0
2020-01-28,24,Maryland,0
2020-01-28,25,Massachusetts,0
2020-01-28,26,Michigan,0
2020-01-28,27,Minnesota,0
2020-01-28,28,Mississippi,0
2020-01-28,29,Missouri,0
2020-01-28,30,Montana,0
2020-01-28,31,Nebraska,0
2020-01-28,32,Nevada,0
2020-01-28,33,New Hampshire,0
2020-01-28,34,New Jersey,0
2020-01-28,35,New Mexico,0
2020-01-28,36,New York,0
2020-01-28,37,North Carolina,0
2020-01-28,38,North Dakota,0
2020-01-28,39,Ohio,0
2020-01-28,40,Oklahoma,0
2020-01-28,41,Oregon,0
2020-01-28,42,Pennsylvania,0
2020-01-28,44,Rhode Island,0
2020-01-28,45,South Carolina,0
2020-01-28,46,South Dakota,0
2020-01-28,47,Tennessee,0
2020-01-28,48,Texas,0
2020-01-28,49,Utah,0
2020-01-28,50,Vermont,0
2020-01-28,51,Virginia,0
2020-01-28,53,Washington,0
2020-01-28,54,West Virginia,0
2020-01-28,55,Wisconsin,0
2020-01-28,56,Wyoming,0
2020-01-28,60,American Samoa,0
2020-01-28,66,Guam,0
2020-01-28,69,Northern Mariana Islands,0
2020-01-28,72,Puerto Rico,0
2020-01-28,78,Virgin Islands,0
2020-01-28,,Diamond Princess,0
2020-01-28,,Grand Princess,0
2020-01-29,01,Alabama,0
2020-01-29,02,Alaska,0
2020-01-29,04,Arizona,0
2020-01-29,05,Arkansas,0
2020-01-29,06,California,0
2020-01-29,08,Colorado,0
2020-01-29,09,Connecticut,0
2020-01-29,10,Delaware,0
2020-01-29,11,District of Columbia,0
2020-01-29,12,Florida,0
2020-01-29,13,Georgia,0
2020-01-29,15,Hawaii,0
2020-01-29,16,Idaho,0
2020-01-29,17,Illinois,0
2020-01-29,18,Indiana,0
2020-01-29,19,Iowa,0
2020-01-29,20,Kansas,0
2020-01-29,21,Kentucky,0
2020-01-29,22,Louisiana,0
2020-01-29,23,Maine,0
2020-01-29,24,Maryland,0
2020-01-29,25,Massachusetts,0
2020-01-29,26,Michigan,0
2020-01-29,27,Minnesota,0
2020-01-29,28,Mississippi,0
2020-01-29,29,Missouri,0
2020-01-29,30,Montana,0
2020-01-29,31,Nebraska,0
2020-01-29,32,Nevada,0
2020-01-29,33,New Hampshire,0
2020-01-29,34,New Jersey,0
2020-01-29,35,New Mexico,0
2020-01-29,36,New York,0
2020-01-29,37,North Carolina,0
2020-01-29,38,North Dakota,0
2020-01-29,39,Ohio,0
2020-01-29,40,Oklahoma,0
2020-01-29,41,Oregon,0
2020-01-29,42,Pennsylvania,0
2020-01-29,44,Rhode Island,0
2020-01-29,45,South Carolina,0
2020-01-29,46,South Dakota,0
2020-01-29,47,Tennessee,0
2020-01-29,48,Texas,0
2020-01-29,49,Utah,0
2020-01-29,50,Vermont,0
2020-01-29,51,Virginia,0
2020-01-29,53,Washington,0
2020-01-29,54,West Virginia,0
2020-01-29,55,Wisconsin,0
2020-01-29,56,Wyoming,0
2020-01-29,60,American Samoa,0
2020-01-29,66,Guam,0
2020-01-29,69,Northern Mariana Islands,0
2020-01-29,72,Puerto Rico,0
2020-01-29,78,Virgin Islands,0
2020-01-29,,Diamond Princess,0
2020-01-29,,Grand Princess,0
2020-01-30,01,Alabama,0
2020-01-30,02,Alaska,0
2020-01-30,04,Arizona,0
2020-01-30,05,Arkansas,0
2020-01-30,06,California,0
2020-01-30,08,Colorado,0
2020-01-30,09,Connecticut,0
2020-01-30,10,Delaware,0
2020-01-30,11,District of Columbia,0
2020-01-30,12,Florida,0
2020-01-30,13,Georgia,0
2020-01-30,15,Hawaii,0
2020-01-30,16,Idaho,0
2020-01-30,17,Illinois,0
2020-01-30,18,Indiana,0
2020-01-30,19,Iowa,0
2020-01-30,20,Kansas,0
2020-01-30,21,Kentucky,0
2020-01-30,22,Louisiana,0
2020-01-30,23,Maine,0
2020-01-30,24,Maryland,0
2020-01-30,25,Massachusetts,0
2020-01-30,26,Michigan,0
2020-01-30,27,Minnesota,0
2020-01-30,28,Mississippi,0
2020-01-30,29,Missouri,0
2020-01-30,30,Montana,0
2020-01-30,31,Nebraska,0
2020-01-30,32,Nevada,0
2020-01-30,33,New Hampshire,0
2020-01-30,34,New Jersey,0
2020-01-30,35,New Mexico,0
2020-01-30,36,New York,0
2020-01-30,37,North Carolina,0
2020-01-30,38,North Dakota,0
2020-01-30,39,Ohio,0
2020-01-30,40,Oklahoma,0
2020-01-30,41,Oregon,0
2020-01-30,42,Pennsylvania,0
2020-01-30,44,Rhode Island,0
2020-01-30,45,South Carolina,0
2020-01-30,46,South Dakota,0
2020-01-30,47,Tennessee,0
2020-01-30,48,Texas,0
2020-01-30,49,Utah,0
2020-01-30,50,Vermont,0
2020-01-30,51,Virginia,0
2020-01-30,53,Washington,0
2020-01-30,54,West Virginia,0
2020-01-30,55,Wisconsin,0
2020-01-30,56,Wyoming,0
2020-01-30,60,American Samoa,0
2020-01-30,66,Guam,0
2020-01-30,69,Northern Mariana Islands,0
2020-01-30,72,Puerto Rico,0
2020-01-30,78,Virgin Islands,0
2020-01-30,,Diamond Princess,0
2020-01-30,,Grand Princess,0
2020-01-31,01,Alabama,0
2020-01-31,02,Alaska,0
2020-01-31,04,Arizona,0
2020-01-31,05,Arkansas,0
2020-01-31,06,California,0
2020-01-31,08,Colorado,0
2020-01-31,09,Connecticut,0
2020-01-31,10,Delaware,0
2020-01-31,11,District of Columbia,0
2020-01-31,12,Florida,0
2020-01-31,13,Georgia,0
2020-01-31,15,Hawaii,0
2020-01-31,16,Idaho,0
2020-01-31,17,Illinois,0
2020-01-31,18,Indiana,0
2020-01-31,19,Iowa,0
2020-01-31,20,Kansas,0
2020-01-31,21,Kentucky,0
2020-01-31,22,Louisiana,0
2020-01-31,23,Maine,0
2020-01-31,24,Maryland,0
2020-01-31,25,Massachusetts,0
2020-01-31,26,Michigan,0
2020-01-31,27,Minnesota,0
2020-01-31,28,Mississippi,0
2020-01-31,29,Missouri,0
2020-01-31,30,Montana,0
2020-01-31,31,Nebraska,0
2020-01-31,32,Nevada,0
2020-01-31,33,New Hampshire,0
2020-01-31,34,New Jersey,0
2020-01-31,35,New Mexico,0
2020-01-31,36,New York,0
2020-01-31,37,North Carolina,0
2020-01-31,38,North Dakota,0
2020-01-31,39,Ohio,0
2020-01-31,40,Oklahoma,0
2020-01-31,41,Oregon,0
2020-01-31,42,Pennsylvania,0
2020-01-31,44,Rhode Island,0
2020-01-31,45,South Carolina,0
2020-01-31,46,South Dakota,0
2020-01-31,47,Tennessee,0
2020-01-31,48,Texas,0
2020-01-31,49,Utah,0
2020-01-31,50,Vermont,0
2020-01-31,51,Virginia,0
2020-01-31,53,Washington,0
2020-01-31,54,West Virginia,0
2020-01-31,55,Wisconsin,0
2020-01-31,56,Wyoming,0
2020-01-31,60,American Samoa,0
2020-01-31,66,Guam,0
2020-01-31,69,Northern Mariana Islands,0
2020-01-31,72,Puerto Rico,0
2020-01-31,78,Virgin Islands,0
2020-01-31,,Diamond Princess,0
2020-01-31,,Grand Princess,0
2020-02-01,01,Alabama,0
2020-02-01,02,Alaska,0
2020-02-01,04,Arizona,0
2020-02-01,05,Arkansas,0
2020-02-01,06,California,0
2020-02-01,08,Colorado,0
2020-02-01,09,Connecticut,0
2020-02-01,10,Delaware,0
2020-02-01,11,District of Columbia,0
2020-02-01,12,Florida,0
2020-02-01,13,Georgia,0
2020-02-01,15,Hawaii,0
2020-02-01,16,Idaho,0
2020-02-01,17,Illinois,0
2020-02-01,18,Indiana,0
2020-02-01,19,Iowa,0
2020-02-01,20,Kansas,0
2020-02-01,21,Kentucky,0
2020-02-01,22,Louisiana,0
2020-02-01,23,Maine,0
2020-02-01,24,Maryland,0
2020-02-01,25,Massachusetts,0
2020-02-01,26,Michigan,0
2020-02-01,27,Minnesota,0
2020-02-01,28,Mississippi,0
2020-02-01,29,Missouri,0
2020-02-01,30,Montana,0
2020-02-01,31,Nebraska,0
2020-02-01,32,Nevada,0
2020-02-01,33,New Hampshire,0
2020-02-01,34,New Jersey,0
2020-02-01,35,New Mexico,0
2020-02-01,36,New York,0
2020-02-01,37,North Carolina,0
2020-02-01,38,North Dakota,0
2020-02-01,39,Ohio,0
2020-02-01,40,Oklahoma,0
2020-02-01,41,Oregon,0
2020-02-01,42,Pennsylvania,0
2020-02-01,44,Rhode Island,0
2020-02-01,45,South Carolina,0
2020-02-01,46,South Dakota,0
2020-02-01,47,Tennessee,0
2020-02-01,48,Texas,0
2020-02-01,49,Utah,0
2020-02-01,50,Vermont,0
2020-02-01,51,Virginia,0
2020-02-01,53,Washington,0
2020-02-01,54,West Virginia,0
2020-02-01,55,Wisconsin,0
2020-02-01,56,Wyoming,0
2020-02-01,60,American Samoa,0
2020-02-01,66,Guam,0
2020-02-01,69,Northern Mariana Islands,0
2020-02-01,72,Puerto Rico,0
2020-02-01,78,Virgin Islands,0
2020-02-01,,Diamond Princess,0
2020-02-01,,Grand Princess,0
2020-02-02,01,Alabama,0
2020-02-02,02,Alaska,0
2020-02-02,04,Arizona,0
2020-02-02,05,Arkansas,0
2020-02-02,06,California,0
2020-02-02,08,Colorado,0
2020-02-02,09,Connecticut,0
2020-02-02,10,Delaware,0
2020-02-02,11,District of Columbia,0
2020-02-02,12,Florida,0
2020-02-02,13,Georgia,0
2020-02-02,15,Hawaii,0
2020-02-02,16,Idaho,0
2020-02-02,17,Illinois,0
2020-02-02,18,Indiana,0
2020-02-02,19,Iowa,0
2020-02-02,20,Kansas,0
2020-02-02,21,Kentucky,0
2020-02-02,22,Louisiana,0
2020-02-02,23,Maine,0
2020-02-02,24,Maryland,0
2020-02-02,25,Massachusetts,0
2020-02-02,26,Michigan,0
2020-02-02,27,Minnesota,0
2020-02-02,28,Mississippi,0
2020-02-02,29,Missouri,0
2020-02-02,30,Montana,0
2020-02-02,31,Nebraska,0
2020-02-02,32,Nevada,0
2020-02-02,33,New Hampshire,0
2020-02-02,34,New Jersey,0
2020-02-02,35,New Mexico,0
2020-02-02,36,New York,0
2020-02-02,37,North Carolina,0
2020-02-02,38,North Dakota,0
2020-02-02,39,Ohio,0
2020-02-02,40,Oklahoma,0
2020-02-02,41,Oregon,0
2020-02-02,42,Pennsylvania,0
2020-02-02,44,Rhode Island,0
2020-02-02,45,South Carolina,0
2020-02-02,46,South Dakota,0
2020-02-02,47,Tennessee,0
2020-02-02,48,Texas,0
2020-02-02,49,Utah,0
2020-02-02,50,Vermont,0
2020-02-02,51,Virginia,0
2020-02-02,53,Washington,0
2020-02-02,54,West Virginia,0
2020-02-02,55,Wisconsin,0
2020-02-02,56,Wyoming,0
2020-02-02,60,American Samoa,0
2020-02-02,66,Guam,0
2020-02-02,69,Northern Mariana Islands,0
2020-02-02,72,Puerto Rico,0
2020-02-02,78,Virgin Islands,0
2020-02-02,,Diamond Princess,0
2020-02-02,,Grand Princess,0
2020-02-03,01,Alabama,0
2020-02-03,02,Alaska,0
2020-02-03,04,Arizona,0
2020-02-03,05,Arkansas,0
2020-02-03,06,California,0
2020-02-03,08,Colorado,0
2020-02-03,09,Connecticut,0
2020-02-03,10,Delaware,0
2020-02-03,11,District of Columbia,0
2020-02-03,12,Florida,0
2020-02-03,13,Georgia,0
2020-02-03,15,Hawaii,0
2020-02-03,16,Idaho,0
2020-02-03,17,Illinois,0
2020-02-03,18,Indiana,0
2020-02-03,19,Iowa,0
2020-02-03,20,Kansas,0
2020-02-03,21,Kentucky,0
2020-02-03,22,Louisiana,0
2020-02-03,23,Maine,0
2020-02-03,24,Maryland,0
2020-02-03,25,Massachusetts,0
2020-02-03,26,Michigan,0
2020-02-03,27,Minnesota,0
2020-02-03,28,Mississippi,0
2020-02-03,29,Missouri,0
2020-02-03,30,Montana,0
2020-02-03,31,Nebraska,0
2020-02-03,32,Nevada,0
2020-02-03,33,New Hampshire,0
2020-02-03,34,New Jersey,0
2020-02-03,35,New Mexico,0
2020-02-03,36,New York,0
2020-02-03,37,North Carolina,0
2020-02-03,38,North Dakota,0
2020-02-03,39,Ohio,0
2020-02-03,40,Oklahoma,0
2020-02-03,41,Oregon,0
2020-02-03,42,Pennsylvania,0
2020-02-03,44,Rhode Island,0
2020-02-03,45,South Carolina,0
2020-02-03,46,South Dakota,0
2020-02-03,47,Tennessee,0
2020-02-03,48,Texas,0
2020-02-03,49,Utah,0
2020-02-03,50,Vermont,0
2020-02-03,51,Virginia,0
2020-02-03,53,Washington,0
2020-02-03,54,West Virginia,0
2020-02-03,55,Wisconsin,0
2020-02-03,56,Wyoming,0
2020-02-03,60,American Samoa,0
2020-02-03,66,Guam,0
2020-02-03,69,Northern Mariana Islands,0
2020-02-03,72,Puerto Rico,0
2020-02-03,78,Virgin Islands,0
2020-02-03,,Diamond Princess,0
2020-02-03,,Grand Princess,0
2020-02-04,01,Alabama,0
2020-02-04,02,Alaska,0
2020-02-04,04,Arizona,0
2020-02-04,05,Arkansas,0
2020-02-04,06,California,0
2020-02-04,08,Colorado,0
2020-02-04,09,Connecticut,0
2020-02-04,10,Delaware,0
2020-02-04,11,District of Columbia,0
2020-02-04,12,Florida,0
2020-02-04,13,Georgia,0
2020-02-04,15,Hawaii,0
2020-02-04,16,Idaho,0
2020-02-04,17,Illinois,0
2020-02-04,18,Indiana,0
2020-02-04,19,Iowa,0
2020-02-04,20,Kansas,0
2020-02-04,21,Kentucky,0
2020-02-04,22,Louisiana,0
2020-02-04,23,Maine,0
2020-02-04,24,Maryland,0
2020-02-04,25,Massachusetts,0
2020-02-04,26,Michigan,0
2020-02-04,27,Minnesota,0
2020-02-04,28,Mississippi,0
2020-02-04,29,Missouri,0
2020-02-04,30,Montana,0
2020-02-04,31,Nebraska,0
2020-02-04,32,Nevada,0
2020-02-04,33,New Hampshire,0
2020-02-04,34,New Jersey,0
2020-02-04,35,New Mexico,0
2020-02-04,36,New York,0
2020-02-04,37,North Carolina,0
2020-02-04,38,North Dakota,0
2020-02-04,39,Ohio,0
2020-02-04,40,Oklahoma,0
2020-02-04,41,Oregon,0
2020-02-04,42,Pennsylvania,0
2020-02-04,44,Rhode Island,0
2020-02-04,45,South Carolina,0
2020-02-04,46,South Dakota,0
2020-02-04,47,Tennessee,0
2020-02-04,48,Texas,0
2020-02-04,49,Utah,0
2020-02-04,50,Vermont,0
2020-02-04,51,Virginia,0
2020-02-04,53,Washington,0
2020-02-04,54,West Virginia,0
2020-02-04,55,Wisconsin,0
2020-02-04,56,Wyoming,0
2020-02-04,60,American Samoa,0
2020-02-04,66,Guam,0
2020-02-04,69,Northern Mariana Islands,0
2020-02-04,72,Puerto Rico,0
2020-02-04,78,Virgin Islands,0
2020-02-04,,Diamond Princess,0
2020-02-04,,Grand Princess,0
2020-02-05,01,Alabama,0
2020-02-05,02,Alaska,0
2020-02-05,04,Arizona,0
2020-02-05,05,Arkansas,0
2020-02-05,06,California,0
2020-02-05,08,Colorado,0
2020-02-05,09,Connecticut,0
2020-02-05,10,Delaware,0
2020-02-05,11,District of Columbia,0
2020-02-05,12,Florida,0
2020-02-05,13,Georgia,0
2020-02-05,15,Hawaii,0
2020-02-05,16,Idaho,0
2020-02-05,17,Illinois,0
2020-02-05,18,Indiana,0
2020-02-05,19,Iowa,0
2020-02-05,20,Kansas,0
2020-02-05,21,Kentucky,0
2020-02-05,22,Louisiana,0
2020-02-05,23,Maine,0
2020-02-05,24,Maryland,0
2020-02-05,25,Massachusetts,0
2020-02-05,26,Michigan,0
2020-02-05,27,Minnesota,0
2020-02-05,28,Mississippi,0
2020-02-05,29,Missouri,0
2020-02-05,30,Montana,0
2020-02-05,31,Nebraska,0
2020-02-05,32,Nevada,0
2020-02-05,33,New Hampshire,0
2020-02-05,34,New Jersey,0
2020-02-05,35,New Mexico,0
2020-02-05,36,New York,0
2020-02-05,37,North Carolina,0
2020-02-05,38,North Dakota,0
2020-02-05,39,Ohio,0
2020-02-05,40,Oklahoma,0
2020-02-05,41,Oregon,0
2020-02-05,42,Pennsylvania,0
2020-02-05,44,Rhode Island,0
2020-02-05,45,South Carolina,0
2020-02-05,46,South Dakota,0
2020-02-05,47,Tennessee,0
2020-02-05,48,Texas,0
2020-02-05,49,Utah,0
2020-02-05,50,Vermont,0
2020-02-05,51,Virginia,0
2020-02-05,53,Washington,0
2020-02-05,54,West Virginia,0
2020-02-05,55,Wisconsin,0
2020-02-05,56,Wyoming,0
2020-02-05,60,American Samoa,0
2020-02-05,66,Guam,0
2020-02-05,69,Northern Mariana Islands,0
2020-02-05,72,Puerto Rico,0
2020-02-05,78,Virgin Islands,0
2020-02-05,,Diamond Princess,0
2020-02-05,,Grand Princess,0
2020-02-06,01,Alabama,0
2020-02-06,02,Alaska,0
2020-02-06,04,Arizona,0
2020-02-06,05,Arkansas,0
2020-02-06,06,California,0
2020-02-06,08,Colorado,0
2020-02-06,09,Connecticut,0
2020-02-06,10,Delaware,0
2020-02-06,11,District of Columbia,0
2020-02-06,12,Florida,0
2020-02-06,13,Georgia,0
2020-02-06,15,Hawaii,0
2020-02-06,16,Idaho,0
2020-02-06,17,Illinois,0
2020-02-06,18,Indiana,0
2020-02-06,19,Iowa,0
2020-02-06,20,Kansas,0
2020-02-06,21,Kentucky,0
2020-02-06,22,Louisiana,0
2020-02-06,23,Maine,0
2020-02-06,24,Maryland,0
2020-02-06,25,Massachusetts,0
2020-02-06,26,Michigan,0
2020-02-06,27,Minnesota,0
2020-02-06,28,Mississippi,0
2020-02-06,29,Missouri,0
2020-02-06,30,Montana,0
2020-02-06,31,Nebraska,0
2020-02-06,32,Nevada,0
2020-02-06,33,New Hampshire,0
2020-02-06,34,New Jersey,0
2020-02-06,35,New Mexico,0
2020-02-06,36,New York,0
2020-02-06,37,North Carolina,0
2020-02-06,38,North Dakota,0
2020-02-06,39,Ohio,0
2020-02-06,40,Oklahoma,0
2020-02-06,41,Oregon,0
2020-02-06,42,Pennsylvania,0
2020-02-06,44,Rhode Island,0
2020-02-06,45,South Carolina,0
2020-02-06,46,South Dakota,0
2020-02-06,47,Tennessee,0
2020-02-06,48,Texas,0
2020-02-06,49,Utah,0
2020-02-06,50,Vermont,0
2020-02-06,51,Virginia,0
2020-02-06,53,Washington,0
2020-02-06,54,West Virginia,0
2020-02-06,55,Wisconsin,0
2020-02-06,56,Wyoming,0
2020-02-06,60,American Samoa,0
2020-02-06,66,Guam,0
2020-02-06,69,Northern Mariana Islands,0
2020-02-06,72,Puerto Rico,0
2020-02-06,78,Virgin Islands,0
2020-02-06,,Diamond Princess,0
2020-02-06,,Grand Princess,0
2020-02-07,01,Alabama,0
2020-02-07,02,Alaska,0
2020-02-07,04,Arizona,0
2020-02-07,05,Arkansas,0
2020-02-07,06,California,0
2020-02-07,08,Colorado,0
2020-02-07,09,Connecticut,0
2020-02-07,10,Delaware,0
2020-02-07,11,District of Columbia,0
2020-02-07,12,Florida,0
2020-02-07,13,Georgia,0
2020-02-07,15,Hawaii,0
2020-02-07,16,Idaho,0
2020-02-07,17,Illinois,0
2020-02-07,18,Indiana,0
2020-02-07,19,Iowa,0
2020-02-07,20,Kansas,0
2020-02-07,21,Kentucky,0
2020-02-07,22,Louisiana,0
2020-02-07,23,Maine,0
2020-02-07,24,Maryland,0
2020-02-07,25,Massachusetts,0
2020-02-07,26,Michigan,0
2020-02-07,27,Minnesota,0
2020-02-07,28,Mississippi,0
2020-02-07,29,Missouri,0
2020-02-07,30,Montana,0
2020-02-07,31,Nebraska,0
2020-02-07,32,Nevada,0
2020-02-07,33,New Hampshire,0
2020-02-07,34,New Jersey,0
2020-02-07,35,New Mexico,0
2020-02-07,36,New York,0
2020-02-07,37,North Carolina,0
2020-02-07,38,North Dakota,0
2020-02-07,39,Ohio,0
2020-02-07,40,Oklahoma,0
2020-02-07,41,Oregon,0
2020-02-07,42,Pennsylvania,0
2020-02-07,44,Rhode Island,0
2020-02-07,45,South Carolina,0
2020-02-07,46,South Dakota,0
2020-02-07,47,Tennessee,0
2020-02-07,48,Texas,0
2020-02-07,49,Utah,0
2020-02-07,50,Vermont,0
2020-02-07,51,Virginia,0
2020-02-07,53,Washington,0
2020-02-07,54,West Virginia,0
2020-02-07,55,Wisconsin,0
2020-02-07,56,Wyoming,0
2020-02-07,60,American Samoa,0
2020-02-07,66,Guam,0
2020-02-07,69,Northern Mariana Islands,0
2020-02-07,72,Puerto Rico,0
2020-02-07,78,Virgin Islands,0
2020-02-07,,Diamond Princess,0
2020-02-07,,Grand Princess,0
2020-02-08,01,Alabama,0
2020-02-08,02,Alaska,0
2020-02-08,04,Arizona,0
2020-02-08,05,Arkansas,0
2020-02-08,06,California,0
2020-02-08,08,Colorado,0
2020-02-08,09,Connecticut,0
2020-02-08,10,Delaware,0
2020-02-08,11,District of Columbia,0
2020-02-08,12,Florida,0
2020-02-08,13,Georgia,0
2020-02-08,15,Hawaii,0
2020-02-08,16,Idaho,0
2020-02-08,17,Illinois,0
2020-02-08,18,Indiana,0
2020-02-08,19,Iowa,0
2020-02-08,20,Kansas,0
2020-02-08,21,Kentucky,0
2020-02-08,22,Louisiana,0
2020-02-08,23,Maine,0
2020-02-08,24,Maryland,0
2020-02-08,25,Massachusetts,0
2020-02-08,26,Michigan,0
2020-02-08,27,Minnesota,0
2020-02-08,28,Mississippi,0
2020-02-08,29,Missouri,0
2020-02-08,30,Montana,0
2020-02-08,31,Nebraska,0
2020-02-08,32,Nevada,0
2020-02-08,33,New Hampshire,0
2020-02-08,34,New Jersey,0
2020-02-08,35,New Mexico,0
2020-02-08,36,New York,0
2020-02-08,37,North Carolina,0
2020-02-08,38,North Dakota,0
2020-02-08,39,Ohio,0
2020-02-08,40,Oklahoma,0
2020-02-08,41,Oregon,0
2020-02-08,42,Pennsylvania,0
2020-02-08,44,Rhode Island,0
2020-02-08,45,South Carolina,0
2020-02-08,46,South Dakota,0
2020-02-08,47,Tennessee,0
2020-02-08,48,Texas,0
2020-02-08,49,Utah,0
2020-02-08,50,Vermont,0
2020-02-08,51,Virginia,0
2020-02-08,53,Washington,0
2020-02-08,54,West Virginia,0
2020-02-08,55,Wisconsin,0
2020-02-08,56,Wyoming,0
2020-02-08,60,American Samoa,0
2020-02-08,66,Guam,0
2020-02-08,69,Northern Mariana Islands,0
2020-02-08,72,Puerto Rico,0
2020-02-08,78,Virgin Islands,0
2020-02-08,,Diamond Princess,0
2020-02-08,,Grand Princess,0
2020-02-09,01,Alabama,0
2020-02-09,02,Alaska,0
2020-02-09,04,Arizona,0
2020-02-09,05,Arkansas,0
2020-02-09,06,California,0
2020-02-09,08,Colorado,0
2020-02-09,09,Connecticut,0
2020-02-09,10,Delaware,0
2020-02-09,11,District of Columbia,0
2020-02-09,12,Florida,0
2020-02-09,13,Georgia,0
2020-02-09,15,Hawaii,0
2020-02-09,16,Idaho,0
2020-02-09,17,Illinois,0
2020-02-09,18,Indiana,0
2020-02-09,19,Iowa,0
2020-02-09,20,Kansas,0
2020-02-09,21,Kentucky,0
2020-02-09,22,Louisiana,0
2020-02-09,23,Maine,0
2020-02-09,24,Maryland,0
2020-02-09,25,Massachusetts,0
2020-02-09,26,Michigan,0
2020-02-09,27,Minnesota,0
2020-02-09,28,Mississippi,0
2020-02-09,29,Missouri,0
2020-02-09,30,Montana,0
2020-02-09,31,Nebraska,0
2020-02-09,32,Nevada,0
2020-02-09,33,New Hampshire,0
2020-02-09,34,New Jersey,0
2020-02-09,35,New Mexico,0
2020-02-09,36,New York,0
2020-02-09,37,North Carolina,0
2020-02-09,38,North Dakota,0
2020-02-09,39,Ohio,0
2020-02-09,40,Oklahoma,0
2020-02-09,41,Oregon,0
2020-02-09,42,Pennsylvania,0
2020-02-09,44,Rhode Island,0
2020-02-09,45,South Carolina,0
2020-02-09,46,South Dakota,0
2020-02-09,47,Tennessee,0
2020-02-09,48,Texas,0
2020-02-09,49,Utah,0
2020-02-09,50,Vermont,0
2020-02-09,51,Virginia,0
2020-02-09,53,Washington,0
2020-02-09,54,West Virginia,0
2020-02-09,55,Wisconsin,0
2020-02-09,56,Wyoming,0
2020-02-09,60,American Samoa,0
2020-02-09,66,Guam,0
2020-02-09,69,Northern Mariana Islands,0
2020-02-09,72,Puerto Rico,0
2020-02-09,78,Virgin Islands,0
2020-02-09,,Diamond Princess,0
2020-02-09,,Grand Princess,0
2020-02-10,01,Alabama,0
2020-02-10,02,Alaska,0
2020-02-10,04,Arizona,0
2020-02-10,05,Arkansas,0
2020-02-10,06,California,0
2020-02-10,08,Colorado,0
2020-02-10,09,Connecticut,0
2020-02-10,10,Delaware,0
2020-02-10,11,District of Columbia,0
2020-02-10,12,Florida,0
2020-02-10,13,Georgia,0
2020-02-10,15,Hawaii,0
2020-02-10,16,Idaho,0
2020-02-10,17,Illinois,0
2020-02-10,18,Indiana,0
2020-02-10,19,Iowa,0
2020-02-10,20,Kansas,0
2020-02-10,21,Kentucky,0
2020-02-10,22,Louisiana,0
2020-02-10,23,Maine,0
2020-02-10,24,Maryland,0
2020-02-10,25,Massachusetts,0
2020-02-10,26,Michigan,0
2020-02-10,27,Minnesota,0
2020-02-10,28,Mississippi,0
2020-02-10,29,Missouri,0
2020-02-10,30,Montana,0
2020-02-10,31,Nebraska,0
2020-02-10,32,Nevada,0
2020-02-10,33,New Hampshire,0
2020-02-10,34,New Jersey,0
2020-02-10,35,New Mexico,0
2020-02-10,36,New York,0
2020-02-10,37,North Carolina,0
2020-02-10,38,North Dakota,0
2020-02-10,39,Ohio,0
2020-02-10,40,Oklahoma,0
2020-02-10,41,Oregon,0
2020-02-10,42,Pennsylvania,0
2020-02-10,44,Rhode Island,0
2020-02-10,45,South Carolina,0
2020-02-10,46,South Dakota,0
2020-02-10,47,Tennessee,0
2020-02-10,48,Texas,0
2020-02-10,49,Utah,0
2020-02-10,50,Vermont,0
2020-02-10,51,Virginia,0
2020-02-10,53,Washington,0
2020-02-10,54,West Virginia,0
2020-02-10,55,Wisconsin,0
2020-02-10,56,Wyoming,0
2020-02-10,60,American Samoa,0
2020-02-10,66,Guam,0
2020-02-10,69,Northern Mariana Islands,0
2020-02-10,72,Puerto Rico,0
2020-02-10,78,Virgin Islands,0
2020-02-10,,Diamond Princess,0
2020-02-10,,Grand Princess,0
2020-02-11,01,Alabama,0
2020-02-11,02,Alaska,0
2020-02-11,04,Arizona,0
2020-02-11,05,Arkansas,0
2020-02-11,06,California,0
2020-02-11,08,Colorado,0
2020-02-11,09,Connecticut,0
2020-02-11,10,Delaware,0
2020-02-11,11,District of Columbia,0
2020-02-11,12,Florida,0
2020-02-11,13,Georgia,0
2020-02-11,15,Hawaii,0
2020-02-11,16,Idaho,0
2020-02-11,17,Illinois,0
2020-02-11,18,Indiana,0
2020-02-11,19,Iowa,0
2020-02-11,20,Kansas,0
2020-02-11,21,Kentucky,0
2020-02-11,22,Louisiana,0
2020-02-11,23,Maine,0
2020-02-11,24,Maryland,0
2020-02-11,25,Massachusetts,0
2020-02-11,26,Michigan,0
2020-02-11,27,Minnesota,0
2020-02-11,28,Mississippi,0
2020-02-11,29,Missouri,0
2020-02-11,30,Montana,0
2020-02-11,31,Nebraska,0
2020-02-11,32,Nevada,0
2020-02-11,33,New Hampshire,0
2020-02-11,34,New Jersey,0
2020-02-11,35,New Mexico,0
2020-02-11,36,New York,0
2020-02-11,37,North Carolina,0
2020-02-11,38,North Dakota,0
2020-02-11,39,Ohio,0
2020-02-11,40,Oklahoma,0
2020-02-11,41,Oregon,0
2020-02-11,42,Pennsylvania,0
2020-02-11,44,Rhode Island,0
2020-02-11,45,South Carolina,0
2020-02-11,46,South Dakota,0
2020-02-11,47,Tennessee,0
2020-02-11,48,Texas,0
2020-02-11,49,Utah,0
2020-02-11,50,Vermont,0
2020-02-11,51,Virginia,0
2020-02-11,53,Washington,0
2020-02-11,54,West Virginia,0
2020-02-11,55,Wisconsin,0
2020-02-11,56,Wyoming,0
2020-02-11,60,American Samoa,0
2020-02-11,66,Guam,0
2020-02-11,69,Northern Mariana Islands,0
2020-02-11,72,Puerto Rico,0
2020-02-11,78,Virgin Islands,0
2020-02-11,,Diamond Princess,0
2020-02-11,,Grand Princess,0
2020-02-12,01,Alabama,0
2020-02-12,02,Alaska,0
2020-02-12,04,Arizona,0
2020-02-12,05,Arkansas,0
2020-02-12,06,California,0
2020-02-12,08,Colorado,0
2020-02-12,09,Connecticut,0
2020-02-12,10,Delaware,0
2020-02-12,11,District of Columbia,0
2020-02-12,12,Florida,0
2020-02-12,13,Georgia,0
2020-02-12,15,Hawaii,0
2020-02-12,16,Idaho,0
2020-02-12,17,Illinois,0
2020-02-12,18,Indiana,0
2020-02-12,19,Iowa,0
2020-02-12,20,Kansas,0
2020-02-12,21,Kentucky,0
2020-02-12,22,Louisiana,0
2020-02-12,23,Maine,0
2020-02-12,24,Maryland,0
2020-02-12,25,Massachusetts,0
2020-02-12,26,Michigan,0
2020-02-12,27,Minnesota,0
2020-02-12,28,Mississippi,0
2020-02-12,29,Missouri,0
2020-02-12,30,Montana,0
2020-02-12,31,Nebraska,0
2020-02-12,32,Nevada,0
2020-02-12,33,New Hampshire,0
2020-02-12,34,New Jersey,0
2020-02-12,35,New Mexico,0
2020-02-12,36,New York,0
2020-02-12,37,North Carolina,0
2020-02-12,38,North Dakota,0
2020-02-12,39,Ohio,0
2020-02-12,40,Oklahoma,0
2020-02-12,41,Oregon,0
2020-02-12,42,Pennsylvania,0
2020-02-12,44,Rhode Island,0
2020-02-12,45,South Carolina,0
2020-02-12,46,South Dakota,0
2020-02-12,47,Tennessee,0
2020-02-12,48,Texas,0
2020-02-12,49,Utah,0
2020-02-12,50,Vermont,0
2020-02-12,51,Virginia,0
2020-02-12,53,Washington,0
2020-02-12,54,West Virginia,0
2020-02-12,55,Wisconsin,0
2020-02-12,56,Wyoming,0
2020-02-12,60,American Samoa,0
2020-02-12,66,Guam,0
2020-02-12,69,Northern Mariana Islands,0
2020-02-12,72,Puerto Rico,0
2020-02-12,78,Virgin Islands,0
2020-02-12,,Diamond Princess,0
2020-02-12,,Grand Princess,0
2020-02-13,01,Alabama,0
2020-02-13,02,Alaska,0
2020-02-13,04,Arizona,0
2020-02-13,05,Arkansas,0
2020-02-13,06,California,0
2020-02-13,08,Colorado,0
2020-02-13,09,Connecticut,0
2020-02-13,10,Delaware,0
2020-02-13,11,District of Columbia,0
2020-02-13,12,Florida,0
2020-02-13,13,Georgia,0
2020-02-13,15,Hawaii,0
2020-02-13,16,Idaho,0
2020-02-13,17,Illinois,0
2020-02-13,18,Indiana,0
2020-02-13,19,Iowa,0
2020-02-13,20,Kansas,0
2020-02-13,21,Kentucky,0
2020-02-13,22,Louisiana,0
2020-02-13,23,Maine,0
2020-02-13,24,Maryland,0
2020-02-13,25,Massachusetts,0
2020-02-13,26,Michigan,0
2020-02-13,27,Minnesota,0
2020-02-13,28,Mississippi,0
2020-02-13,29,Missouri,0
2020-02-13,30,Montana,0
2020-02-13,31,Nebraska,0
2020-02-13,32,Nevada,0
2020-02-13,33,New Hampshire,0
2020-02-13,34,New Jersey,0
2020-02-13,35,New Mexico,0
2020-02-13,36,New York,0
2020-02-13,37,North Carolina,0
2020-02-13,38,North Dakota,0
2020-02-13,39,Ohio,0
2020-02-13,40,Oklahoma,0
2020-02-13,41,Oregon,0
2020-02-13,42,Pennsylvania,0
2020-02-13,44,Rhode Island,0
2020-02-13,45,South Carolina,0
2020-02-13,46,South Dakota,0
2020-02-13,47,Tennessee,0
2020-02-13,48,Texas,0
2020-02-13,49,Utah,0
2020-02-13,50,Vermont,0
2020-02-13,51,Virginia,0
2020-02-13,53,Washington,0
2020-02-13,54,West Virginia,0
2020-02-13,55,Wisconsin,0
2020-02-13,56,Wyoming,0
2020-02-13,60,American Samoa,0
2020-02-13,66,Guam,0
2020-02-13,69,Northern Mariana Islands,0
2020-02-13,72,Puerto Rico,0
2020-02-13,78,Virgin Islands,0
2020-02-13,,Diamond Princess,0
2020-02-13,,Grand Princess,0
2020-02-14,01,Alabama,0
2020-02-14,02,Alaska,0
2020-02-14,04,Arizona,0
2020-02-14,05,Arkansas,0
2020-02-14,06,California,0
2020-02-14,08,Colorado,0
2020-02-14,09,Connecticut,0
2020-02-14,10,Delaware,0
2020-02-14,11,District of Columbia,0
2020-02-14,12,Florida,0
2020-02-14,13,Georgia,0
2020-02-14,15,Hawaii,0
2020-02-14,16,Idaho,0
2020-02-14,17,Illinois,0
2020-02-14,18,Indiana,0
2020-02-14,19,Iowa,0
2020-02-14,20,Kansas,0
2020-02-14,21,Kentucky,0
2020-02-14,22,Louisiana,0
2020-02-14,23,Maine,0
2020-02-14,24,Maryland,0
2020-02-14,25,Massachusetts,0
2020-02-14,26,Michigan,0
2020-02-14,27,Minnesota,0
2020-02-14,28,Mississippi,0
2020-02-14,29,Missouri,0
2020-02-14,30,Montana,0
2020-02-14,31,Nebraska,0
2020-02-14,32,Nevada,0
2020-02-14,33,New Hampshire,0
2020-02-14,34,New Jersey,0
2020-02-14,35,New Mexico,0
2020-02-14,36,New York,0
2020-02-14,37,North Carolina,0
2020-02-14,38,North Dakota,0
2020-02-14,39,Ohio,0
2020-02-14,40,Oklahoma,0
2020-02-14,41,Oregon,0
2020-02-14,42,Pennsylvania,0
2020-02-14,44,Rhode Island,0
2020-02-14,45,South Carolina,0
2020-02-14,46,South Dakota,0
2020-02-14,47,Tennessee,0
2020-02-14,48,Texas,0
2020-02-14,49,Utah,0
2020-02-14,50,Vermont,0
2020-02-14,51,Virginia,0
2020-02-14,53,Washington,0
2020-02-14,54,West Virginia,0
2020-02-14,55,Wisconsin,0
2020-02-14,56,Wyoming,0
2020-02-14,60,American Samoa,0
2020-02-14,66,Guam,0
2020-02-14,69,Northern Mariana Islands,0
2020-02-14,72,Puerto Rico,0
2020-02-14,78,Virgin Islands,0
2020-02-14,,Diamond Princess,0
2020-02-14,,Grand Princess,0
2020-02-15,01,Alabama,0
2020-02-15,02,Alaska,0
2020-02-15,04,Arizona,0
2020-02-15,05,Arkansas,0
2020-02-15,06,California,0
2020-02-15,08,Colorado,0
2020-02-15,09,Connecticut,0
2020-02-15,10,Delaware,0
2020-02-15,11,District of Columbia,0
2020-02-15,12,Florida,0
2020-02-15,13,Georgia,0
2020-02-15,15,Hawaii,0
2020-02-15,16,Idaho,0
2020-02-15,17,Illinois,0
2020-02-15,18,Indiana,0
2020-02-15,19,Iowa,0
2020-02-15,20,Kansas,0
2020-02-15,21,Kentucky,0
2020-02-15,22,Louisiana,0
2020-02-15,23,Maine,0
2020-02-15,24,Maryland,0
2020-02-15,25,Massachusetts,0
2020-02-15,26,Michigan,0
2020-02-15,27,Minnesota,0
2020-02-15,28,Mississippi,0
2020-02-15,29,Missouri,0
2020-02-15,30,Montana,0
2020-02-15,31,Nebraska,0
2020-02-15,32,Nevada,0
2020-02-15,33,New Hampshire,0
2020-02-15,34,New Jersey,0
2020-02-15,35,New Mexico,0
2020-02-15,36,New York,0
2020-02-15,37,North Carolina,0
2020-02-15,38,North Dakota,0
2020-02-15,39,Ohio,0
2020-02-15,40,Oklahoma,0
2020-02-15,41,Oregon,0
2020-02-15,42,Pennsylvania,0
2020-02-15,44,Rhode Island,0
2020-02-15,45,South Carolina,0
2020-02-15,46,South Dakota,0
2020-02-15,47,Tennessee,0
2020-02-15,48,Texas,0
2020-02-15,49,Utah,0
2020-02-15,50,Vermont,0
2020-02-15,51,Virginia,0
2020-02-15,53,Washington,0
2020-02-15,54,West Virginia,0
2020-02-15,55,Wisconsin,0
2020-02-15,56,Wyoming,0
2020-02-15,60,American Samoa,0
2020-02-15,66,Guam,0
2020-02-15,69,Northern Mariana Islands,0
2020-02-15,72,Puerto Rico,0
2020-02-15,78,Virgin Islands,0
2020-02-15,,Diamond Princess,0
2020-02-15,,Grand Princess,0
2020-02-16,01,Alabama,0
2020-02-16,02,Alaska,0
2020-02-16,04,Arizona,0
2020-02-16,05,Arkansas,0
2020-02-16,06,California,0
2020-02-16,08,Colorado,0
2020-02-16,09,Connecticut,0
2020-02-16,10,Delaware,0
2020-02-16,11,District of Columbia,0
2020-02-16,12,Florida,0
2020-02-16,13,Georgia,0
2020-02-16,15,Hawaii,0
2020-02-16,16,Idaho,0
2020-02-16,17,Illinois,0
2020-02-16,18,Indiana,0
2020-02-16,19,Iowa,0
2020-02-16,20,Kansas,0
2020-02-16,21,Kentucky,0
2020-02-16,22,Louisiana,0
2020-02-16,23,Maine,0
2020-02-16,24,Maryland,0
2020-02-16,25,Massachusetts,0
2020-02-16,26,Michigan,0
2020-02-16,27,Minnesota,0
2020-02-16,28,Mississippi,0
2020-02-16,29,Missouri,0
2020-02-16,30,Montana,0
2020-02-16,31,Nebraska,0
2020-02-16,32,Nevada,0
2020-02-16,33,New Hampshire,0
2020-02-16,34,New Jersey,0
2020-02-16,35,New Mexico,0
2020-02-16,36,New York,0
2020-02-16,37,North Carolina,0
2020-02-16,38,North Dakota,0
2020-02-16,39,Ohio,0
2020-02-16,40,Oklahoma,0
2020-02-16,41,Oregon,0
2020-02-16,42,Pennsylvania,0
2020-02-16,44,Rhode Island,0
2020-02-16,45,South Carolina,0
2020-02-16,46,South Dakota,0
2020-02-16,47,Tennessee,0
2020-02-16,48,Texas,0
2020-02-16,49,Utah,0
2020-02-16,50,Vermont,0
2020-02-16,51,Virginia,0
2020-02-16,53,Washington,0
2020-02-16,54,West Virginia,0
2020-02-16,55,Wisconsin,0
2020-02-16,56,Wyoming,0
2020-02-16,60,American Samoa,0
2020-02-16,66,Guam,0
2020-02-16,69,Northern Mariana Islands,0
2020-02-16,72,Puerto Rico,0
2020-02-16,78,Virgin Islands,0
2020-02-16,,Diamond Princess,0
2020-02-16,,Grand Princess,0
2020-02-17,01,Alabama,0
2020-02-17,02,Alaska,0
2020-02-17,04,Arizona,0
2020-02-17,05,Arkansas,0
2020-02-17,06,California,0
2020-02-17,08,Colorado,0
2020-02-17,09,Connecticut,0
2020-02-17,10,Delaware,0
2020-02-17,11,District of Columbia,0
2020-02-17,12,Florida,0
2020-02-17,13,Georgia,0
2020-02-17,15,Hawaii,0
2020-02-17,16,Idaho,0
2020-02-17,17,Illinois,0
2020-02-17,18,Indiana,0
2020-02-17,19,Iowa,0
2020-02-17,20,Kansas,0
2020-02-17,21,Kentucky,0
2020-02-17,22,Louisiana,0
2020-02-17,23,Maine,0
2020-02-17,24,Maryland,0
2020-02-17,25,Massachusetts,0
2020-02-17,26,Michigan,0
2020-02-17,27,Minnesota,0
2020-02-17,28,Mississippi,0
2020-02-17,29,Missouri,0
2020-02-17,30,Montana,0
2020-02-17,31,Nebraska,0
2020-02-17,32,Nevada,0
2020-02-17,33,New Hampshire,0
2020-02-17,34,New Jersey,0
2020-02-17,35,New Mexico,0
2020-02-17,36,New York,0
2020-02-17,37,North Carolina,0
2020-02-17,38,North Dakota,0
2020-02-17,39,Ohio,0
2020-02-17,40,Oklahoma,0
2020-02-17,41,Oregon,0
2020-02-17,42,Pennsylvania,0
2020-02-17,44,Rhode Island,0
2020-02-17,45,South Carolina,0
2020-02-17,46,South Dakota,0
2020-02-17,47,Tennessee,0
2020-02-17,48,Texas,0
2020-02-17,49,Utah,0
2020-02-17,50,Vermont,0
2020-02-17,51,Virginia,0
2020-02-17,53,Washington,0
2020-02-17,54,West Virginia,0
2020-02-17,55,Wisconsin,0
2020-02-17,56,Wyoming,0
2020-02-17,60,American Samoa,0
2020-02-17,66,Guam,0
2020-02-17,69,Northern Mariana Islands,0
2020-02-17,72,Puerto Rico,0
2020-02-17,78,Virgin Islands,0
2020-02-17,,Diamond Princess,0
2020-02-17,,Grand Princess,0
2020-02-18,01,Alabama,0
2020-02-18,02,Alaska,0
2020-02-18,04,Arizona,0
2020-02-18,05,Arkansas,0
2020-02-18,06,California,0
2020-02-18,08,Colorado,0
2020-02-18,09,Connecticut,0
2020-02-18,10,Delaware,0
2020-02-18,11,District of Columbia,0
2020-02-18,12,Florida,0
2020-02-18,13,Georgia,0
2020-02-18,15,Hawaii,0
2020-02-18,16,Idaho,0
2020-02-18,17,Illinois,0
2020-02-18,18,Indiana,0
2020-02-18,19,Iowa,0
2020-02-18,20,Kansas,0
2020-02-18,21,Kentucky,0
2020-02-18,22,Louisiana,0
2020-02-18,23,Maine,0
2020-02-18,24,Maryland,0
2020-02-18,25,Massachusetts,0
2020-02-18,26,Michigan,0
2020-02-18,27,Minnesota,0
2020-02-18,28,Mississippi,0
2020-02-18,29,Missouri,0
2020-02-18,30,Montana,0
2020-02-18,31,Nebraska,0
2020-02-18,32,Nevada,0
2020-02-18,33,New Hampshire,0
2020-02-18,34,New Jersey,0
2020-02-18,35,New Mexico,0
2020-02-18,36,New York,0
2020-02-18,37,North Carolina,0
2020-02-18,38,North Dakota,0
2020-02-18,39,Ohio,0
2020-02-18,40,Oklahoma,0
2020-02-18,41,Oregon,0
2020-02-18,42,Pennsylvania,0
2020-02-18,44,Rhode Island,0
2020-02-18,45,South Carolina,0
2020-02-18,46,South Dakota,0
2020-02-18,47,Tennessee,0
2020-02-18,48,Texas,0
2020-02-18,49,Utah,0
2020-02-18,50,Vermont,0
2020-02-18,51,Virginia,0
2020-02-18,53,Washington,0
2020-02-18,54,West Virginia,0
2020-02-18,55,Wisconsin,0
2020-02-18,56,Wyoming,0
2020-02-18,60,American Samoa,0
2020-02-18,66,Guam,0
2020-02-18,69,Northern Mariana Islands,0
2020-02-18,72,Puerto Rico,0
2020-02-18,78,Virgin Islands,0
2020-02-18,,Diamond Princess,0
2020-02-18,,Grand Princess,0
2020-02-19,01,Alabama,0
2020-02-19,02,Alaska,0
2020-02-19,04,Arizona,0
2020-02-19,05,Arkansas,0
2020-02-19,06,California,0
2020-02-19,08,Colorado,0
2020-02-19,09,Connecticut,0
2020-02-19,10,Delaware,0
2020-02-19,11,District of Columbia,0
2020-02-19,12,Florida,0
2020-02-19,13,Georgia,0
2020-02-19,15,Hawaii,0
2020-02-19,16,Idaho,0
2020-02-19,17,Illinois,0
2020-02-19,18,Indiana,0
2020-02-19,19,Iowa,0
2020-02-19,20,Kansas,0
2020-02-19,21,Kentucky,0
2020-02-19,22,Louisiana,0
2020-02-19,23,Maine,0
2020-02-19,24,Maryland,0
2020-02-19,25,Massachusetts,0
2020-02-19,26,Michigan,0
2020-02-19,27,Minnesota,0
2020-02-19,28,Mississippi,0
2020-02-19,29,Missouri,0
2020-02-19,30,Montana,0
2020-02-19,31,Nebraska,0
2020-02-19,32,Nevada,0
2020-02-19,33,New Hampshire,0
2020-02-19,34,New Jersey,0
2020-02-19,35,New Mexico,0
2020-02-19,36,New York,0
2020-02-19,37,North Carolina,0
2020-02-19,38,North Dakota,0
2020-02-19,39,Ohio,0
2020-02-19,40,Oklahoma,0
2020-02-19,41,Oregon,0
2020-02-19,42,Pennsylvania,0
2020-02-19,44,Rhode Island,0
2020-02-19,45,South Carolina,0
2020-02-19,46,South Dakota,0
2020-02-19,47,Tennessee,0
2020-02-19,48,Texas,0
2020-02-19,49,Utah,0
2020-02-19,50,Vermont,0
2020-02-19,51,Virginia,0
2020-02-19,53,Washington,0
2020-02-19,54,West Virginia,0
2020-02-19,55,Wisconsin,0
2020-02-19,56,Wyoming,0
2020-02-19,60,American Samoa,0
2020-02-19,66,Guam,0
2020-02-19,69,Northern Mariana Islands,0
2020-02-19,72,Puerto Rico,0
2020-02-19,78,Virgin Islands,0
2020-02-19,,Diamond Princess,0
2020-02-19,,Grand Princess,0
2020-02-20,01,Alabama,0
2020-02-20,02,Alaska,0
2020-02-20,04,Arizona,0
2020-02-20,05,Arkansas,0
2020-02-20,06,California,0
2020-02-20,08,Colorado,0
2020-02-20,09,Connecticut,0
2020-02-20,10,Delaware,0
2020-02-20,11,District of Columbia,0
2020-02-20,12,Florida,0
2020-02-20,13,Georgia,0
2020-02-20,15,Hawaii,0
2020-02-20,16,Idaho,0
2020-02-20,17,Illinois,0
2020-02-20,18,Indiana,0
2020-02-20,19,Iowa,0
2020-02-20,20,Kansas,0
2020-02-20,21,Kentucky,0
2020-02-20,22,Louisiana,0
2020-02-20,23,Maine,0
2020-02-20,24,Maryland,0
2020-02-20,25,Massachusetts,0
2020-02-20,26,Michigan,0
2020-02-20,27,Minnesota,0
2020-02-20,28,Mississippi,0
2020-02-20,29,Missouri,0
2020-02-20,30,Montana,0
2020-02-20,31,Nebraska,0
2020-02-20,32,Nevada,0
2020-02-20,33,New Hampshire,0
2020-02-20,34,New Jersey,0
2020-02-20,35,New Mexico,0
2020-02-20,36,New York,0
2020-02-20,37,North Carolina,0
2020-02-20,38,North Dakota,0
2020-02-20,39,Ohio,0
2020-02-20,40,Oklahoma,0
2020-02-20,41,Oregon,0
2020-02-20,42,Pennsylvania,0
2020-02-20,44,Rhode Island,0
2020-02-20,45,South Carolina,0
2020-02-20,46,South Dakota,0
2020-02-20,47,Tennessee,0
2020-02-20,48,Texas,0
2020-02-20,49,Utah,0
2020-02-20,50,Vermont,0
2020-02-20,51,Virginia,0
2020-02-20,53,Washington,0
2020-02-20,54,West Virginia,0
2020-02-20,55,Wisconsin,0
2020-02-20,56,Wyoming,0
2020-02-20,60,American Samoa,0
2020-02-20,66,Guam,0
2020-02-20,69,Northern Mariana Islands,0
2020-02-20,72,Puerto Rico,0
2020-02-20,78,Virgin Islands,0
2020-02-20,,Diamond Princess,0
2020-02-20,,Grand Princess,0
2020-02-21,01,Alabama,0
2020-02-21,02,Alaska,0
2020-02-21,04,Arizona,0
2020-02-21,05,Arkansas,0
2020-02-21,06,California,0
2020-02-21,08,Colorado,0
2020-02-21,09,Connecticut,0
2020-02-21,10,Delaware,0
2020-02-21,11,District of Columbia,0
2020-02-21,12,Florida,0
2020-02-21,13,Georgia,0
2020-02-21,15,Hawaii,0
2020-02-21,16,Idaho,0
2020-02-21,17,Illinois,0
2020-02-21,18,Indiana,0
2020-02-21,19,Iowa,0
2020-02-21,20,Kansas,0
2020-02-21,21,Kentucky,0
2020-02-21,22,Louisiana,0
2020-02-21,23,Maine,0
2020-02-21,24,Maryland,0
2020-02-21,25,Massachusetts,0
2020-02-21,26,Michigan,0
2020-02-21,27,Minnesota,0
2020-02-21,28,Mississippi,0
2020-02-21,29,Missouri,0
2020-02-21,30,Montana,0
2020-02-21,31,Nebraska,0
2020-02-21,32,Nevada,0
2020-02-21,33,New Hampshire,0
2020-02-21,34,New Jersey,0
2020-02-21,35,New Mexico,0
2020-02-21,36,New York,0
2020-02-21,37,North Carolina,0
2020-02-21,38,North Dakota,0
2020-02-21,39,Ohio,0
2020-02-21,40,Oklahoma,0
2020-02-21,41,Oregon,0
2020-02-21,42,Pennsylvania,0
2020-02-21,44,Rhode Island,0
2020-02-21,45,South Carolina,0
2020-02-21,46,South Dakota,0
2020-02-21,47,Tennessee,0
2020-02-21,48,Texas,0
2020-02-21,49,Utah,0
2020-02-21,50,Vermont,0
2020-02-21,51,Virginia,0
2020-02-21,53,Washington,0
2020-02-21,54,West Virginia,0
2020-02-21,55,Wisconsin,0
2020-02-21,56,Wyoming,0
2020-02-21,60,American Samoa,0
2020-02-21,66,Guam,0
2020-02-21,69,Northern Mariana Islands,0
2020-02-21,72,Puerto Rico,0
2020-02-21,78,Virgin Islands,0
2020-02-21,,Diamond Princess,0
2020-02-21,,Grand Princess,0
2020-02-22,01,Alabama,0
2020-02-22,02,Alaska,0
2020-02-22,04,Arizona,0
2020-02-22,05,Arkansas,0
2020-02-22,06,California,0
2020-02-22,08,Colorado,0
2020-02-22,09,Connecticut,0
2020-02-22,10,Delaware,0
2020-02-22,11,District of Columbia,0
2020-02-22,12,Florida,0
2020-02-22,13,Georgia,0
2020-02-22,15,Hawaii,0
2020-02-22,16,Idaho,0
2020-02-22,17,Illinois,0
2020-02-22,18,Indiana,0
2020-02-22,19,Iowa,0
2020-02-22,20,Kansas,0
2020-02-22,21,Kentucky,0
2020-02-22,22,Louisiana,0
2020-02-22,23,Maine,0
2020-02-22,24,Maryland,0
2020-02-22,25,Massachusetts,0
2020-02-22,26,Michigan,0
2020-02-22,27,Minnesota,0
2020-02-22,28,Mississippi,0
2020-02-22,29,Missouri,0
2020-02-22,30,Montana,0
2020-02-22,31,Nebraska,0
2020-02-22,32,Nevada,0
2020-02-22,33,New Hampshire,0
2020-02-22,34,New Jersey,0
2020-02-22,35,New Mexico,0
2020-02-22,36,New York,0
2020-02-22,37,North Carolina,0
2020-02-22,38,North Dakota,0
2020-02-22,39,Ohio,0
2020-02-22,40,Oklahoma,0
2020-02-22,41,Oregon,0
2020-02-22,42,Pennsylvania,0
2020-02-22,44,Rhode Island,0
2020-02-22,45,South Carolina,0
2020-02-22,46,South Dakota,0
2020-02-22,47,Tennessee,0
2020-02-22,48,Texas,0
2020-02-22,49,Utah,0
2020-02-22,50,Vermont,0
2020-02-22,51,Virginia,0
2020-02-22,53,Washington,0
2020-02-22,54,West Virginia,0
2020-02-22,55,Wisconsin,0
2020-02-22,56,Wyoming,0
2020-02-22,60,American Samoa,0
2020-02-22,66,Guam,0
2020-02-22,69,Northern Mariana Islands,0
2020-02-22,72,Puerto Rico,0
2020-02-22,78,Virgin Islands,0
2020-02-22,,Diamond Princess,0
2020-02-22,,Grand Princess,0
2020-02-23,01,Alabama,0
2020-02-23,02,Alaska,0
2020-02-23,04,Arizona,0
2020-02-23,05,Arkansas,0
2020-02-23,06,California,0
2020-02-23,08,Colorado,0
2020-02-23,09,Connecticut,0
2020-02-23,10,Delaware,0
2020-02-23,11,District of Columbia,0
2020-02-23,12,Florida,0
2020-02-23,13,Georgia,0
2020-02-23,15,Hawaii,0
2020-02-23,16,Idaho,0
2020-02-23,17,Illinois,0
2020-02-23,18,Indiana,0
2020-02-23,19,Iowa,0
2020-02-23,20,Kansas,0
2020-02-23,21,Kentucky,0
2020-02-23,22,Louisiana,0
2020-02-23,23,Maine,0
2020-02-23,24,Maryland,0
2020-02-23,25,Massachusetts,0
2020-02-23,26,Michigan,0
2020-02-23,27,Minnesota,0
2020-02-23,28,Mississippi,0
2020-02-23,29,Missouri,0
2020-02-23,30,Montana,0
2020-02-23,31,Nebraska,0
2020-02-23,32,Nevada,0
2020-02-23,33,New Hampshire,0
2020-02-23,34,New Jersey,0
2020-02-23,35,New Mexico,0
2020-02-23,36,New York,0
2020-02-23,37,North Carolina,0
2020-02-23,38,North Dakota,0
2020-02-23,39,Ohio,0
2020-02-23,40,Oklahoma,0
2020-02-23,41,Oregon,0
2020-02-23,42,Pennsylvania,0
2020-02-23,44,Rhode Island,0
2020-02-23,45,South Carolina,0
2020-02-23,46,South Dakota,0
2020-02-23,47,Tennessee,0
2020-02-23,48,Texas,0
2020-02-23,49,Utah,0
2020-02-23,50,Vermont,0
2020-02-23,51,Virginia,0
2020-02-23,53,Washington,0
2020-02-23,54,West Virginia,0
2020-02-23,55,Wisconsin,0
2020-02-23,56,Wyoming,0
2020-02-23,60,American Samoa,0
2020-02-23,66,Guam,0
2020-02-23,69,Northern Mariana Islands,0
2020-02-23,72,Puerto Rico,0
2020-02-23,78,Virgin Islands,0
2020-02-23,,Diamond Princess,0
2020-02-23,,Grand Princess,0
2020-02-24,01,Alabama,0
2020-02-24,02,Alaska,0
2020-02-24,04,Arizona,0
2020-02-24,05,Arkansas,0
2020-02-24,06,California,0
2020-02-24,08,Colorado,0
2020-02-24,09,Connecticut,0
2020-02-24,10,Delaware,0
2020-02-24,11,District of Columbia,0
2020-02-24,12,Florida,0
2020-02-24,13,Georgia,0
2020-02-24,15,Hawaii,0
2020-02-24,16,Idaho,0
2020-02-24,17,Illinois,0
2020-02-24,18,Indiana,0
2020-02-24,19,Iowa,0
2020-02-24,20,Kansas,0
2020-02-24,21,Kentucky,0
2020-02-24,22,Louisiana,0
2020-02-24,23,Maine,0
2020-02-24,24,Maryland,0
2020-02-24,25,Massachusetts,0
2020-02-24,26,Michigan,0
2020-02-24,27,Minnesota,0
2020-02-24,28,Mississippi,0
2020-02-24,29,Missouri,0
2020-02-24,30,Montana,0
2020-02-24,31,Nebraska,0
2020-02-24,32,Nevada,0
2020-02-24,33,New Hampshire,0
2020-02-24,34,New Jersey,0
2020-02-24,35,New Mexico,0
2020-02-24,36,New York,0
2020-02-24,37,North Carolina,0
2020-02-24,38,North Dakota,0
2020-02-24,39,Ohio,0
2020-02-24,40,Oklahoma,0
2020-02-24,41,Oregon,0
2020-02-24,42,Pennsylvania,0
2020-02-24,44,Rhode Island,0
2020-02-24,45,South Carolina,0
2020-02-24,46,South Dakota,0
2020-02-24,47,Tennessee,0
2020-02-24,48,Texas,0
2020-02-24,49,Utah,0
2020-02-24,50,Vermont,0
2020-02-24,51,Virginia,0
2020-02-24,53,Washington,0
2020-02-24,54,West Virginia,0
2020-02-24,55,Wisconsin,0
2020-02-24,56,Wyoming,0
2020-02-24,60,American Samoa,0
2020-02-24,66,Guam,0
2020-02-24,69,Northern Mariana Islands,0
2020-02-24,72,Puerto Rico,0
2020-02-24,78,Virgin Islands,0
2020-02-24,,Diamond Princess,0
2020-02-24,,Grand Princess,0
2020-02-25,01,Alabama,0
2020-02-25,02,Alaska,0
2020-02-25,04,Arizona,0
2020-02-25,05,Arkansas,0
2020-02-25,06,California,0
2020-02-25,08,Colorado,0
2020-02-25,09,Connecticut,0
2020-02-25,10,Delaware,0
2020-02-25,11,District of Columbia,0
2020-02-25,12,Florida,0
2020-02-25,13,Georgia,0
2020-02-25,15,Hawaii,0
2020-02-25,16,Idaho,0
2020-02-25,17,Illinois,0
2020-02-25,18,Indiana,0
2020-02-25,19,Iowa,0
2020-02-25,20,Kansas,0
2020-02-25,21,Kentucky,0
2020-02-25,22,Louisiana,0
2020-02-25,23,Maine,0
2020-02-25,24,Maryland,0
2020-02-25,25,Massachusetts,0
2020-02-25,26,Michigan,0
2020-02-25,27,Minnesota,0
2020-02-25,28,Mississippi,0
2020-02-25,29,Missouri,0
2020-02-25,30,Montana,0
2020-02-25,31,Nebraska,0
2020-02-25,32,Nevada,0
2020-02-25,33,New Hampshire,0
2020-02-25,34,New Jersey,0
2020-02-25,35,New Mexico,0
2020-02-25,36,New York,0
2020-02-25,37,North Carolina,0
2020-02-25,38,North Dakota,0
2020-02-25,39,Ohio,0
2020-02-25,40,Oklahoma,0
2020-02-25,41,Oregon,0
2020-02-25,42,Pennsylvania,0
2020-02-25,44,Rhode Island,0
2020-02-25,45,South Carolina,0
2020-02-25,46,South Dakota,0
2020-02-25,47,Tennessee,0
2020-02-25,48,Texas,0
2020-02-25,49,Utah,0
2020-02-25,50,Vermont,0
2020-02-25,51,Virginia,0
2020-02-25,53,Washington,0
2020-02-25,54,West Virginia,0
2020-02-25,55,Wisconsin,0
2020-02-25,56,Wyoming,0
2020-02-25,60,American Samoa,0
2020-02-25,66,Guam,0
2020-02-25,69,Northern Mariana Islands,0
2020-02-25,72,Puerto Rico,0
2020-02-25,78,Virgin Islands,0
2020-02-25,,Diamond Princess,0
2020-02-25,,Grand Princess,0
2020-02-26,01,Alabama,0
2020-02-26,02,Alaska,0
2020-02-26,04,Arizona,0
2020-02-26,05,Arkansas,0
2020-02-26,06,California,0
2020-02-26,08,Colorado,0
2020-02-26,09,Connecticut,0
2020-02-26,10,Delaware,0
2020-02-26,11,District of Columbia,0
2020-02-26,12,Florida,0
2020-02-26,13,Georgia,0
2020-02-26,15,Hawaii,0
2020-02-26,16,Idaho,0
2020-02-26,17,Illinois,0
2020-02-26,18,Indiana,0
2020-02-26,19,Iowa,0
2020-02-26,20,Kansas,0
2020-02-26,21,Kentucky,0
2020-02-26,22,Louisiana,0
2020-02-26,23,Maine,0
2020-02-26,24,Maryland,0
2020-02-26,25,Massachusetts,0
2020-02-26,26,Michigan,0
2020-02-26,27,Minnesota,0
2020-02-26,28,Mississippi,0
2020-02-26,29,Missouri,0
2020-02-26,30,Montana,0
2020-02-26,31,Nebraska,0
2020-02-26,32,Nevada,0
2020-02-26,33,New Hampshire,0
2020-02-26,34,New Jersey,0
2020-02-26,35,New Mexico,0
2020-02-26,36,New York,0
2020-02-26,37,North Carolina,0
2020-02-26,38,North Dakota,0
2020-02-26,39,Ohio,0
2020-02-26,40,Oklahoma,0
2020-02-26,41,Oregon,0
2020-02-26,42,Pennsylvania,0
2020-02-26,44,Rhode Island,0
2020-02-26,45,South Carolina,0
2020-02-26,46,South Dakota,0
2020-02-26,47,Tennessee,0
2020-02-26,48,Texas,0
2020-02-26,49,Utah,0
2020-02-26,50,Vermont,0
2020-02-26,51,Virginia,0
2020-02-26,53,Washington,0
2020-02-26,54,West Virginia,0
2020-02-26,55,Wisconsin,0
2020-02-26,56,Wyoming,0
2020-02-26,60,American Samoa,0
2020-02-26,66,Guam,0
2020-02-26,69,Northern Mariana Islands,0
2020-02-26,72,Puerto Rico,0
2020-02-26,78,Virgin Islands,0
2020-02-26,,Diamond Princess,0
2020-02-26,,Grand Princess,0
2020-02-27,01,Alabama,0
2020-02-27,02,Alaska,0
2020-02-27,04,Arizona,0
2020-02-27,05,Arkansas,0
2020-02-27,06,California,0
2020-02-27,08,Colorado,0
2020-02-27,09,Connecticut,0
2020-02-27,10,Delaware,0
2020-02-27,11,District of Columbia,0
2020-02-27,12,Florida,0
2020-02-27,13,Georgia,0
2020-02-27,15,Hawaii,0
2020-02-27,16,Idaho,0
2020-02-27,17,Illinois,0
2020-02-27,18,Indiana,0
2020-02-27,19,Iowa,0
2020-02-27,20,Kansas,0
2020-02-27,21,Kentucky,0
2020-02-27,22,Louisiana,0
2020-02-27,23,Maine,0
2020-02-27,24,Maryland,0
2020-02-27,25,Massachusetts,0
2020-02-27,26,Michigan,0
2020-02-27,27,Minnesota,0
2020-02-27,28,Mississippi,0
2020-02-27,29,Missouri,0
2020-02-27,30,Montana,0
2020-02-27,31,Nebraska,0
2020-02-27,32,Nevada,0
2020-02-27,33,New Hampshire,0
2020-02-27,34,New Jersey,0
2020-02-27,35,New Mexico,0
2020-02-27,36,New York,0
2020-02-27,37,North Carolina,0
2020-02-27,38,North Dakota,0
2020-02-27,39,Ohio,0
2020-02-27,40,Oklahoma,0
2020-02-27,41,Oregon,0
2020-02-27,42,Pennsylvania,0
2020-02-27,44,Rhode Island,0
2020-02-27,45,South Carolina,0
2020-02-27,46,South Dakota,0
2020-02-27,47,Tennessee,0
2020-02-27,48,Texas,0
2020-02-27,49,Utah,0
2020-02-27,50,Vermont,0
2020-02-27,51,Virginia,0
2020-02-27,53,Washington,0
2020-02-27,54,West Virginia,0
2020-02-27,55,Wisconsin,0
2020-02-27,56,Wyoming,0
2020-02-27,60,American Samoa,0
2020-02-27,66,Guam,0
2020-02-27,69,Northern Mariana Islands,0
2020-02-27,72,Puerto Rico,0
2020-02-27,78,Virgin Islands,0
2020-02-27,,Diamond Princess,0
2020-02-27,,Grand Princess,0
2020-02-28,01,Alabama,0
2020-02-28,02,Alaska,0
2020-02-28,04,Arizona,0
2020-02-28,05,Arkansas,0
2020-02-28,06,California,0
2020-02-28,08,Colorado,0
2020-02-28,09,Connecticut,0
2020-02-28,10,Delaware,0
2020-02-28,11,District of Columbia,0
2020-02-28,12,Florida,0
2020-02-28,13,Georgia,0
2020-02-28,15,Hawaii,0
2020-02-28,16,Idaho,0
2020-02-28,17,Illinois,0
2020-02-28,18,Indiana,0
2020-02-28,19,Iowa,0
2020-02-28,20,Kansas,0
2020-02-28,21,Kentucky,0
2020-02-28,22,Louisiana,0
2020-02-28,23,Maine,0
2020-02-28,24,Maryland,0
2020-02-28,25,Massachusetts,0
2020-02-28,26,Michigan,0
2020-02-28,27,Minnesota,0
2020-02-28,28,Mississippi,0
2020-02-28,29,Missouri,0
2020-02-28,30,Montana,0
2020-02-28,31,Nebraska,0
2020-02-28,32,Nevada,0
2020-02-28,33,New Hampshire,0
2020-02-28,34,New Jersey,0
2020-02-28,35,New Mexico,0
2020-02-28,36,New York,0
2020-02-28,37,North Carolina,0
2020-02-28,38,North Dakota,0
2020-02-28,39,Ohio,0
2020-02-28,40,Oklahoma,0
2020-02-28,41,Oregon,0
2020-02-28,42,Pennsylvania,0
2020-02-28,44,Rhode Island,0
2020-02-28,45,South Carolina,0
2020-02-28,46,South Dakota,0
2020-02-28,47,Tennessee,0
2020-02-28,48,Texas,0
2020-02-28,49,Utah,0
2020-02-28,50,Vermont,0
2020-02-28,51,Virginia,0
2020-02-28,53,Washington,0
2020-02-28,54,West Virginia,0
2020-02-28,55,Wisconsin,0
2020-02-28,56,Wyoming,0
2020-02-28,60,American Samoa,0
2020-02-28,66,Guam,0
2020-02-28,69,Northern Mariana Islands,0
2020-02-28,72,Puerto Rico,0
2020-02-28,78,Virgin Islands,0
2020-02-28,,Diamond Princess,0
2020-02-28,,Grand Princess,0
2020-02-29,01,Alabama,0
2020-02-29,02,Alaska,0
2020-02-29,04,Arizona,0
2020-02-29,05,Arkansas,0
2020-02-29,06,California,0
2020-02-29,08,Colorado,0
2020-02-29,09,Connecticut,0
2020-02-29,10,Delaware,0
2020-02-29,11,District of Columbia,0
2020-02-29,12,Florida,0
2020-02-29,13,Georgia,0
2020-02-29,15,Hawaii,0
2020-02-29,16,Idaho,0
2020-02-29,17,Illinois,0
2020-02-29,18,Indiana,0
2020-02-29,19,Iowa,0
2020-02-29,20,Kansas,0
2020-02-29,21,Kentucky,0
2020-02-29,22,Louisiana,0
2020-02-29,23,Maine,0
2020-02-29,24,Maryland,0
2020-02-29,25,Massachusetts,0
2020-02-29,26,Michigan,0
2020-02-29,27,Minnesota,0
2020-02-29,28,Mississippi,0
2020-02-29,29,Missouri,0
2020-02-29,30,Montana,0
2020-02-29,31,Nebraska,0
2020-02-29,32,Nevada,0
2020-02-29,33,New Hampshire,0
2020-02-29,34,New Jersey,0
2020-02-29,35,New Mexico,0
2020-02-29,36,New York,0
2020-02-29,37,North Carolina,0
2020-02-29,38,North Dakota,0
2020-02-29,39,Ohio,0
2020-02-29,40,Oklahoma,0
2020-02-29,41,Oregon,0
2020-02-29,42,Pennsylvania,0
2020-02-29,44,Rhode Island,0
2020-02-29,45,South Carolina,0
2020-02-29,46,South Dakota,0
2020-02-29,47,Tennessee,0
2020-02-29,48,Texas,0
2020-02-29,49,Utah,0
2020-02-29,50,Vermont,0
2020-02-29,51,Virginia,0
2020-02-29,53,Washington,1
2020-02-29,54,West Virginia,0
2020-02-29,55,Wisconsin,0
2020-02-29,56,Wyoming,0
2020-02-29,60,American Samoa,0
2020-02-29,66,Guam,0
2020-02-29,69,Northern Mariana Islands,0
2020-02-29,72,Puerto Rico,0
2020-02-29,78,Virgin Islands,0
2020-02-29,,Diamond Princess,0
2020-02-29,,Grand Princess,0
2020-03-01,01,Alabama,0
2020-03-01,02,Alaska,0
2020-03-01,04,Arizona,0
2020-03-01,05,Arkansas,0
2020-03-01,06,California,0
2020-03-01,08,Colorado,0
2020-03-01,09,Connecticut,0
2020-03-01,10,Delaware,0
2020-03-01,11,District of Columbia,0
2020-03-01,12,Florida,0
2020-03-01,13,Georgia,0
2020-03-01,15,Hawaii,0
2020-03-01,16,Idaho,0
2020-03-01,17,Illinois,0
2020-03-01,18,Indiana,0
2020-03-01,19,Iowa,0
2020-03-01,20,Kansas,0
2020-03-01,21,Kentucky,0
2020-03-01,22,Louisiana,0
2020-03-01,23,Maine,0
2020-03-01,24,Maryland,0
2020-03-01,25,Massachusetts,0
2020-03-01,26,Michigan,0
2020-03-01,27,Minnesota,0
2020-03-01,28,Mississippi,0
2020-03-01,29,Missouri,0
2020-03-01,30,Montana,0
2020-03-01,31,Nebraska,0
2020-03-01,32,Nevada,0
2020-03-01,33,New Hampshire,0
2020-03-01,34,New Jersey,0
2020-03-01,35,New Mexico,0
2020-03-01,36,New York,0
2020-03-01,37,North Carolina,0
2020-03-01,38,North Dakota,0
2020-03-01,39,Ohio,0
2020-03-01,40,Oklahoma,0
2020-03-01,41,Oregon,0
2020-03-01,42,Pennsylvania,0
2020-03-01,44,Rhode Island,0
2020-03-01,45,South Carolina,0
2020-03-01,46,South Dakota,0
2020-03-01,47,Tennessee,0
2020-03-01,48,Texas,0
2020-03-01,49,Utah,0
2020-03-01,50,Vermont,0
2020-03-01,51,Virginia,0
2020-03-01,53,Washington,1
2020-03-01,54,West Virginia,0
2020-03-01,55,Wisconsin,0
2020-03-01,56,Wyoming,0
2020-03-01,60,American Samoa,0
2020-03-01,66,Guam,0
2020-03-01,69,Northern Mariana Islands,0
2020-03-01,72,Puerto Rico,0
2020-03-01,78,Virgin Islands,0
2020-03-01,,Diamond Princess,0
2020-03-01,,Grand Princess,0
2020-03-02,01,Alabama,0
2020-03-02,02,Alaska,0
2020-03-02,04,Arizona,0
2020-03-02,05,Arkansas,0
2020-03-02,06,California,0
2020-03-02,08,Colorado,0
2020-03-02,09,Connecticut,0
2020-03-02,10,Delaware,0
2020-03-02,11,District of Columbia,0
2020-03-02,12,Florida,0
2020-03-02,13,Georgia,0
2020-03-02,15,Hawaii,0
2020-03-02,16,Idaho,0
2020-03-02,17,Illinois,0
2020-03-02,18,Indiana,0
2020-03-02,19,Iowa,0
2020-03-02,20,Kansas,0
2020-03-02,21,Kentucky,0
2020-03-02,22,Louisiana,0
2020-03-02,23,Maine,0
2020-03-02,24,Maryland,0
2020-03-02,25,Massachusetts,0
2020-03-02,26,Michigan,0
2020-03-02,27,Minnesota,0
2020-03-02,28,Mississippi,0
2020-03-02,29,Missouri,0
2020-03-02,30,Montana,0
2020-03-02,31,Nebraska,0
2020-03-02,32,Nevada,0
2020-03-02,33,New Hampshire,0
2020-03-02,34,New Jersey,0
2020-03-02,35,New Mexico,0
2020-03-02,36,New York,0
2020-03-02,37,North Carolina,0
2020-03-02,38,North Dakota,0
2020-03-02,39,Ohio,0
2020-03-02,40,Oklahoma,0
2020-03-02,41,Oregon,0
2020-03-02,42,Pennsylvania,0
2020-03-02,44,Rhode Island,0
2020-03-02,45,South Carolina,0
2020-03-02,46,South Dakota,0
2020-03-02,47,Tennessee,0
2020-03-02,48,Texas,0
2020-03-02,49,Utah,0
2020-03-02,50,Vermont,0
2020-03-02,51,Virginia,0
2020-03-02,53,Washington,6
2020-03-02,54,West Virginia,0
2020-03-02,55,Wisconsin,0
2020-03-02,56,Wyoming,0
2020-03-02,60,American Samoa,0
2020-03-02,66,Guam,0
2020-03-02,69,Northern Mariana Islands,0
2020-03-02,72,Puerto Rico,0
2020-03-02,78,Virgin Islands,0
2020-03-02,,Diamond Princess,0
2020-03-02,,Grand Princess,0
2020-03-03,01,Alabama,0
2020-03-03,02,Alaska,0
2020-03-03,04,Arizona,0
2020-03-03,05,Arkansas,0
2020-03-03,06,California,0
2020-03-03,08,Colorado,0
2020-03-03,09,Connecticut,0
2020-03-03,10,Delaware,0
2020-03-03,11,District of Columbia,0
2020-03-03,12,Florida,0
2020-03-03,13,Georgia,0
2020-03-03,15,Hawaii,0
2020-03-03,16,Idaho,0
2020-03-03,17,Illinois,0
2020-03-03,18,Indiana,0
2020-03-03,19,Iowa,0
2020-03-03,20,Kansas,0
2020-03-03,21,Kentucky,0
2020-03-03,22,Louisiana,0
2020-03-03,23,Maine,0
2020-03-03,24,Maryland,0
2020-03-03,25,Massachusetts,0
2020-03-03,26,Michigan,0
2020-03-03,27,Minnesota,0
2020-03-03,28,Mississippi,0
2020-03-03,29,Missouri,0
2020-03-03,30,Montana,0
2020-03-03,31,Nebraska,0
2020-03-03,32,Nevada,0
2020-03-03,33,New Hampshire,0
2020-03-03,34,New Jersey,0
2020-03-03,35,New Mexico,0
2020-03-03,36,New York,0
2020-03-03,37,North Carolina,0
2020-03-03,38,North Dakota,0
2020-03-03,39,Ohio,0
2020-03-03,40,Oklahoma,0
2020-03-03,41,Oregon,0
2020-03-03,42,Pennsylvania,0
2020-03-03,44,Rhode Island,0
2020-03-03,45,South Carolina,0
2020-03-03,46,South Dakota,0
2020-03-03,47,Tennessee,0
2020-03-03,48,Texas,0
2020-03-03,49,Utah,0
2020-03-03,50,Vermont,0
2020-03-03,51,Virginia,0
2020-03-03,53,Washington,7
2020-03-03,54,West Virginia,0
2020-03-03,55,Wisconsin,0
2020-03-03,56,Wyoming,0
2020-03-03,60,American Samoa,0
2020-03-03,66,Guam,0
2020-03-03,69,Northern Mariana Islands,0
2020-03-03,72,Puerto Rico,0
2020-03-03,78,Virgin Islands,0
2020-03-03,,Diamond Princess,0
2020-03-03,,Grand Princess,0
2020-03-04,01,Alabama,0
2020-03-04,02,Alaska,0
2020-03-04,04,Arizona,0
2020-03-04,05,Arkansas,0
2020-03-04,06,California,1
2020-03-04,08,Colorado,0
2020-03-04,09,Connecticut,0
2020-03-04,10,Delaware,0
2020-03-04,11,District of Columbia,0
2020-03-04,12,Florida,0
2020-03-04,13,Georgia,0
2020-03-04,15,Hawaii,0
2020-03-04,16,Idaho,0
2020-03-04,17,Illinois,0
2020-03-04,18,Indiana,0
2020-03-04,19,Iowa,0
2020-03-04,20,Kansas,0
2020-03-04,21,Kentucky,0
2020-03-04,22,Louisiana,0
2020-03-04,23,Maine,0
2020-03-04,24,Maryland,0
2020-03-04,25,Massachusetts,0
2020-03-04,26,Michigan,0
2020-03-04,27,Minnesota,0
2020-03-04,28,Mississippi,0
2020-03-04,29,Missouri,0
2020-03-04,30,Montana,0
2020-03-04,31,Nebraska,0
2020-03-04,32,Nevada,0
2020-03-04,33,New Hampshire,0
2020-03-04,34,New Jersey,0
2020-03-04,35,New Mexico,0
2020-03-04,36,New York,0
2020-03-04,37,North Carolina,0
2020-03-04,38,North Dakota,0
2020-03-04,39,Ohio,0
2020-03-04,40,Oklahoma,0
2020-03-04,41,Oregon,0
2020-03-04,42,Pennsylvania,0
2020-03-04,44,Rhode Island,0
2020-03-04,45,South Carolina,0
2020-03-04,46,South Dakota,0
2020-03-04,47,Tennessee,0
2020-03-04,48,Texas,0
2020-03-04,49,Utah,0
2020-03-04,50,Vermont,0
2020-03-04,51,Virginia,0
2020-03-04,53,Washington,10
2020-03-04,54,West Virginia,0
2020-03-04,55,Wisconsin,0
2020-03-04,56,Wyoming,0
2020-03-04,60,American Samoa,0
2020-03-04,66,Guam,0
2020-03-04,69,Northern Mariana Islands,0
2020-03-04,72,Puerto Rico,0
2020-03-04,78,Virgin Islands,0
2020-03-04,,Diamond Princess,0
2020-03-04,,Grand Princess,0
2020-03-05,01,Alabama,0
2020-03-05,02,Alaska,0
2020-03-05,04,Arizona,0
2020-03-05,05,Arkansas,0
2020-03-05,06,California,1
2020-03-05,08,Colorado,0
2020-03-05,09,Connecticut,0
2020-03-05,10,Delaware,0
2020-03-05,11,District of Columbia,0
2020-03-05,12,Florida,0
2020-03-05,13,Georgia,0
2020-03-05,15,Hawaii,0
2020-03-05,16,Idaho,0
2020-03-05,17,Illinois,0
2020-03-05,18,Indiana,0
2020-03-05,19,Iowa,0
2020-03-05,20,Kansas,0
2020-03-05,21,Kentucky,0
2020-03-05,22,Louisiana,0
2020-03-05,23,Maine,0
2020-03-05,24,Maryland,0
2020-03-05,25,Massachusetts,0
2020-03-05,26,Michigan,0
2020-03-05,27,Minnesota,0
2020-03-05,28,Mississippi,0
2020-03-05,29,Missouri,0
2020-03-05,30,Montana,0
2020-03-05,31,Nebraska,0
2020-03-05,32,Nevada,0
2020-03-05,33,New Hampshire,0
2020-03-05,34,New Jersey,0
2020-03-05,35,New Mexico,0
2020-03-05,36,New York,0
2020-03-05,37,North Carolina,0
2020-03-05,38,North Dakota,0
2020-03-05,39,Ohio,0
2020-03-05,40,Oklahoma,0
2020-03-05,41,Oregon,0
2020-03-05,42,Pennsylvania,0
2020-03-05,44,Rhode Island,0
2020-03-05,45,South Carolina,0
2020-03-05,46,South Dakota,0
2020-03-05,47,Tennessee,0
2020-03-05,48,Texas,0
2020-03-05,49,Utah,0
2020-03-05,50,Vermont,0
2020-03-05,51,Virginia,0
2020-03-05,53,Washington,11
2020-03-05,54,West Virginia,0
2020-03-05,55,Wisconsin,0
2020-03-05,56,Wyoming,0
2020-03-05,60,American Samoa,0
2020-03-05,66,Guam,0
2020-03-05,69,Northern Mariana Islands,0
2020-03-05,72,Puerto Rico,0
2020-03-05,78,Virgin Islands,0
2020-03-05,,Diamond Princess,0
2020-03-05,,Grand Princess,0
2020-03-06,01,Alabama,0
2020-03-06,02,Alaska,0
2020-03-06,04,Arizona,0
2020-03-06,05,Arkansas,0
2020-03-06,06,California,1
2020-03-06,08,Colorado,0
2020-03-06,09,Connecticut,0
2020-03-06,10,Delaware,0
2020-03-06,11,District of Columbia,0
2020-03-06,12,Florida,0
2020-03-06,13,Georgia,0
2020-03-06,15,Hawaii,0
2020-03-06,16,Idaho,0
2020-03-06,17,Illinois,0
2020-03-06,18,Indiana,0
2020-03-06,19,Iowa,0
2020-03-06,20,Kansas,0
2020-03-06,21,Kentucky,0
2020-03-06,22,Louisiana,0
2020-03-06,23,Maine,0
2020-03-06,24,Maryland,0
2020-03-06,25,Massachusetts,0
2020-03-06,26,Michigan,0
2020-03-06,27,Minnesota,0
2020-03-06,28,Mississippi,0
2020-03-06,29,Missouri,0
2020-03-06,30,Montana,0
2020-03-06,31,Nebraska,0
2020-03-06,32,Nevada,0
2020-03-06,33,New Hampshire,0
2020-03-06,34,New Jersey,0
2020-03-06,35,New Mexico,0
2020-03-06,36,New York,0
2020-03-06,37,North Carolina,0
2020-03-06,38,North Dakota,0
2020-03-06,39,Ohio,0
2020-03-06,40,Oklahoma,0
2020-03-06,41,Oregon,0
2020-03-06,42,Pennsylvania,0
2020-03-06,44,Rhode Island,0
2020-03-06,45,South Carolina,0
2020-03-06,46,South Dakota,0
2020-03-06,47,Tennessee,0
2020-03-06,48,Texas,0
2020-03-06,49,Utah,0
2020-03-06,50,Vermont,0
2020-03-06,51,Virginia,0
2020-03-06,53,Washington,13
2020-03-06,54,West Virginia,0
2020-03-06,55,Wisconsin,0
2020-03-06,56,Wyoming,0
2020-03-06,60,American Samoa,0
2020-03-06,66,Guam,0
2020-03-06,69,Northern Mariana Islands,0
2020-03-06,72,Puerto Rico,0
2020-03-06,78,Virgin Islands,0
2020-03-06,,Diamond Princess,0
2020-03-06,,Grand Princess,0
2020-03-07,01,Alabama,0
2020-03-07,02,Alaska,0
2020-03-07,04,Arizona,0
2020-03-07,05,Arkansas,0
2020-03-07,06,California,1
2020-03-07,08,Colorado,0
2020-03-07,09,Connecticut,0
2020-03-07,10,Delaware,0
2020-03-07,11,District of Columbia,0
2020-03-07,12,Florida,0
2020-03-07,13,Georgia,0
2020-03-07,15,Hawaii,0
2020-03-07,16,Idaho,0
2020-03-07,17,Illinois,0
2020-03-07,18,Indiana,0
2020-03-07,19,Iowa,0
2020-03-07,20,Kansas,0
2020-03-07,21,Kentucky,0
2020-03-07,22,Louisiana,0
2020-03-07,23,Maine,0
2020-03-07,24,Maryland,0
2020-03-07,25,Massachusetts,0
2020-03-07,26,Michigan,0
2020-03-07,27,Minnesota,0
2020-03-07,28,Mississippi,0
2020-03-07,29,Missouri,0
2020-03-07,30,Montana,0
2020-03-07,31,Nebraska,0
2020-03-07,32,Nevada,0
2020-03-07,33,New Hampshire,0
2020-03-07,34,New Jersey,0
2020-03-07,35,New Mexico,0
2020-03-07,36,New York,0
2020-03-07,37,North Carolina,0
2020-03-07,38,North Dakota,0
2020-03-07,39,Ohio,0
2020-03-07,40,Oklahoma,0
2020-03-07,41,Oregon,0
2020-03-07,42,Pennsylvania,0
2020-03-07,44,Rhode Island,0
2020-03-07,45,South Carolina,0
2020-03-07,46,South Dakota,0
2020-03-07,47,Tennessee,0
2020-03-07,48,Texas,0
2020-03-07,49,Utah,0
2020-03-07,50,Vermont,0
2020-03-07,51,Virginia,0
2020-03-07,53,Washington,16
2020-03-07,54,West Virginia,0
2020-03-07,55,Wisconsin,0
2020-03-07,56,Wyoming,0
2020-03-07,60,American Samoa,0
2020-03-07,66,Guam,0
2020-03-07,69,Northern Mariana Islands,0
2020-03-07,72,Puerto Rico,0
2020-03-07,78,Virgin Islands,0
2020-03-07,,Diamond Princess,0
2020-03-07,,Grand Princess,0
2020-03-08,01,Alabama,0
2020-03-08,02,Alaska,0
2020-03-08,04,Arizona,0
2020-03-08,05,Arkansas,0
2020-03-08,06,California,1
2020-03-08,08,Colorado,0
2020-03-08,09,Connecticut,0
2020-03-08,10,Delaware,0
2020-03-08,11,District of Columbia,0
2020-03-08,12,Florida,2
2020-03-08,13,Georgia,0
2020-03-08,15,Hawaii,0
2020-03-08,16,Idaho,0
2020-03-08,17,Illinois,0
2020-03-08,18,Indiana,0
2020-03-08,19,Iowa,0
2020-03-08,20,Kansas,0
2020-03-08,21,Kentucky,0
2020-03-08,22,Louisiana,0
2020-03-08,23,Maine,0
2020-03-08,24,Maryland,0
2020-03-08,25,Massachusetts,0
2020-03-08,26,Michigan,0
2020-03-08,27,Minnesota,0
2020-03-08,28,Mississippi,0
2020-03-08,29,Missouri,0
2020-03-08,30,Montana,0
2020-03-08,31,Nebraska,0
2020-03-08,32,Nevada,0
2020-03-08,33,New Hampshire,0
2020-03-08,34,New Jersey,0
2020-03-08,35,New Mexico,0
2020-03-08,36,New York,0
2020-03-08,37,North Carolina,0
2020-03-08,38,North Dakota,0
2020-03-08,39,Ohio,0
2020-03-08,40,Oklahoma,0
2020-03-08,41,Oregon,0
2020-03-08,42,Pennsylvania,0
2020-03-08,44,Rhode Island,0
2020-03-08,45,South Carolina,0
2020-03-08,46,South Dakota,0
2020-03-08,47,Tennessee,0
2020-03-08,48,Texas,0
2020-03-08,49,Utah,0
2020-03-08,50,Vermont,0
2020-03-08,51,Virginia,0
2020-03-08,53,Washington,18
2020-03-08,54,West Virginia,0
2020-03-08,55,Wisconsin,0
2020-03-08,56,Wyoming,0
2020-03-08,60,American Samoa,0
2020-03-08,66,Guam,0
2020-03-08,69,Northern Mariana Islands,0
2020-03-08,72,Puerto Rico,0
2020-03-08,78,Virgin Islands,0
2020-03-08,,Diamond Princess,0
2020-03-08,,Grand Princess,0
2020-03-09,01,Alabama,0
2020-03-09,02,Alaska,0
2020-03-09,04,Arizona,0
2020-03-09,05,Arkansas,0
2020-03-09,06,California,1
2020-03-09,08,Colorado,0
2020-03-09,09,Connecticut,0
2020-03-09,10,Delaware,0
2020-03-09,11,District of Columbia,0
2020-03-09,12,Florida,2
2020-03-09,13,Georgia,0
2020-03-09,15,Hawaii,0
2020-03-09,16,Idaho,0
2020-03-09,17,Illinois,0
2020-03-09,18,Indiana,0
2020-03-09,19,Iowa,0
2020-03-09,20,Kansas,0
2020-03-09,21,Kentucky,0
2020-03-09,22,Louisiana,0
2020-03-09,23,Maine,0
2020-03-09,24,Maryland,0
2020-03-09,25,Massachusetts,0
2020-03-09,26,Michigan,0
2020-03-09,27,Minnesota,0
2020-03-09,28,Mississippi,0
2020-03-09,29,Missouri,0
2020-03-09,30,Montana,0
2020-03-09,31,Nebraska,0
2020-03-09,32,Nevada,0
2020-03-09,33,New Hampshire,0
2020-03-09,34,New Jersey,0
2020-03-09,35,New Mexico,0
2020-03-09,36,New York,0
2020-03-09,37,North Carolina,0
2020-03-09,38,North Dakota,0
2020-03-09,39,Ohio,0
2020-03-09,40,Oklahoma,0
2020-03-09,41,Oregon,0
2020-03-09,42,Pennsylvania,0
2020-03-09,44,Rhode Island,0
2020-03-09,45,South Carolina,0
2020-03-09,46,South Dakota,0
2020-03-09,47,Tennessee,0
2020-03-09,48,Texas,0
2020-03-09,49,Utah,0
2020-03-09,50,Vermont,0
2020-03-09,51,Virginia,0
2020-03-09,53,Washington,19
2020-03-09,54,West Virginia,0
2020-03-09,55,Wisconsin,0
2020-03-09,56,Wyoming,0
2020-03-09,60,American Samoa,0
2020-03-09,66,Guam,0
2020-03-09,69,Northern Mariana Islands,0
2020-03-09,72,Puerto Rico,0
2020-03-09,78,Virgin Islands,0
2020-03-09,,Diamond Princess,0
2020-03-09,,Grand Princess,0
2020-03-10,01,Alabama,0
2020-03-10,02,Alaska,0
2020-03-10,04,Arizona,0
2020-03-10,05,Arkansas,0
2020-03-10,06,California,2
2020-03-10,08,Colorado,0
2020-03-10,09,Connecticut,0
2020-03-10,10,Delaware,0
2020-03-10,11,District of Columbia,0
2020-03-10,12,Florida,2
2020-03-10,13,Georgia,0
2020-03-10,15,Hawaii,0
2020-03-10,16,Idaho,0
2020-03-10,17,Illinois,0
2020-03-10,18,Indiana,0
2020-03-10,19,Iowa,0
2020-03-10,20,Kansas,0
2020-03-10,21,Kentucky,0
2020-03-10,22,Louisiana,0
2020-03-10,23,Maine,0
2020-03-10,24,Maryland,0
2020-03-10,25,Massachusetts,0
2020-03-10,26,Michigan,0
2020-03-10,27,Minnesota,0
2020-03-10,28,Mississippi,0
2020-03-10,29,Missouri,0
2020-03-10,30,Montana,0
2020-03-10,31,Nebraska,0
2020-03-10,32,Nevada,0
2020-03-10,33,New Hampshire,0
2020-03-10,34,New Jersey,1
2020-03-10,35,New Mexico,0
2020-03-10,36,New York,0
2020-03-10,37,North Carolina,0
2020-03-10,38,North Dakota,0
2020-03-10,39,Ohio,0
2020-03-10,40,Oklahoma,0
2020-03-10,41,Oregon,0
2020-03-10,42,Pennsylvania,0
2020-03-10,44,Rhode Island,0
2020-03-10,45,South Carolina,0
2020-03-10,46,South Dakota,0
2020-03-10,47,Tennessee,0
2020-03-10,48,Texas,0
2020-03-10,49,Utah,0
2020-03-10,50,Vermont,0
2020-03-10,51,Virginia,0
2020-03-10,53,Washington,23
2020-03-10,54,West Virginia,0
2020-03-10,55,Wisconsin,0
2020-03-10,56,Wyoming,0
2020-03-10,60,American Samoa,0
2020-03-10,66,Guam,0
2020-03-10,69,Northern Mariana Islands,0
2020-03-10,72,Puerto Rico,0
2020-03-10,78,Virgin Islands,0
2020-03-10,,Diamond Princess,0
2020-03-10,,Grand Princess,0
2020-03-11,01,Alabama,0
2020-03-11,02,Alaska,0
2020-03-11,04,Arizona,0
2020-03-11,05,Arkansas,0
2020-03-11,06,California,4
2020-03-11,08,Colorado,0
2020-03-11,09,Connecticut,0
2020-03-11,10,Delaware,0
2020-03-11,11,District of Columbia,0
2020-03-11,12,Florida,2
2020-03-11,13,Georgia,0
2020-03-11,15,Hawaii,0
2020-03-11,16,Idaho,0
2020-03-11,17,Illinois,0
2020-03-11,18,Indiana,0
2020-03-11,19,Iowa,0
2020-03-11,20,Kansas,0
2020-03-11,21,Kentucky,0
2020-03-11,22,Louisiana,0
2020-03-11,23,Maine,0
2020-03-11,24,Maryland,0
2020-03-11,25,Massachusetts,0
2020-03-11,26,Michigan,0
2020-03-11,27,Minnesota,0
2020-03-11,28,Mississippi,0
2020-03-11,29,Missouri,0
2020-03-11,30,Montana,0
2020-03-11,31,Nebraska,0
2020-03-11,32,Nevada,0
2020-03-11,33,New Hampshire,0
2020-03-11,34,New Jersey,1
2020-03-11,35,New Mexico,0
2020-03-11,36,New York,1
2020-03-11,37,North Carolina,0
2020-03-11,38,North Dakota,0
2020-03-11,39,Ohio,0
2020-03-11,40,Oklahoma,0
2020-03-11,41,Oregon,0
2020-03-11,42,Pennsylvania,0
2020-03-11,44,Rhode Island,0
2020-03-11,45,South Carolina,0
2020-03-11,46,South Dakota,1
2020-03-11,47,Tennessee,0
2020-03-11,48,Texas,0
2020-03-11,49,Utah,0
2020-03-11,50,Vermont,0
2020-03-11,51,Virginia,0
2020-03-11,53,Washington,24
2020-03-11,54,West Virginia,0
2020-03-11,55,Wisconsin,0
2020-03-11,56,Wyoming,0
2020-03-11,60,American Samoa,0
2020-03-11,66,Guam,0
2020-03-11,69,Northern Mariana Islands,0
2020-03-11,72,Puerto Rico,0
2020-03-11,78,Virgin Islands,0
2020-03-11,,Diamond Princess,0
2020-03-11,,Grand Princess,0
2020-03-12,01,Alabama,0
2020-03-12,02,Alaska,0
2020-03-12,04,Arizona,0
2020-03-12,05,Arkansas,0
2020-03-12,06,California,4
2020-03-12,08,Colorado,1
2020-03-12,09,Connecticut,0
2020-03-12,10,Delaware,0
2020-03-12,11,District of Columbia,0
2020-03-12,12,Florida,2
2020-03-12,13,Georgia,1
2020-03-12,15,Hawaii,0
2020-03-12,16,Idaho,0
2020-03-12,17,Illinois,0
2020-03-12,18,Indiana,0
2020-03-12,19,Iowa,0
2020-03-12,20,Kansas,0
2020-03-12,21,Kentucky,0
2020-03-12,22,Louisiana,0
2020-03-12,23,Maine,0
2020-03-12,24,Maryland,0
2020-03-12,25,Massachusetts,0
2020-03-12,26,Michigan,1
2020-03-12,27,Minnesota,0
2020-03-12,28,Mississippi,0
2020-03-12,29,Missouri,0
2020-03-12,30,Montana,0
2020-03-12,31,Nebraska,0
2020-03-12,32,Nevada,0
2020-03-12,33,New Hampshire,0
2020-03-12,34,New Jersey,1
2020-03-12,35,New Mexico,0
2020-03-12,36,New York,1
2020-03-12,37,North Carolina,0
2020-03-12,38,North Dakota,0
2020-03-12,39,Ohio,0
2020-03-12,40,Oklahoma,0
2020-03-12,41,Oregon,0
2020-03-12,42,Pennsylvania,0
2020-03-12,44,Rhode Island,0
2020-03-12,45,South Carolina,0
2020-03-12,46,South Dakota,1
2020-03-12,47,Tennessee,0
2020-03-12,48,Texas,0
2020-03-12,49,Utah,0
2020-03-12,50,Vermont,0
2020-03-12,51,Virginia,0
2020-03-12,53,Washington,31
2020-03-12,54,West Virginia,0
2020-03-12,55,Wisconsin,0
2020-03-12,56,Wyoming,0
2020-03-12,60,American Samoa,0
2020-03-12,66,Guam,0
2020-03-12,69,Northern Mariana Islands,0
2020-03-12,72,Puerto Rico,0
2020-03-12,78,Virgin Islands,0
2020-03-12,,Diamond Princess,0
2020-03-12,,Grand Princess,0
2020-03-13,01,Alabama,0
2020-03-13,02,Alaska,0
2020-03-13,04,Arizona,0
2020-03-13,05,Arkansas,0
2020-03-13,06,California,4
2020-03-13,08,Colorado,2
2020-03-13,09,Connecticut,0
2020-03-13,10,Delaware,0
2020-03-13,11,District of Columbia,0
2020-03-13,12,Florida,2
2020-03-13,13,Georgia,1
2020-03-13,15,Hawaii,0
2020-03-13,16,Idaho,0
2020-03-13,17,Illinois,0
2020-03-13,18,Indiana,0
2020-03-13,19,Iowa,0
2020-03-13,20,Kansas,1
2020-03-13,21,Kentucky,0
2020-03-13,22,Louisiana,0
2020-03-13,23,Maine,0
2020-03-13,24,Maryland,0
2020-03-13,25,Massachusetts,0
2020-03-13,26,Michigan,1
2020-03-13,27,Minnesota,0
2020-03-13,28,Mississippi,0
2020-03-13,29,Missouri,0
2020-03-13,30,Montana,0
2020-03-13,31,Nebraska,0
2020-03-13,32,Nevada,0
2020-03-13,33,New Hampshire,0
2020-03-13,34,New Jersey,1
2020-03-13,35,New Mexico,0
2020-03-13,36,New York,1
2020-03-13,37,North Carolina,0
2020-03-13,38,North Dakota,0
2020-03-13,39,Ohio,0
2020-03-13,40,Oklahoma,0
2020-03-13,41,Oregon,0
2020-03-13,42,Pennsylvania,0
2020-03-13,44,Rhode Island,0
2020-03-13,45,South Carolina,0
2020-03-13,46,South Dakota,1
2020-03-13,47,Tennessee,0
2020-03-13,48,Texas,0
2020-03-13,49,Utah,0
2020-03-13,50,Vermont,0
2020-03-13,51,Virginia,0
2020-03-13,53,Washington,37
2020-03-13,54,West Virginia,0
2020-03-13,55,Wisconsin,0
2020-03-13,56,Wyoming,0
2020-03-13,60,American Samoa,0
2020-03-13,66,Guam,0
2020-03-13,69,Northern Mariana Islands,0
2020-03-13,72,Puerto Rico,0
2020-03-13,78,Virgin Islands,0
2020-03-13,,Diamond Princess,0
2020-03-13,,Grand Princess,0
2020-03-14,01,Alabama,0
2020-03-14,02,Alaska,0
2020-03-14,04,Arizona,0
2020-03-14,05,Arkansas,0
2020-03-14,06,California,3
2020-03-14,08,Colorado,2
2020-03-14,09,Connecticut,0
2020-03-14,10,Delaware,0
2020-03-14,11,District of Columbia,0
2020-03-14,12,Florida,2
2020-03-14,13,Georgia,1
2020-03-14,15,Hawaii,0
2020-03-14,16,Idaho,0
2020-03-14,17,Illinois,0
2020-03-14,18,Indiana,0
2020-03-14,19,Iowa,0
2020-03-14,20,Kansas,1
2020-03-14,21,Kentucky,0
2020-03-14,22,Louisiana,1
2020-03-14,23,Maine,0
2020-03-14,24,Maryland,0
2020-03-14,25,Massachusetts,0
2020-03-14,26,Michigan,1
2020-03-14,27,Minnesota,0
2020-03-14,28,Mississippi,0
2020-03-14,29,Missouri,0
2020-03-14,30,Montana,0
2020-03-14,31,Nebraska,0
2020-03-14,32,Nevada,0
2020-03-14,33,New Hampshire,0
2020-03-14,34,New Jersey,1
2020-03-14,35,New Mexico,0
2020-03-14,36,New York,5
2020-03-14,37,North Carolina,0
2020-03-14,38,North Dakota,0
2020-03-14,39,Ohio,0
2020-03-14,40,Oklahoma,0
2020-03-14,41,Oregon,0
2020-03-14,42,Pennsylvania,0
2020-03-14,44,Rhode Island,0
2020-03-14,45,South Carolina,0
2020-03-14,46,South Dakota,1
2020-03-14,47,Tennessee,0
2020-03-14,48,Texas,0
2020-03-14,49,Utah,0
2020-03-14,50,Vermont,0
2020-03-14,51,Virginia,1
2020-03-14,53,Washington,39
2020-03-14,54,West Virginia,0
2020-03-14,55,Wisconsin,0
2020-03-14,56,Wyoming,0
2020-03-14,60,American Samoa,0
2020-03-14,66,Guam,0
2020-03-14,69,Northern Mariana Islands,0
2020-03-14,72,Puerto Rico,0
2020-03-14,78,Virgin Islands,0
2020-03-14,,Diamond Princess,0
2020-03-14,,Grand Princess,0
2020-03-15,01,Alabama,0
2020-03-15,02,Alaska,0
2020-03-15,04,Arizona,0
2020-03-15,05,Arkansas,0
2020-03-15,06,California,5
2020-03-15,08,Colorado,2
2020-03-15,09,Connecticut,0
2020-03-15,10,Delaware,0
2020-03-15,11,District of Columbia,0
2020-03-15,12,Florida,3
2020-03-15,13,Georgia,1
2020-03-15,15,Hawaii,0
2020-03-15,16,Idaho,0
2020-03-15,17,Illinois,0
2020-03-15,18,Indiana,0
2020-03-15,19,Iowa,0
2020-03-15,20,Kansas,1
2020-03-15,21,Kentucky,0
2020-03-15,22,Louisiana,2
2020-03-15,23,Maine,0
2020-03-15,24,Maryland,0
2020-03-15,25,Massachusetts,0
2020-03-15,26,Michigan,1
2020-03-15,27,Minnesota,0
2020-03-15,28,Mississippi,0
2020-03-15,29,Missouri,0
2020-03-15,30,Montana,0
2020-03-15,31,Nebraska,0
2020-03-15,32,Nevada,0
2020-03-15,33,New Hampshire,0
2020-03-15,34,New Jersey,2
2020-03-15,35,New Mexico,0
2020-03-15,36,New York,10
2020-03-15,37,North Carolina,0
2020-03-15,38,North Dakota,0
2020-03-15,39,Ohio,0
2020-03-15,40,Oklahoma,0
2020-03-15,41,Oregon,1
2020-03-15,42,Pennsylvania,0
2020-03-15,44,Rhode Island,0
2020-03-15,45,South Carolina,0
2020-03-15,46,South Dakota,1
2020-03-15,47,Tennessee,0
2020-03-15,48,Texas,0
2020-03-15,49,Utah,0
2020-03-15,50,Vermont,0
2020-03-15,51,Virginia,1
2020-03-15,53,Washington,40
2020-03-15,54,West Virginia,0
2020-03-15,55,Wisconsin,0
2020-03-15,56,Wyoming,0
2020-03-15,60,American Samoa,0
2020-03-15,66,Guam,0
2020-03-15,69,Northern Mariana Islands,0
2020-03-15,72,Puerto Rico,0
2020-03-15,78,Virgin Islands,0
2020-03-15,,Diamond Princess,0
2020-03-15,,Grand Princess,0
2020-03-16,01,Alabama,0
2020-03-16,02,Alaska,0
2020-03-16,04,Arizona,0
2020-03-16,05,Arkansas,0
2020-03-16,06,California,7
2020-03-16,08,Colorado,2
2020-03-16,09,Connecticut,0
2020-03-16,10,Delaware,0
2020-03-16,11,District of Columbia,0
2020-03-16,12,Florida,3
2020-03-16,13,Georgia,1
2020-03-16,15,Hawaii,0
2020-03-16,16,Idaho,0
2020-03-16,17,Illinois,0
2020-03-16,18,Indiana,1
2020-03-16,19,Iowa,0
2020-03-16,20,Kansas,1
2020-03-16,21,Kentucky,1
2020-03-16,22,Louisiana,3
2020-03-16,23,Maine,0
2020-03-16,24,Maryland,0
2020-03-16,25,Massachusetts,0
2020-03-16,26,Michigan,1
2020-03-16,27,Minnesota,0
2020-03-16,28,Mississippi,0
2020-03-16,29,Missouri,0
2020-03-16,30,Montana,0
2020-03-16,31,Nebraska,0
2020-03-16,32,Nevada,1
2020-03-16,33,New Hampshire,0
2020-03-16,34,New Jersey,2
2020-03-16,35,New Mexico,0
2020-03-16,36,New York,21
2020-03-16,37,North Carolina,0
2020-03-16,38,North Dakota,0
2020-03-16,39,Ohio,0
2020-03-16,40,Oklahoma,0
2020-03-16,41,Oregon,1
2020-03-16,42,Pennsylvania,0
2020-03-16,44,Rhode Island,0
2020-03-16,45,South Carolina,1
2020-03-16,46,South Dakota,1
2020-03-16,47,Tennessee,0
2020-03-16,48,Texas,0
2020-03-16,49,Utah,0
2020-03-16,50,Vermont,0
2020-03-16,51,Virginia,2
2020-03-16,53,Washington,48
2020-03-16,54,West Virginia,0
2020-03-16,55,Wisconsin,0
2020-03-16,56,Wyoming,0
2020-03-16,60,American Samoa,0
2020-03-16,66,Guam,0
2020-03-16,69,Northern Mariana Islands,0
2020-03-16,72,Puerto Rico,0
2020-03-16,78,Virgin Islands,0
2020-03-16,,Diamond Princess,0
2020-03-16,,Grand Princess,0
2020-03-17,01,Alabama,0
2020-03-17,02,Alaska,0
2020-03-17,04,Arizona,0
2020-03-17,05,Arkansas,0
2020-03-17,06,California,12
2020-03-17,08,Colorado,3
2020-03-17,09,Connecticut,0
2020-03-17,10,Delaware,0
2020-03-17,11,District of Columbia,0
2020-03-17,12,Florida,5
2020-03-17,13,Georgia,1
2020-03-17,15,Hawaii,0
2020-03-17,16,Idaho,0
2020-03-17,17,Illinois,1
2020-03-17,18,Indiana,2
2020-03-17,19,Iowa,0
2020-03-17,20,Kansas,1
2020-03-17,21,Kentucky,1
2020-03-17,22,Louisiana,4
2020-03-17,23,Maine,0
2020-03-17,24,Maryland,0
2020-03-17,25,Massachusetts,0
2020-03-17,26,Michigan,1
2020-03-17,27,Minnesota,0
2020-03-17,28,Mississippi,0
2020-03-17,29,Missouri,0
2020-03-17,30,Montana,0
2020-03-17,31,Nebraska,0
2020-03-17,32,Nevada,1
2020-03-17,33,New Hampshire,0
2020-03-17,34,New Jersey,4
2020-03-17,35,New Mexico,0
2020-03-17,36,New York,35
2020-03-17,37,North Carolina,0
2020-03-17,38,North Dakota,0
2020-03-17,39,Ohio,0
2020-03-17,40,Oklahoma,0
2020-03-17,41,Oregon,1
2020-03-17,42,Pennsylvania,0
2020-03-17,44,Rhode Island,0
2020-03-17,45,South Carolina,1
2020-03-17,46,South Dakota,1
2020-03-17,47,Tennessee,0
2020-03-17,48,Texas,1
2020-03-17,49,Utah,0
2020-03-17,50,Vermont,0
2020-03-17,51,Virginia,2
2020-03-17,53,Washington,55
2020-03-17,54,West Virginia,0
2020-03-17,55,Wisconsin,0
2020-03-17,56,Wyoming,0
2020-03-17,60,American Samoa,0
2020-03-17,66,Guam,0
2020-03-17,69,Northern Mariana Islands,0
2020-03-17,72,Puerto Rico,0
2020-03-17,78,Virgin Islands,0
2020-03-17,,Diamond Princess,0
2020-03-17,,Grand Princess,0
2020-03-18,01,Alabama,0
2020-03-18,02,Alaska,0
2020-03-18,04,Arizona,0
2020-03-18,05,Arkansas,0
2020-03-18,06,California,16
2020-03-18,08,Colorado,3
2020-03-18,09,Connecticut,1
2020-03-18,10,Delaware,0
2020-03-18,11,District of Columbia,0
2020-03-18,12,Florida,7
2020-03-18,13,Georgia,3
2020-03-18,15,Hawaii,0
2020-03-18,16,Idaho,0
2020-03-18,17,Illinois,1
2020-03-18,18,Indiana,2
2020-03-18,19,Iowa,0
2020-03-18,20,Kansas,1
2020-03-18,21,Kentucky,1
2020-03-18,22,Louisiana,6
2020-03-18,23,Maine,0
2020-03-18,24,Maryland,0
2020-03-18,25,Massachusetts,0
2020-03-18,26,Michigan,2
2020-03-18,27,Minnesota,0
2020-03-18,28,Mississippi,0
2020-03-18,29,Missouri,1
2020-03-18,30,Montana,0
2020-03-18,31,Nebraska,0
2020-03-18,32,Nevada,1
2020-03-18,33,New Hampshire,0
2020-03-18,34,New Jersey,7
2020-03-18,35,New Mexico,0
2020-03-18,36,New York,60
2020-03-18,37,North Carolina,0
2020-03-18,38,North Dakota,0
2020-03-18,39,Ohio,0
2020-03-18,40,Oklahoma,0
2020-03-18,41,Oregon,3
2020-03-18,42,Pennsylvania,1
2020-03-18,44,Rhode Island,0
2020-03-18,45,South Carolina,1
2020-03-18,46,South Dakota,1
2020-03-18,47,Tennessee,0
2020-03-18,48,Texas,4
2020-03-18,49,Utah,0
2020-03-18,50,Vermont,0
2020-03-18,51,Virginia,2
2020-03-18,53,Washington,67
2020-03-18,54,West Virginia,0
2020-03-18,55,Wisconsin,0
2020-03-18,56,Wyoming,0
2020-03-18,60,American Samoa,0
2020-03-18,66,Guam,0
2020-03-18,69,Northern Mariana Islands,0
2020-03-18,72,Puerto Rico,0
2020-03-18,78,Virgin Islands,0
2020-03-18,,Diamond Princess,0
2020-03-18,,Grand Princess,0
2020-03-19,01,Alabama,0
2020-03-19,02,Alaska,0
2020-03-19,04,Arizona,0
2020-03-19,05,Arkansas,0
2020-03-19,06,California,18
2020-03-19,08,Colorado,5
2020-03-19,09,Connecticut,3
2020-03-19,10,Delaware,0
2020-03-19,11,District of Columbia,0
2020-03-19,12,Florida,9
2020-03-19,13,Georgia,10
2020-03-19,15,Hawaii,0
2020-03-19,16,Idaho,0
2020-03-19,17,Illinois,4
2020-03-19,18,Indiana,2
2020-03-19,19,Iowa,0
2020-03-19,20,Kansas,1
2020-03-19,21,Kentucky,2
2020-03-19,22,Louisiana,10
2020-03-19,23,Maine,0
2020-03-19,24,Maryland,1
2020-03-19,25,Massachusetts,0
2020-03-19,26,Michigan,2
2020-03-19,27,Minnesota,0
2020-03-19,28,Mississippi,1
2020-03-19,29,Missouri,1
2020-03-19,30,Montana,0
2020-03-19,31,Nebraska,0
2020-03-19,32,Nevada,1
2020-03-19,33,New Hampshire,0
2020-03-19,34,New Jersey,13
2020-03-19,35,New Mexico,0
2020-03-19,36,New York,88
2020-03-19,37,North Carolina,0
2020-03-19,38,North Dakota,0
2020-03-19,39,Ohio,0
2020-03-19,40,Oklahoma,1
2020-03-19,41,Oregon,3
2020-03-19,42,Pennsylvania,1
2020-03-19,44,Rhode Island,0
2020-03-19,45,South Carolina,1
2020-03-19,46,South Dakota,1
2020-03-19,47,Tennessee,0
2020-03-19,48,Texas,5
2020-03-19,49,Utah,0
2020-03-19,50,Vermont,2
2020-03-19,51,Virginia,2
2020-03-19,53,Washington,73
2020-03-19,54,West Virginia,0
2020-03-19,55,Wisconsin,4
2020-03-19,56,Wyoming,0
2020-03-19,60,American Samoa,0
2020-03-19,66,Guam,0
2020-03-19,69,Northern Mariana Islands,0
2020-03-19,72,Puerto Rico,0
2020-03-19,78,Virgin Islands,0
2020-03-19,,Diamond Princess,0
2020-03-19,,Grand Princess,1
2020-03-20,01,Alabama,0
2020-03-20,02,Alaska,0
2020-03-20,04,Arizona,0
2020-03-20,05,Arkansas,0
2020-03-20,06,California,24
2020-03-20,08,Colorado,5
2020-03-20,09,Connecticut,4
2020-03-20,10,Delaware,0
2020-03-20,11,District of Columbia,1
2020-03-20,12,Florida,11
2020-03-20,13,Georgia,14
2020-03-20,15,Hawaii,0
2020-03-20,16,Idaho,0
2020-03-20,17,Illinois,5
2020-03-20,18,Indiana,3
2020-03-20,19,Iowa,0
2020-03-20,20,Kansas,1
2020-03-20,21,Kentucky,2
2020-03-20,22,Louisiana,14
2020-03-20,23,Maine,0
2020-03-20,24,Maryland,2
2020-03-20,25,Massachusetts,1
2020-03-20,26,Michigan,3
2020-03-20,27,Minnesota,0
2020-03-20,28,Mississippi,1
2020-03-20,29,Missouri,3
2020-03-20,30,Montana,0
2020-03-20,31,Nebraska,0
2020-03-20,32,Nevada,2
2020-03-20,33,New Hampshire,0
2020-03-20,34,New Jersey,16
2020-03-20,35,New Mexico,0
2020-03-20,36,New York,143
2020-03-20,37,North Carolina,0
2020-03-20,38,North Dakota,0
2020-03-20,39,Ohio,3
2020-03-20,40,Oklahoma,1
2020-03-20,41,Oregon,3
2020-03-20,42,Pennsylvania,1
2020-03-20,44,Rhode Island,0
2020-03-20,45,South Carolina,3
2020-03-20,46,South Dakota,1
2020-03-20,47,Tennessee,1
2020-03-20,48,Texas,5
2020-03-20,49,Utah,0
2020-03-20,50,Vermont,2
2020-03-20,51,Virginia,2
2020-03-20,53,Washington,83
2020-03-20,54,West Virginia,0
2020-03-20,55,Wisconsin,3
2020-03-20,56,Wyoming,0
2020-03-20,60,American Samoa,0
2020-03-20,66,Guam,0
2020-03-20,69,Northern Mariana Islands,0
2020-03-20,72,Puerto Rico,0
2020-03-20,78,Virgin Islands,0
2020-03-20,,Diamond Princess,0
2020-03-20,,Grand Princess,1
2020-03-21,01,Alabama,0
2020-03-21,02,Alaska,0
2020-03-21,04,Arizona,1
2020-03-21,05,Arkansas,0
2020-03-21,06,California,25
2020-03-21,08,Colorado,6
2020-03-21,09,Connecticut,4
2020-03-21,10,Delaware,0
2020-03-21,11,District of Columbia,0
2020-03-21,12,Florida,13
2020-03-21,13,Georgia,20
2020-03-21,15,Hawaii,0
2020-03-21,16,Idaho,0
2020-03-21,17,Illinois,6
2020-03-21,18,Indiana,4
2020-03-21,19,Iowa,0
2020-03-21,20,Kansas,2
2020-03-21,21,Kentucky,3
2020-03-21,22,Louisiana,20
2020-03-21,23,Maine,0
2020-03-21,24,Maryland,2
2020-03-21,25,Massachusetts,1
2020-03-21,26,Michigan,6
2020-03-21,27,Minnesota,1
2020-03-21,28,Mississippi,1
2020-03-21,29,Missouri,3
2020-03-21,30,Montana,0
2020-03-21,31,Nebraska,0
2020-03-21,32,Nevada,2
2020-03-21,33,New Hampshire,0
2020-03-21,34,New Jersey,22
2020-03-21,35,New Mexico,0
2020-03-21,36,New York,195
2020-03-21,37,North Carolina,0
2020-03-21,38,North Dakota,0
2020-03-21,39,Ohio,3
2020-03-21,40,Oklahoma,1
2020-03-21,41,Oregon,4
2020-03-21,42,Pennsylvania,2
2020-03-21,44,Rhode Island,0
2020-03-21,45,South Carolina,3
2020-03-21,46,South Dakota,1
2020-03-21,47,Tennessee,1
2020-03-21,48,Texas,6
2020-03-21,49,Utah,0
2020-03-21,50,Vermont,2
2020-03-21,51,Virginia,3
2020-03-21,53,Washington,94
2020-03-21,54,West Virginia,0
2020-03-21,55,Wisconsin,4
2020-03-21,56,Wyoming,0
2020-03-21,60,American Samoa,0
2020-03-21,66,Guam,0
2020-03-21,69,Northern Mariana Islands,0
2020-03-21,72,Puerto Rico,1
2020-03-21,78,Virgin Islands,0
2020-03-21,,Diamond Princess,0
2020-03-21,,Grand Princess,1
2020-03-22,01,Alabama,0
2020-03-22,02,Alaska,0
2020-03-22,04,Arizona,2
2020-03-22,05,Arkansas,0
2020-03-22,06,California,30
2020-03-22,08,Colorado,7
2020-03-22,09,Connecticut,8
2020-03-22,10,Delaware,0
2020-03-22,11,District of Columbia,2
2020-03-22,12,Florida,13
2020-03-22,13,Georgia,25
2020-03-22,15,Hawaii,0
2020-03-22,16,Idaho,0
2020-03-22,17,Illinois,9
2020-03-22,18,Indiana,6
2020-03-22,19,Iowa,0
2020-03-22,20,Kansas,2
2020-03-22,21,Kentucky,3
2020-03-22,22,Louisiana,20
2020-03-22,23,Maine,0
2020-03-22,24,Maryland,3
2020-03-22,25,Massachusetts,5
2020-03-22,26,Michigan,12
2020-03-22,27,Minnesota,1
2020-03-22,28,Mississippi,1
2020-03-22,29,Missouri,3
2020-03-22,30,Montana,0
2020-03-22,31,Nebraska,0
2020-03-22,32,Nevada,2
2020-03-22,33,New Hampshire,0
2020-03-22,34,New Jersey,29
2020-03-22,35,New Mexico,0
2020-03-22,36,New York,249
2020-03-22,37,North Carolina,0
2020-03-22,38,North Dakota,0
2020-03-22,39,Ohio,3
2020-03-22,40,Oklahoma,2
2020-03-22,41,Oregon,5
2020-03-22,42,Pennsylvania,4
2020-03-22,44,Rhode Island,0
2020-03-22,45,South Carolina,3
2020-03-22,46,South Dakota,1
2020-03-22,47,Tennessee,2
2020-03-22,48,Texas,8
2020-03-22,49,Utah,1
2020-03-22,50,Vermont,2
2020-03-22,51,Virginia,6
2020-03-22,53,Washington,97
2020-03-22,54,West Virginia,0
2020-03-22,55,Wisconsin,4
2020-03-22,56,Wyoming,0
2020-03-22,60,American Samoa,0
2020-03-22,66,Guam,1
2020-03-22,69,Northern Mariana Islands,0
2020-03-22,72,Puerto Rico,1
2020-03-22,78,Virgin Islands,0
2020-03-22,,Diamond Princess,0
2020-03-22,,Grand Princess,1
2020-03-23,01,Alabama,0
2020-03-23,02,Alaska,0
2020-03-23,04,Arizona,2
2020-03-23,05,Arkansas,0
2020-03-23,06,California,39
2020-03-23,08,Colorado,7
2020-03-23,09,Connecticut,10
2020-03-23,10,Delaware,0
2020-03-23,11,District of Columbia,2
2020-03-23,12,Florida,18
2020-03-23,13,Georgia,25
2020-03-23,15,Hawaii,0
2020-03-23,16,Idaho,0
2020-03-23,17,Illinois,12
2020-03-23,18,Indiana,7
2020-03-23,19,Iowa,0
2020-03-23,20,Kansas,2
2020-03-23,21,Kentucky,4
2020-03-23,22,Louisiana,35
2020-03-23,23,Maine,0
2020-03-23,24,Maryland,3
2020-03-23,25,Massachusetts,9
2020-03-23,26,Michigan,18
2020-03-23,27,Minnesota,1
2020-03-23,28,Mississippi,1
2020-03-23,29,Missouri,4
2020-03-23,30,Montana,0
2020-03-23,31,Nebraska,0
2020-03-23,32,Nevada,4
2020-03-23,33,New Hampshire,1
2020-03-23,34,New Jersey,40
2020-03-23,35,New Mexico,0
2020-03-23,36,New York,351
2020-03-23,37,North Carolina,0
2020-03-23,38,North Dakota,0
2020-03-23,39,Ohio,6
2020-03-23,40,Oklahoma,2
2020-03-23,41,Oregon,5
2020-03-23,42,Pennsylvania,6
2020-03-23,44,Rhode Island,0
2020-03-23,45,South Carolina,5
2020-03-23,46,South Dakota,1
2020-03-23,47,Tennessee,2
2020-03-23,48,Texas,10
2020-03-23,49,Utah,1
2020-03-23,50,Vermont,5
2020-03-23,51,Virginia,6
2020-03-23,53,Washington,109
2020-03-23,54,West Virginia,0
2020-03-23,55,Wisconsin,5
2020-03-23,56,Wyoming,0
2020-03-23,60,American Samoa,0
2020-03-23,66,Guam,1
2020-03-23,69,Northern Mariana Islands,0
2020-03-23,72,Puerto Rico,2
2020-03-23,78,Virgin Islands,0
2020-03-23,,Diamond Princess,0
2020-03-23,,Grand Princess,1
2020-03-24,01,Alabama,0
2020-03-24,02,Alaska,0
2020-03-24,04,Arizona,5
2020-03-24,05,Arkansas,2
2020-03-24,06,California,50
2020-03-24,08,Colorado,11
2020-03-24,09,Connecticut,12
2020-03-24,10,Delaware,0
2020-03-24,11,District of Columbia,2
2020-03-24,12,Florida,18
2020-03-24,13,Georgia,32
2020-03-24,15,Hawaii,1
2020-03-24,16,Idaho,0
2020-03-24,17,Illinois,16
2020-03-24,18,Indiana,12
2020-03-24,19,Iowa,0
2020-03-24,20,Kansas,2
2020-03-24,21,Kentucky,4
2020-03-24,22,Louisiana,46
2020-03-24,23,Maine,0
2020-03-24,24,Maryland,4
2020-03-24,25,Massachusetts,11
2020-03-24,26,Michigan,31
2020-03-24,27,Minnesota,1
2020-03-24,28,Mississippi,1
2020-03-24,29,Missouri,8
2020-03-24,30,Montana,0
2020-03-24,31,Nebraska,0
2020-03-24,32,Nevada,4
2020-03-24,33,New Hampshire,1
2020-03-24,34,New Jersey,60
2020-03-24,35,New Mexico,0
2020-03-24,36,New York,475
2020-03-24,37,North Carolina,0
2020-03-24,38,North Dakota,0
2020-03-24,39,Ohio,8
2020-03-24,40,Oklahoma,3
2020-03-24,41,Oregon,8
2020-03-24,42,Pennsylvania,8
2020-03-24,44,Rhode Island,0
2020-03-24,45,South Carolina,5
2020-03-24,46,South Dakota,1
2020-03-24,47,Tennessee,2
2020-03-24,48,Texas,15
2020-03-24,49,Utah,1
2020-03-24,50,Vermont,7
2020-03-24,51,Virginia,9
2020-03-24,53,Washington,116
2020-03-24,54,West Virginia,0
2020-03-24,55,Wisconsin,5
2020-03-24,56,Wyoming,0
2020-03-24,60,American Samoa,0
2020-03-24,66,Guam,1
2020-03-24,69,Northern Mariana Islands,0
2020-03-24,72,Puerto Rico,2
2020-03-24,78,Virgin Islands,0
2020-03-24,,Diamond Princess,0
2020-03-24,,Grand Princess,1
2020-03-25,01,Alabama,1
2020-03-25,02,Alaska,1
2020-03-25,04,Arizona,6
2020-03-25,05,Arkansas,2
2020-03-25,06,California,65
2020-03-25,08,Colorado,20
2020-03-25,09,Connecticut,19
2020-03-25,10,Delaware,0
2020-03-25,11,District of Columbia,2
2020-03-25,12,Florida,23
2020-03-25,13,Georgia,40
2020-03-25,15,Hawaii,0
2020-03-25,16,Idaho,0
2020-03-25,17,Illinois,19
2020-03-25,18,Indiana,14
2020-03-25,19,Iowa,1
2020-03-25,20,Kansas,3
2020-03-25,21,Kentucky,5
2020-03-25,22,Louisiana,65
2020-03-25,23,Maine,0
2020-03-25,24,Maryland,4
2020-03-25,25,Massachusetts,15
2020-03-25,26,Michigan,51
2020-03-25,27,Minnesota,1
2020-03-25,28,Mississippi,3
2020-03-25,29,Missouri,9
2020-03-25,30,Montana,0
2020-03-25,31,Nebraska,0
2020-03-25,32,Nevada,6
2020-03-25,33,New Hampshire,1
2020-03-25,34,New Jersey,81
2020-03-25,35,New Mexico,1
2020-03-25,36,New York,632
2020-03-25,37,North Carolina,2
2020-03-25,38,North Dakota,0
2020-03-25,39,Ohio,11
2020-03-25,40,Oklahoma,5
2020-03-25,41,Oregon,10
2020-03-25,42,Pennsylvania,15
2020-03-25,44,Rhode Island,0
2020-03-25,45,South Carolina,7
2020-03-25,46,South Dakota,1
2020-03-25,47,Tennessee,3
2020-03-25,48,Texas,19
2020-03-25,49,Utah,1
2020-03-25,50,Vermont,8
2020-03-25,51,Virginia,9
2020-03-25,53,Washington,133
2020-03-25,54,West Virginia,0
2020-03-25,55,Wisconsin,7
2020-03-25,56,Wyoming,0
2020-03-25,60,American Samoa,0
2020-03-25,66,Guam,1
2020-03-25,69,Northern Mariana Islands,0
2020-03-25,72,Puerto Rico,2
2020-03-25,78,Virgin Islands,0
2020-03-25,,Diamond Princess,0
2020-03-25,,Grand Princess,1
2020-03-26,01,Alabama,1
2020-03-26,02,Alaska,1
2020-03-26,04,Arizona,8
2020-03-26,05,Arkansas,2
2020-03-26,06,California,81
2020-03-26,08,Colorado,19
2020-03-26,09,Connecticut,21
2020-03-26,10,Delaware,1
2020-03-26,11,District of Columbia,3
2020-03-26,12,Florida,29
2020-03-26,13,Georgia,48
2020-03-26,15,Hawaii,0
2020-03-26,16,Idaho,3
2020-03-26,17,Illinois,26
2020-03-26,18,Indiana,17
2020-03-26,19,Iowa,1
2020-03-26,20,Kansas,3
2020-03-26,21,Kentucky,5
2020-03-26,22,Louisiana,83
2020-03-26,23,Maine,0
2020-03-26,24,Maryland,4
2020-03-26,25,Massachusetts,25
2020-03-26,26,Michigan,71
2020-03-26,27,Minnesota,2
2020-03-26,28,Mississippi,6
2020-03-26,29,Missouri,9
2020-03-26,30,Montana,0
2020-03-26,31,Nebraska,0
2020-03-26,32,Nevada,10
2020-03-26,33,New Hampshire,1
2020-03-26,34,New Jersey,109
2020-03-26,35,New Mexico,1
2020-03-26,36,New York,867
2020-03-26,37,North Carolina,3
2020-03-26,38,North Dakota,0
2020-03-26,39,Ohio,15
2020-03-26,40,Oklahoma,7
2020-03-26,41,Oregon,11
2020-03-26,42,Pennsylvania,18
2020-03-26,44,Rhode Island,0
2020-03-26,45,South Carolina,9
2020-03-26,46,South Dakota,1
2020-03-26,47,Tennessee,3
2020-03-26,48,Texas,25
2020-03-26,49,Utah,1
2020-03-26,50,Vermont,9
2020-03-26,51,Virginia,10
2020-03-26,53,Washington,150
2020-03-26,54,West Virginia,0
2020-03-26,55,Wisconsin,10
2020-03-26,56,Wyoming,0
2020-03-26,60,American Samoa,0
2020-03-26,66,Guam,1
2020-03-26,69,Northern Mariana Islands,0
2020-03-26,72,Puerto Rico,2
2020-03-26,78,Virgin Islands,0
2020-03-26,,Diamond Princess,0
2020-03-26,,Grand Princess,1
2020-03-27,01,Alabama,4
2020-03-27,02,Alaska,1
2020-03-27,04,Arizona,13
2020-03-27,05,Arkansas,3
2020-03-27,06,California,94
2020-03-27,08,Colorado,31
2020-03-27,09,Connecticut,27
2020-03-27,10,Delaware,2
2020-03-27,11,District of Columbia,3
2020-03-27,12,Florida,35
2020-03-27,13,Georgia,64
2020-03-27,15,Hawaii,0
2020-03-27,16,Idaho,3
2020-03-27,17,Illinois,34
2020-03-27,18,Indiana,25
2020-03-27,19,Iowa,3
2020-03-27,20,Kansas,4
2020-03-27,21,Kentucky,7
2020-03-27,22,Louisiana,119
2020-03-27,23,Maine,1
2020-03-27,24,Maryland,5
2020-03-27,25,Massachusetts,35
2020-03-27,26,Michigan,107
2020-03-27,27,Minnesota,4
2020-03-27,28,Mississippi,8
2020-03-27,29,Missouri,9
2020-03-27,30,Montana,1
2020-03-27,31,Nebraska,0
2020-03-27,32,Nevada,10
2020-03-27,33,New Hampshire,1
2020-03-27,34,New Jersey,141
2020-03-27,35,New Mexico,1
2020-03-27,36,New York,1139
2020-03-27,37,North Carolina,4
2020-03-27,38,North Dakota,1
2020-03-27,39,Ohio,19
2020-03-27,40,Oklahoma,8
2020-03-27,41,Oregon,12
2020-03-27,42,Pennsylvania,22
2020-03-27,44,Rhode Island,0
2020-03-27,45,South Carolina,13
2020-03-27,46,South Dakota,1
2020-03-27,47,Tennessee,6
2020-03-27,48,Texas,34
2020-03-27,49,Utah,1
2020-03-27,50,Vermont,10
2020-03-27,51,Virginia,10
2020-03-27,53,Washington,157
2020-03-27,54,West Virginia,0
2020-03-27,55,Wisconsin,14
2020-03-27,56,Wyoming,0
2020-03-27,60,American Samoa,0
2020-03-27,66,Guam,1
2020-03-27,69,Northern Mariana Islands,0
2020-03-27,72,Puerto Rico,3
2020-03-27,78,Virgin Islands,0
2020-03-27,,Diamond Princess,0
2020-03-27,,Grand Princess,3
2020-03-28,01,Alabama,4
2020-03-28,02,Alaska,2
2020-03-28,04,Arizona,15
2020-03-28,05,Arkansas,5
2020-03-28,06,California,110
2020-03-28,08,Colorado,44
2020-03-28,09,Connecticut,33
2020-03-28,10,Delaware,5
2020-03-28,11,District of Columbia,4
2020-03-28,12,Florida,54
2020-03-28,13,Georgia,69
2020-03-28,15,Hawaii,0
2020-03-28,16,Idaho,4
2020-03-28,17,Illinois,47
2020-03-28,18,Indiana,31
2020-03-28,19,Iowa,3
2020-03-28,20,Kansas,4
2020-03-28,21,Kentucky,9
2020-03-28,22,Louisiana,137
2020-03-28,23,Maine,1
2020-03-28,24,Maryland,5
2020-03-28,25,Massachusetts,44
2020-03-28,26,Michigan,130
2020-03-28,27,Minnesota,5
2020-03-28,28,Mississippi,13
2020-03-28,29,Missouri,13
2020-03-28,30,Montana,1
2020-03-28,31,Nebraska,2
2020-03-28,32,Nevada,10
2020-03-28,33,New Hampshire,2
2020-03-28,34,New Jersey,192
2020-03-28,35,New Mexico,1
2020-03-28,36,New York,1492
2020-03-28,37,North Carolina,5
2020-03-28,38,North Dakota,1
2020-03-28,39,Ohio,25
2020-03-28,40,Oklahoma,15
2020-03-28,41,Oregon,13
2020-03-28,42,Pennsylvania,34
2020-03-28,44,Rhode Island,2
2020-03-28,45,South Carolina,15
2020-03-28,46,South Dakota,1
2020-03-28,47,Tennessee,7
2020-03-28,48,Texas,39
2020-03-28,49,Utah,1
2020-03-28,50,Vermont,12
2020-03-28,51,Virginia,13
2020-03-28,53,Washington,188
2020-03-28,54,West Virginia,0
2020-03-28,55,Wisconsin,17
2020-03-28,56,Wyoming,0
2020-03-28,60,American Samoa,0
2020-03-28,66,Guam,1
2020-03-28,69,Northern Mariana Islands,0
2020-03-28,72,Puerto Rico,3
2020-03-28,78,Virgin Islands,0
2020-03-28,,Diamond Princess,0
2020-03-28,,Grand Princess,3
2020-03-29,01,Alabama,10
2020-03-29,02,Alaska,2
2020-03-29,04,Arizona,17
2020-03-29,05,Arkansas,6
2020-03-29,06,California,124
2020-03-29,08,Colorado,47
2020-03-29,09,Connecticut,34
2020-03-29,10,Delaware,6
2020-03-29,11,District of Columbia,5
2020-03-29,12,Florida,56
2020-03-29,13,Georgia,80
2020-03-29,15,Hawaii,0
2020-03-29,16,Idaho,5
2020-03-29,17,Illinois,66
2020-03-29,18,Indiana,32
2020-03-29,19,Iowa,4
2020-03-29,20,Kansas,7
2020-03-29,21,Kentucky,9
2020-03-29,22,Louisiana,151
2020-03-29,23,Maine,3
2020-03-29,24,Maryland,10
2020-03-29,25,Massachusetts,48
2020-03-29,26,Michigan,157
2020-03-29,27,Minnesota,9
2020-03-29,28,Mississippi,14
2020-03-29,29,Missouri,16
2020-03-29,30,Montana,1
2020-03-29,31,Nebraska,2
2020-03-29,32,Nevada,15
2020-03-29,33,New Hampshire,2
2020-03-29,34,New Jersey,219
2020-03-29,35,New Mexico,2
2020-03-29,36,New York,1874
2020-03-29,37,North Carolina,7
2020-03-29,38,North Dakota,1
2020-03-29,39,Ohio,29
2020-03-29,40,Oklahoma,16
2020-03-29,41,Oregon,13
2020-03-29,42,Pennsylvania,41
2020-03-29,44,Rhode Island,3
2020-03-29,45,South Carolina,16
2020-03-29,46,South Dakota,1
2020-03-29,47,Tennessee,8
2020-03-29,48,Texas,47
2020-03-29,49,Utah,2
2020-03-29,50,Vermont,12
2020-03-29,51,Virginia,20
2020-03-29,53,Washington,198
2020-03-29,54,West Virginia,0
2020-03-29,55,Wisconsin,18
2020-03-29,56,Wyoming,0
2020-03-29,60,American Samoa,0
2020-03-29,66,Guam,1
2020-03-29,69,Northern Mariana Islands,0
2020-03-29,72,Puerto Rico,3
2020-03-29,78,Virgin Islands,0
2020-03-29,,Diamond Princess,0
2020-03-29,,Grand Princess,3
2020-03-30,01,Alabama,10
2020-03-30,02,Alaska,3
2020-03-30,04,Arizona,20
2020-03-30,05,Arkansas,7
2020-03-30,06,California,146
2020-03-30,08,Colorado,51
2020-03-30,09,Connecticut,36
2020-03-30,10,Delaware,6
2020-03-30,11,District of Columbia,9
2020-03-30,12,Florida,63
2020-03-30,13,Georgia,87
2020-03-30,15,Hawaii,0
2020-03-30,16,Idaho,6
2020-03-30,17,Illinois,73
2020-03-30,18,Indiana,35
2020-03-30,19,Iowa,6
2020-03-30,20,Kansas,8
2020-03-30,21,Kentucky,11
2020-03-30,22,Louisiana,185
2020-03-30,23,Maine,3
2020-03-30,24,Maryland,15
2020-03-30,25,Massachusetts,56
2020-03-30,26,Michigan,213
2020-03-30,27,Minnesota,10
2020-03-30,28,Mississippi,16
2020-03-30,29,Missouri,16
2020-03-30,30,Montana,5
2020-03-30,31,Nebraska,2
2020-03-30,32,Nevada,15
2020-03-30,33,New Hampshire,3
2020-03-30,34,New Jersey,268
2020-03-30,35,New Mexico,2
2020-03-30,36,New York,2286
2020-03-30,37,North Carolina,7
2020-03-30,38,North Dakota,2
2020-03-30,39,Ohio,40
2020-03-30,40,Oklahoma,16
2020-03-30,41,Oregon,16
2020-03-30,42,Pennsylvania,50
2020-03-30,44,Rhode Island,4
2020-03-30,45,South Carolina,18
2020-03-30,46,South Dakota,1
2020-03-30,47,Tennessee,14
2020-03-30,48,Texas,57
2020-03-30,49,Utah,4
2020-03-30,50,Vermont,12
2020-03-30,51,Virginia,15
2020-03-30,53,Washington,205
2020-03-30,54,West Virginia,1
2020-03-30,55,Wisconsin,20
2020-03-30,56,Wyoming,0
2020-03-30,60,American Samoa,0
2020-03-30,66,Guam,1
2020-03-30,69,Northern Mariana Islands,0
2020-03-30,72,Puerto Rico,6
2020-03-30,78,Virgin Islands,0
2020-03-30,,Diamond Princess,0
2020-03-30,,Grand Princess,3
2020-03-31,01,Alabama,23
2020-03-31,02,Alaska,3
2020-03-31,04,Arizona,25
2020-03-31,05,Arkansas,8
2020-03-31,06,California,173
2020-03-31,08,Colorado,69
2020-03-31,09,Connecticut,69
2020-03-31,10,Delaware,10
2020-03-31,11,District of Columbia,9
2020-03-31,12,Florida,85
2020-03-31,13,Georgia,111
2020-03-31,15,Hawaii,0
2020-03-31,16,Idaho,8
2020-03-31,17,Illinois,99
2020-03-31,18,Indiana,49
2020-03-31,19,Iowa,7
2020-03-31,20,Kansas,9
2020-03-31,21,Kentucky,11
2020-03-31,22,Louisiana,239
2020-03-31,23,Maine,5
2020-03-31,24,Maryland,18
2020-03-31,25,Massachusetts,89
2020-03-31,26,Michigan,292
2020-03-31,27,Minnesota,12
2020-03-31,28,Mississippi,20
2020-03-31,29,Missouri,19
2020-03-31,30,Montana,5
2020-03-31,31,Nebraska,3
2020-03-31,32,Nevada,26
2020-03-31,33,New Hampshire,3
2020-03-31,34,New Jersey,366
2020-03-31,35,New Mexico,4
2020-03-31,36,New York,2775
2020-03-31,37,North Carolina,12
2020-03-31,38,North Dakota,3
2020-03-31,39,Ohio,55
2020-03-31,40,Oklahoma,23
2020-03-31,41,Oregon,18
2020-03-31,42,Pennsylvania,63
2020-03-31,44,Rhode Island,8
2020-03-31,45,South Carolina,22
2020-03-31,46,South Dakota,1
2020-03-31,47,Tennessee,23
2020-03-31,48,Texas,68
2020-03-31,49,Utah,5
2020-03-31,50,Vermont,13
2020-03-31,51,Virginia,27
2020-03-31,53,Washington,225
2020-03-31,54,West Virginia,1
2020-03-31,55,Wisconsin,25
2020-03-31,56,Wyoming,0
2020-03-31,60,American Samoa,0
2020-03-31,66,Guam,2
2020-03-31,69,Northern Mariana Islands,0
2020-03-31,72,Puerto Rico,8
2020-03-31,78,Virgin Islands,0
2020-03-31,,Diamond Princess,0
2020-03-31,,Grand Princess,3
2020-04-01,01,Alabama,27
2020-04-01,02,Alaska,3
2020-04-01,04,Arizona,32
2020-04-01,05,Arkansas,10
2020-04-01,06,California,199
2020-04-01,08,Colorado,79
2020-04-01,09,Connecticut,85
2020-04-01,10,Delaware,11
2020-04-01,11,District of Columbia,9
2020-04-01,12,Florida,87
2020-04-01,13,Georgia,139
2020-04-01,15,Hawaii,1
2020-04-01,16,Idaho,9
2020-04-01,17,Illinois,141
2020-04-01,18,Indiana,65
2020-04-01,19,Iowa,9
2020-04-01,20,Kansas,10
2020-04-01,21,Kentucky,18
2020-04-01,22,Louisiana,273
2020-04-01,23,Maine,5
2020-04-01,24,Maryland,31
2020-04-01,25,Massachusetts,122
2020-04-01,26,Michigan,370
2020-04-01,27,Minnesota,17
2020-04-01,28,Mississippi,22
2020-04-01,29,Missouri,24
2020-04-01,30,Montana,6
2020-04-01,31,Nebraska,4
2020-04-01,32,Nevada,31
2020-04-01,33,New Hampshire,3
2020-04-01,34,New Jersey,476
2020-04-01,35,New Mexico,5
2020-04-01,36,New York,3411
2020-04-01,37,North Carolina,14
2020-04-01,38,North Dakota,3
2020-04-01,39,Ohio,65
2020-04-01,40,Oklahoma,30
2020-04-01,41,Oregon,19
2020-04-01,42,Pennsylvania,74
2020-04-01,44,Rhode Island,10
2020-04-01,45,South Carolina,26
2020-04-01,46,South Dakota,2
2020-04-01,47,Tennessee,24
2020-04-01,48,Texas,85
2020-04-01,49,Utah,5
2020-04-01,50,Vermont,16
2020-04-01,51,Virginia,34
2020-04-01,53,Washington,234
2020-04-01,54,West Virginia,1
2020-04-01,55,Wisconsin,27
2020-04-01,56,Wyoming,0
2020-04-01,60,American Samoa,0
2020-04-01,66,Guam,3
2020-04-01,69,Northern Mariana Islands,1
2020-04-01,72,Puerto Rico,11
2020-04-01,78,Virgin Islands,0
2020-04-01,,Diamond Princess,0
2020-04-01,,Grand Princess,3
2020-04-02,01,Alabama,32
2020-04-02,02,Alaska,3
2020-04-02,04,Arizona,35
2020-04-02,05,Arkansas,12
2020-04-02,06,California,238
2020-04-02,08,Colorado,97
2020-04-02,09,Connecticut,112
2020-04-02,10,Delaware,12
2020-04-02,11,District of Columbia,12
2020-04-02,12,Florida,164
2020-04-02,13,Georgia,163
2020-04-02,15,Hawaii,1
2020-04-02,16,Idaho,9
2020-04-02,17,Illinois,163
2020-04-02,18,Indiana,78
2020-04-02,19,Iowa,11
2020-04-02,20,Kansas,12
2020-04-02,21,Kentucky,31
2020-04-02,22,Louisiana,310
2020-04-02,23,Maine,7
2020-04-02,24,Maryland,36
2020-04-02,25,Massachusetts,154
2020-04-02,26,Michigan,453
2020-04-02,27,Minnesota,18
2020-04-02,28,Mississippi,26
2020-04-02,29,Missouri,32
2020-04-02,30,Montana,6
2020-04-02,31,Nebraska,5
2020-04-02,32,Nevada,38
2020-04-02,33,New Hampshire,3
2020-04-02,34,New Jersey,681
2020-04-02,35,New Mexico,6
2020-04-02,36,New York,4138
2020-04-02,37,North Carolina,21
2020-04-02,38,North Dakota,3
2020-04-02,39,Ohio,81
2020-04-02,40,Oklahoma,34
2020-04-02,41,Oregon,21
2020-04-02,42,Pennsylvania,90
2020-04-02,44,Rhode Island,12
2020-04-02,45,South Carolina,31
2020-04-02,46,South Dakota,2
2020-04-02,47,Tennessee,36
2020-04-02,48,Texas,100
2020-04-02,49,Utah,7
2020-04-02,50,Vermont,17
2020-04-02,51,Virginia,41
2020-04-02,53,Washington,271
2020-04-02,54,West Virginia,2
2020-04-02,55,Wisconsin,38
2020-04-02,56,Wyoming,0
2020-04-02,60,American Samoa,0
2020-04-02,66,Guam,3
2020-04-02,69,Northern Mariana Islands,1
2020-04-02,72,Puerto Rico,12
2020-04-02,78,Virgin Islands,0
2020-04-02,,Diamond Princess,0
2020-04-02,,Grand Princess,3
2020-04-03,01,Alabama,38
2020-04-03,02,Alaska,3
2020-04-03,04,Arizona,44
2020-04-03,05,Arkansas,12
2020-04-03,06,California,265
2020-04-03,08,Colorado,111
2020-04-03,09,Connecticut,131
2020-04-03,10,Delaware,14
2020-04-03,11,District of Columbia,15
2020-04-03,12,Florida,170
2020-04-03,13,Georgia,184
2020-04-03,15,Hawaii,3
2020-04-03,16,Idaho,9
2020-04-03,17,Illinois,210
2020-04-03,18,Indiana,102
2020-04-03,19,Iowa,11
2020-04-03,20,Kansas,18
2020-04-03,21,Kentucky,34
2020-04-03,22,Louisiana,370
2020-04-03,23,Maine,9
2020-04-03,24,Maryland,43
2020-04-03,25,Massachusetts,192
2020-04-03,26,Michigan,518
2020-04-03,27,Minnesota,22
2020-04-03,28,Mississippi,29
2020-04-03,29,Missouri,45
2020-04-03,30,Montana,5
2020-04-03,31,Nebraska,6
2020-04-03,32,Nevada,43
2020-04-03,33,New Hampshire,5
2020-04-03,34,New Jersey,817
2020-04-03,35,New Mexico,10
2020-04-03,36,New York,4899
2020-04-03,37,North Carolina,27
2020-04-03,38,North Dakota,3
2020-04-03,39,Ohio,91
2020-04-03,40,Oklahoma,38
2020-04-03,41,Oregon,22
2020-04-03,42,Pennsylvania,102
2020-04-03,44,Rhode Island,14
2020-04-03,45,South Carolina,34
2020-04-03,46,South Dakota,2
2020-04-03,47,Tennessee,41
2020-04-03,48,Texas,118
2020-04-03,49,Utah,7
2020-04-03,50,Vermont,17
2020-04-03,51,Virginia,46
2020-04-03,53,Washington,291
2020-04-03,54,West Virginia,2
2020-04-03,55,Wisconsin,51
2020-04-03,56,Wyoming,0
2020-04-03,60,American Samoa,0
2020-04-03,66,Guam,4
2020-04-03,69,Northern Mariana Islands,1
2020-04-03,72,Puerto Rico,15
2020-04-03,78,Virgin Islands,0
2020-04-03,,Diamond Princess,0
2020-04-03,,Grand Princess,3
2020-04-04,01,Alabama,44
2020-04-04,02,Alaska,5
2020-04-04,04,Arizona,52
2020-04-04,05,Arkansas,14
2020-04-04,06,California,289
2020-04-04,08,Colorado,126
2020-04-04,09,Connecticut,165
2020-04-04,10,Delaware,14
2020-04-04,11,District of Columbia,21
2020-04-04,12,Florida,195
2020-04-04,13,Georgia,201
2020-04-04,15,Hawaii,3
2020-04-04,16,Idaho,10
2020-04-04,17,Illinois,244
2020-04-04,18,Indiana,116
2020-04-04,19,Iowa,14
2020-04-04,20,Kansas,21
2020-04-04,21,Kentucky,40
2020-04-04,22,Louisiana,409
2020-04-04,23,Maine,10
2020-04-04,24,Maryland,54
2020-04-04,25,Massachusetts,216
2020-04-04,26,Michigan,585
2020-04-04,27,Minnesota,24
2020-04-04,28,Mississippi,35
2020-04-04,29,Missouri,51
2020-04-04,30,Montana,6
2020-04-04,31,Nebraska,6
2020-04-04,32,Nevada,46
2020-04-04,33,New Hampshire,7
2020-04-04,34,New Jersey,1059
2020-04-04,35,New Mexico,11
2020-04-04,36,New York,5686
2020-04-04,37,North Carolina,34
2020-04-04,38,North Dakota,3
2020-04-04,39,Ohio,102
2020-04-04,40,Oklahoma,42
2020-04-04,41,Oregon,22
2020-04-04,42,Pennsylvania,136
2020-04-04,44,Rhode Island,17
2020-04-04,45,South Carolina,40
2020-04-04,46,South Dakota,2
2020-04-04,47,Tennessee,50
2020-04-04,48,Texas,135
2020-04-04,49,Utah,8
2020-04-04,50,Vermont,20
2020-04-04,51,Virginia,52
2020-04-04,53,Washington,315
2020-04-04,54,West Virginia,2
2020-04-04,55,Wisconsin,54
2020-04-04,56,Wyoming,0
2020-04-04,60,American Samoa,0
2020-04-04,66,Guam,4
2020-04-04,69,Northern Mariana Islands,1
2020-04-04,72,Puerto Rico,18
2020-04-04,78,Virgin Islands,0
2020-04-04,,Diamond Princess,0
2020-04-04,,Grand Princess,3
2020-04-05,01,Alabama,45
2020-04-05,02,Alaska,6
2020-04-05,04,Arizona,64
2020-04-05,05,Arkansas,16
2020-04-05,06,California,348
2020-04-05,08,Colorado,140
2020-04-05,09,Connecticut,189
2020-04-05,10,Delaware,14
2020-04-05,11,District of Columbia,22
2020-04-05,12,Florida,221
2020-04-05,13,Georgia,211
2020-04-05,15,Hawaii,4
2020-04-05,16,Idaho,10
2020-04-05,17,Illinois,274
2020-04-05,18,Indiana,127
2020-04-05,19,Iowa,18
2020-04-05,20,Kansas,22
2020-04-05,21,Kentucky,45
2020-04-05,22,Louisiana,477
2020-04-05,23,Maine,10
2020-04-05,24,Maryland,67
2020-04-05,25,Massachusetts,231
2020-04-05,26,Michigan,675
2020-04-05,27,Minnesota,29
2020-04-05,28,Mississippi,43
2020-04-05,29,Missouri,64
2020-04-05,30,Montana,6
2020-04-05,31,Nebraska,8
2020-04-05,32,Nevada,46
2020-04-05,33,New Hampshire,9
2020-04-05,34,New Jersey,1185
2020-04-05,35,New Mexico,12
2020-04-05,36,New York,6596
2020-04-05,37,North Carolina,38
2020-04-05,38,North Dakota,3
2020-04-05,39,Ohio,119
2020-04-05,40,Oklahoma,46
2020-04-05,41,Oregon,27
2020-04-05,42,Pennsylvania,151
2020-04-05,44,Rhode Island,25
2020-04-05,45,South Carolina,44
2020-04-05,46,South Dakota,2
2020-04-05,47,Tennessee,53
2020-04-05,48,Texas,163
2020-04-05,49,Utah,8
2020-04-05,50,Vermont,22
2020-04-05,51,Virginia,52
2020-04-05,53,Washington,336
2020-04-05,54,West Virginia,3
2020-04-05,55,Wisconsin,74
2020-04-05,56,Wyoming,0
2020-04-05,60,American Samoa,0
2020-04-05,66,Guam,4
2020-04-05,69,Northern Mariana Islands,1
2020-04-05,72,Puerto Rico,20
2020-04-05,78,Virgin Islands,1
2020-04-05,,Diamond Princess,0
2020-04-05,,Grand Princess,3
2020-04-06,01,Alabama,49
2020-04-06,02,Alaska,6
2020-04-06,04,Arizona,65
2020-04-06,05,Arkansas,16
2020-04-06,06,California,380
2020-04-06,08,Colorado,150
2020-04-06,09,Connecticut,206
2020-04-06,10,Delaware,15
2020-04-06,11,District of Columbia,24
2020-04-06,12,Florida,236
2020-04-06,13,Georgia,229
2020-04-06,15,Hawaii,5
2020-04-06,16,Idaho,10
2020-04-06,17,Illinois,307
2020-04-06,18,Indiana,143
2020-04-06,19,Iowa,25
2020-04-06,20,Kansas,25
2020-04-06,21,Kentucky,45
2020-04-06,22,Louisiana,512
2020-04-06,23,Maine,10
2020-04-06,24,Maryland,91
2020-04-06,25,Massachusetts,260
2020-04-06,26,Michigan,793
2020-04-06,27,Minnesota,30
2020-04-06,28,Mississippi,51
2020-04-06,29,Missouri,72
2020-04-06,30,Montana,6
2020-04-06,31,Nebraska,9
2020-04-06,32,Nevada,46
2020-04-06,33,New Hampshire,9
2020-04-06,34,New Jersey,1337
2020-04-06,35,New Mexico,12
2020-04-06,36,New York,7657
2020-04-06,37,North Carolina,45
2020-04-06,38,North Dakota,3
2020-04-06,39,Ohio,142
2020-04-06,40,Oklahoma,51
2020-04-06,41,Oregon,27
2020-04-06,42,Pennsylvania,179
2020-04-06,44,Rhode Island,27
2020-04-06,45,South Carolina,48
2020-04-06,46,South Dakota,4
2020-04-06,47,Tennessee,65
2020-04-06,48,Texas,182
2020-04-06,49,Utah,13
2020-04-06,50,Vermont,23
2020-04-06,51,Virginia,66
2020-04-06,53,Washington,381
2020-04-06,54,West Virginia,4
2020-04-06,55,Wisconsin,78
2020-04-06,56,Wyoming,0
2020-04-06,60,American Samoa,0
2020-04-06,66,Guam,4
2020-04-06,69,Northern Mariana Islands,1
2020-04-06,72,Puerto Rico,21
2020-04-06,78,Virgin Islands,1
2020-04-06,,Diamond Princess,0
2020-04-06,,Grand Princess,3
2020-04-07,01,Alabama,64
2020-04-07,02,Alaska,6
2020-04-07,04,Arizona,73
2020-04-07,05,Arkansas,18
2020-04-07,06,California,432
2020-04-07,08,Colorado,179
2020-04-07,09,Connecticut,277
2020-04-07,10,Delaware,16
2020-04-07,11,District of Columbia,22
2020-04-07,12,Florida,283
2020-04-07,13,Georgia,329
2020-04-07,15,Hawaii,5
2020-04-07,16,Idaho,13
2020-04-07,17,Illinois,380
2020-04-07,18,Indiana,173
2020-04-07,19,Iowa,25
2020-04-07,20,Kansas,29
2020-04-07,21,Kentucky,65
2020-04-07,22,Louisiana,582
2020-04-07,23,Maine,12
2020-04-07,24,Maryland,103
2020-04-07,25,Massachusetts,356
2020-04-07,26,Michigan,917
2020-04-07,27,Minnesota,34
2020-04-07,28,Mississippi,60
2020-04-07,29,Missouri,92
2020-04-07,30,Montana,6
2020-04-07,31,Nebraska,10
2020-04-07,32,Nevada,72
2020-04-07,33,New Hampshire,9
2020-04-07,34,New Jersey,1633
2020-04-07,35,New Mexico,13
2020-04-07,36,New York,8930
2020-04-07,37,North Carolina,53
2020-04-07,38,North Dakota,4
2020-04-07,39,Ohio,167
2020-04-07,40,Oklahoma,67
2020-04-07,41,Oregon,29
2020-04-07,42,Pennsylvania,247
2020-04-07,44,Rhode Island,30
2020-04-07,45,South Carolina,51
2020-04-07,46,South Dakota,6
2020-04-07,47,Tennessee,72
2020-04-07,48,Texas,195
2020-04-07,49,Utah,13
2020-04-07,50,Vermont,23
2020-04-07,51,Virginia,66
2020-04-07,53,Washington,400
2020-04-07,54,West Virginia,4
2020-04-07,55,Wisconsin,92
2020-04-07,56,Wyoming,0
2020-04-07,60,American Samoa,0
2020-04-07,66,Guam,4
2020-04-07,69,Northern Mariana Islands,2
2020-04-07,72,Puerto Rico,23
2020-04-07,78,Virgin Islands,1
2020-04-07,,Diamond Princess,0
2020-04-07,,Grand Princess,3
2020-04-08,01,Alabama,66
2020-04-08,02,Alaska,7
2020-04-08,04,Arizona,89
2020-04-08,05,Arkansas,18
2020-04-08,06,California,495
2020-04-08,08,Colorado,193
2020-04-08,09,Connecticut,326
2020-04-08,10,Delaware,19
2020-04-08,11,District of Columbia,27
2020-04-08,12,Florida,309
2020-04-08,13,Georgia,362
2020-04-08,15,Hawaii,5
2020-04-08,16,Idaho,15
2020-04-08,17,Illinois,462
2020-04-08,18,Indiana,203
2020-04-08,19,Iowa,27
2020-04-08,20,Kansas,34
2020-04-08,21,Kentucky,65
2020-04-08,22,Louisiana,652
2020-04-08,23,Maine,14
2020-04-08,24,Maryland,124
2020-04-08,25,Massachusetts,433
2020-04-08,26,Michigan,1037
2020-04-08,27,Minnesota,39
2020-04-08,28,Mississippi,67
2020-04-08,29,Missouri,107
2020-04-08,30,Montana,6
2020-04-08,31,Nebraska,12
2020-04-08,32,Nevada,72
2020-04-08,33,New Hampshire,13
2020-04-08,34,New Jersey,1974
2020-04-08,35,New Mexico,13
2020-04-08,36,New York,9879
2020-04-08,37,North Carolina,66
2020-04-08,38,North Dakota,4
2020-04-08,39,Ohio,193
2020-04-08,40,Oklahoma,79
2020-04-08,41,Oregon,33
2020-04-08,42,Pennsylvania,318
2020-04-08,44,Rhode Island,35
2020-04-08,45,South Carolina,51
2020-04-08,46,South Dakota,6
2020-04-08,47,Tennessee,80
2020-04-08,48,Texas,221
2020-04-08,49,Utah,13
2020-04-08,50,Vermont,23
2020-04-08,51,Virginia,66
2020-04-08,53,Washington,426
2020-04-08,54,West Virginia,4
2020-04-08,55,Wisconsin,100
2020-04-08,56,Wyoming,0
2020-04-08,60,American Samoa,0
2020-04-08,66,Guam,4
2020-04-08,69,Northern Mariana Islands,2
2020-04-08,72,Puerto Rico,24
2020-04-08,78,Virgin Islands,1
2020-04-08,,Diamond Princess,0
2020-04-08,,Grand Princess,3
2020-04-09,01,Alabama,70
2020-04-09,02,Alaska,7
2020-04-09,04,Arizona,98
2020-04-09,05,Arkansas,21
2020-04-09,06,California,544
2020-04-09,08,Colorado,226
2020-04-09,09,Connecticut,380
2020-04-09,10,Delaware,23
2020-04-09,11,District of Columbia,32
2020-04-09,12,Florida,354
2020-04-09,13,Georgia,379
2020-04-09,15,Hawaii,6
2020-04-09,16,Idaho,18
2020-04-09,17,Illinois,528
2020-04-09,18,Indiana,245
2020-04-09,19,Iowa,29
2020-04-09,20,Kansas,42
2020-04-09,21,Kentucky,73
2020-04-09,22,Louisiana,702
2020-04-09,23,Maine,16
2020-04-09,24,Maryland,138
2020-04-09,25,Massachusetts,503
2020-04-09,26,Michigan,1164
2020-04-09,27,Minnesota,50
2020-04-09,28,Mississippi,76
2020-04-09,29,Missouri,123
2020-04-09,30,Montana,6
2020-04-09,31,Nebraska,14
2020-04-09,32,Nevada,81
2020-04-09,33,New Hampshire,21
2020-04-09,34,New Jersey,2250
2020-04-09,35,New Mexico,16
2020-04-09,36,New York,10929
2020-04-09,37,North Carolina,76
2020-04-09,38,North Dakota,5
2020-04-09,39,Ohio,213
2020-04-09,40,Oklahoma,80
2020-04-09,41,Oregon,44
2020-04-09,42,Pennsylvania,345
2020-04-09,44,Rhode Island,43
2020-04-09,45,South Carolina,67
2020-04-09,46,South Dakota,6
2020-04-09,47,Tennessee,94
2020-04-09,48,Texas,247
2020-04-09,49,Utah,13
2020-04-09,50,Vermont,23
2020-04-09,51,Virginia,109
2020-04-09,53,Washington,456
2020-04-09,54,West Virginia,5
2020-04-09,55,Wisconsin,111
2020-04-09,56,Wyoming,0
2020-04-09,60,American Samoa,0
2020-04-09,66,Guam,4
2020-04-09,69,Northern Mariana Islands,2
2020-04-09,72,Puerto Rico,33
2020-04-09,78,Virgin Islands,1
2020-04-09,,Diamond Princess,0
2020-04-09,,Grand Princess,3
2020-04-10,01,Alabama,80
2020-04-10,02,Alaska,7
2020-04-10,04,Arizona,106
2020-04-10,05,Arkansas,21
2020-04-10,06,California,583
2020-04-10,08,Colorado,250
2020-04-10,09,Connecticut,448
2020-04-10,10,Delaware,32
2020-04-10,11,District of Columbia,38
2020-04-10,12,Florida,390
2020-04-10,13,Georgia,416
2020-04-10,15,Hawaii,6
2020-04-10,16,Idaho,24
2020-04-10,17,Illinois,597
2020-04-10,18,Indiana,300
2020-04-10,19,Iowa,31
2020-04-10,20,Kansas,42
2020-04-10,21,Kentucky,90
2020-04-10,22,Louisiana,755
2020-04-10,23,Maine,17
2020-04-10,24,Maryland,171
2020-04-10,25,Massachusetts,599
2020-04-10,26,Michigan,1371
2020-04-10,27,Minnesota,57
2020-04-10,28,Mississippi,82
2020-04-10,29,Missouri,133
2020-04-10,30,Montana,6
2020-04-10,31,Nebraska,15
2020-04-10,32,Nevada,90
2020-04-10,33,New Hampshire,21
2020-04-10,34,New Jersey,2529
2020-04-10,35,New Mexico,17
2020-04-10,36,New York,11850
2020-04-10,37,North Carolina,83
2020-04-10,38,North Dakota,6
2020-04-10,39,Ohio,231
2020-04-10,40,Oklahoma,88
2020-04-10,41,Oregon,44
2020-04-10,42,Pennsylvania,418
2020-04-10,44,Rhode Island,43
2020-04-10,45,South Carolina,72
2020-04-10,46,South Dakota,6
2020-04-10,47,Tennessee,98
2020-04-10,48,Texas,272
2020-04-10,49,Utah,17
2020-04-10,50,Vermont,24
2020-04-10,51,Virginia,121
2020-04-10,53,Washington,483
2020-04-10,54,West Virginia,5
2020-04-10,55,Wisconsin,128
2020-04-10,56,Wyoming,0
2020-04-10,60,American Samoa,0
2020-04-10,66,Guam,4
2020-04-10,69,Northern Mariana Islands,2
2020-04-10,72,Puerto Rico,39
2020-04-10,78,Virgin Islands,1
2020-04-10,,Diamond Princess,0
2020-04-10,,Grand Princess,3
2020-04-11,01,Alabama,92
2020-04-11,02,Alaska,8
2020-04-11,04,Arizona,117
2020-04-11,05,Arkansas,25
2020-04-11,06,California,604
2020-04-11,08,Colorado,274
2020-04-11,09,Connecticut,494
2020-04-11,10,Delaware,33
2020-04-11,11,District of Columbia,47
2020-04-11,12,Florida,438
2020-04-11,13,Georgia,429
2020-04-11,15,Hawaii,8
2020-04-11,16,Idaho,25
2020-04-11,17,Illinois,677
2020-04-11,18,Indiana,330
2020-04-11,19,Iowa,34
2020-04-11,20,Kansas,55
2020-04-11,21,Kentucky,90
2020-04-11,22,Louisiana,806
2020-04-11,23,Maine,19
2020-04-11,24,Maryland,206
2020-04-11,25,Massachusetts,686
2020-04-11,26,Michigan,1487
2020-04-11,27,Minnesota,64
2020-04-11,28,Mississippi,93
2020-04-11,29,Missouri,145
2020-04-11,30,Montana,6
2020-04-11,31,Nebraska,17
2020-04-11,32,Nevada,102
2020-04-11,33,New Hampshire,22
2020-04-11,34,New Jersey,2854
2020-04-11,35,New Mexico,19
2020-04-11,36,New York,12772
2020-04-11,37,North Carolina,89
2020-04-11,38,North Dakota,7
2020-04-11,39,Ohio,247
2020-04-11,40,Oklahoma,94
2020-04-11,41,Oregon,48
2020-04-11,42,Pennsylvania,503
2020-04-11,44,Rhode Island,56
2020-04-11,45,South Carolina,80
2020-04-11,46,South Dakota,6
2020-04-11,47,Tennessee,106
2020-04-11,48,Texas,304
2020-04-11,49,Utah,18
2020-04-11,50,Vermont,25
2020-04-11,51,Virginia,130
2020-04-11,53,Washington,495
2020-04-11,54,West Virginia,5
2020-04-11,55,Wisconsin,137
2020-04-11,56,Wyoming,0
2020-04-11,60,American Samoa,0
2020-04-11,66,Guam,5
2020-04-11,69,Northern Mariana Islands,2
2020-04-11,72,Puerto Rico,42
2020-04-11,78,Virgin Islands,1
2020-04-11,,Diamond Princess,0
2020-04-11,,Grand Princess,3
2020-04-12,01,Alabama,93
2020-04-12,02,Alaska,8
2020-04-12,04,Arizona,125
2020-04-12,05,Arkansas,27
2020-04-12,06,California,640
2020-04-12,08,Colorado,289
2020-04-12,09,Connecticut,554
2020-04-12,10,Delaware,35
2020-04-12,11,District of Columbia,50
2020-04-12,12,Florida,461
2020-04-12,13,Georgia,433
2020-04-12,15,Hawaii,9
2020-04-12,16,Idaho,27
2020-04-12,17,Illinois,720
2020-04-12,18,Indiana,343
2020-04-12,19,Iowa,41
2020-04-12,20,Kansas,56
2020-04-12,21,Kentucky,97
2020-04-12,22,Louisiana,840
2020-04-12,23,Maine,19
2020-04-12,24,Maryland,236
2020-04-12,25,Massachusetts,756
2020-04-12,26,Michigan,1592
2020-04-12,27,Minnesota,70
2020-04-12,28,Mississippi,96
2020-04-12,29,Missouri,157
2020-04-12,30,Montana,6
2020-04-12,31,Nebraska,17
2020-04-12,32,Nevada,112
2020-04-12,33,New Hampshire,23
2020-04-12,34,New Jersey,3096
2020-04-12,35,New Mexico,26
2020-04-12,36,New York,13710
2020-04-12,37,North Carolina,89
2020-04-12,38,North Dakota,7
2020-04-12,39,Ohio,253
2020-04-12,40,Oklahoma,96
2020-04-12,41,Oregon,52
2020-04-12,42,Pennsylvania,557
2020-04-12,44,Rhode Island,63
2020-04-12,45,South Carolina,82
2020-04-12,46,South Dakota,6
2020-04-12,47,Tennessee,106
2020-04-12,48,Texas,325
2020-04-12,49,Utah,18
2020-04-12,50,Vermont,27
2020-04-12,51,Virginia,141
2020-04-12,53,Washington,506
2020-04-12,54,West Virginia,6
2020-04-12,55,Wisconsin,144
2020-04-12,56,Wyoming,0
2020-04-12,60,American Samoa,0
2020-04-12,66,Guam,5
2020-04-12,69,Northern Mariana Islands,2
2020-04-12,72,Puerto Rico,44
2020-04-12,78,Virgin Islands,1
2020-04-12,,Diamond Princess,0
2020-04-12,,Grand Princess,0
2020-04-13,01,Alabama,99
2020-04-13,02,Alaska,8
2020-04-13,04,Arizona,132
2020-04-13,05,Arkansas,29
2020-04-13,06,California,714
2020-04-13,08,Colorado,306
2020-04-13,09,Connecticut,602
2020-04-13,10,Delaware,41
2020-04-13,11,District of Columbia,52
2020-04-13,12,Florida,499
2020-04-13,13,Georgia,465
2020-04-13,15,Hawaii,9
2020-04-13,16,Idaho,27
2020-04-13,17,Illinois,798
2020-04-13,18,Indiana,350
2020-04-13,19,Iowa,41
2020-04-13,20,Kansas,62
2020-04-13,21,Kentucky,113
2020-04-13,22,Louisiana,884
2020-04-13,23,Maine,19
2020-04-13,24,Maryland,262
2020-04-13,25,Massachusetts,844
2020-04-13,26,Michigan,1724
2020-04-13,27,Minnesota,70
2020-04-13,28,Mississippi,98
2020-04-13,29,Missouri,167
2020-04-13,30,Montana,7
2020-04-13,31,Nebraska,17
2020-04-13,32,Nevada,114
2020-04-13,33,New Hampshire,23
2020-04-13,34,New Jersey,3263
2020-04-13,35,New Mexico,26
2020-04-13,36,New York,14728
2020-04-13,37,North Carolina,94
2020-04-13,38,North Dakota,8
2020-04-13,39,Ohio,274
2020-04-13,40,Oklahoma,99
2020-04-13,41,Oregon,53
2020-04-13,42,Pennsylvania,589
2020-04-13,44,Rhode Island,63
2020-04-13,45,South Carolina,82
2020-04-13,46,South Dakota,6
2020-04-13,47,Tennessee,109
2020-04-13,48,Texas,351
2020-04-13,49,Utah,13
2020-04-13,50,Vermont,28
2020-04-13,51,Virginia,149
2020-04-13,53,Washington,513
2020-04-13,54,West Virginia,8
2020-04-13,55,Wisconsin,154
2020-04-13,56,Wyoming,1
2020-04-13,60,American Samoa,0
2020-04-13,66,Guam,5
2020-04-13,69,Northern Mariana Islands,2
2020-04-13,72,Puerto Rico,45
2020-04-13,78,Virgin Islands,1
2020-04-13,,Diamond Princess,0
2020-04-13,,Grand Princess,0
2020-04-14,01,Alabama,114
2020-04-14,02,Alaska,9
2020-04-14,04,Arizona,143
2020-04-14,05,Arkansas,32
2020-04-14,06,California,767
2020-04-14,08,Colorado,327
2020-04-14,09,Connecticut,671
2020-04-14,10,Delaware,43
2020-04-14,11,District of Columbia,67
2020-04-14,12,Florida,571
2020-04-14,13,Georgia,525
2020-04-14,15,Hawaii,9
2020-04-14,16,Idaho,33
2020-04-14,17,Illinois,868
2020-04-14,18,Indiana,387
2020-04-14,19,Iowa,49
2020-04-14,20,Kansas,69
2020-04-14,21,Kentucky,106
2020-04-14,22,Louisiana,1013
2020-04-14,23,Maine,20
2020-04-14,24,Maryland,302
2020-04-14,25,Massachusetts,844
2020-04-14,26,Michigan,1899
2020-04-14,27,Minnesota,79
2020-04-14,28,Mississippi,111
2020-04-14,29,Missouri,185
2020-04-14,30,Montana,7
2020-04-14,31,Nebraska,20
2020-04-14,32,Nevada,126
2020-04-14,33,New Hampshire,25
2020-04-14,34,New Jersey,3678
2020-04-14,35,New Mexico,31
2020-04-14,36,New York,15608
2020-04-14,37,North Carolina,112
2020-04-14,38,North Dakota,8
2020-04-14,39,Ohio,324
2020-04-14,40,Oklahoma,108
2020-04-14,41,Oregon,55
2020-04-14,42,Pennsylvania,691
2020-04-14,44,Rhode Island,80
2020-04-14,45,South Carolina,97
2020-04-14,46,South Dakota,6
2020-04-14,47,Tennessee,124
2020-04-14,48,Texas,388
2020-04-14,49,Utah,18
2020-04-14,50,Vermont,29
2020-04-14,51,Virginia,154
2020-04-14,53,Washington,530
2020-04-14,54,West Virginia,9
2020-04-14,55,Wisconsin,170
2020-04-14,56,Wyoming,1
2020-04-14,60,American Samoa,0
2020-04-14,66,Guam,5
2020-04-14,69,Northern Mariana Islands,2
2020-04-14,72,Puerto Rico,45
2020-04-14,78,Virgin Islands,1
2020-04-14,,Diamond Princess,0
2020-04-14,,Grand Princess,0
2020-04-15,01,Alabama,118
2020-04-15,02,Alaska,9
2020-04-15,04,Arizona,155
2020-04-15,05,Arkansas,33
2020-04-15,06,California,860
2020-04-15,08,Colorado,354
2020-04-15,09,Connecticut,868
2020-04-15,10,Delaware,46
2020-04-15,11,District of Columbia,72
2020-04-15,12,Florida,596
2020-04-15,13,Georgia,552
2020-04-15,15,Hawaii,9
2020-04-15,16,Idaho,39
2020-04-15,17,Illinois,949
2020-04-15,18,Indiana,436
2020-04-15,19,Iowa,53
2020-04-15,20,Kansas,71
2020-04-15,21,Kentucky,115
2020-04-15,22,Louisiana,1103
2020-04-15,23,Maine,24
2020-04-15,24,Maryland,311
2020-04-15,25,Massachusetts,1108
2020-04-15,26,Michigan,2056
2020-04-15,27,Minnesota,87
2020-04-15,28,Mississippi,122
2020-04-15,29,Missouri,202
2020-04-15,30,Montana,7
2020-04-15,31,Nebraska,20
2020-04-15,32,Nevada,131
2020-04-15,33,New Hampshire,32
2020-04-15,34,New Jersey,4088
2020-04-15,35,New Mexico,36
2020-04-15,36,New York,16394
2020-04-15,37,North Carolina,130
2020-04-15,38,North Dakota,9
2020-04-15,39,Ohio,362
2020-04-15,40,Oklahoma,123
2020-04-15,41,Oregon,58
2020-04-15,42,Pennsylvania,779
2020-04-15,44,Rhode Island,80
2020-04-15,45,South Carolina,106
2020-04-15,46,South Dakota,6
2020-04-15,47,Tennessee,124
2020-04-15,48,Texas,422
2020-04-15,49,Utah,20
2020-04-15,50,Vermont,29
2020-04-15,51,Virginia,195
2020-04-15,53,Washington,552
2020-04-15,54,West Virginia,10
2020-04-15,55,Wisconsin,183
2020-04-15,56,Wyoming,1
2020-04-15,60,American Samoa,0
2020-04-15,66,Guam,5
2020-04-15,69,Northern Mariana Islands,2
2020-04-15,72,Puerto Rico,51
2020-04-15,78,Virgin Islands,1
2020-04-15,,Diamond Princess,0
2020-04-15,,Grand Princess,0
2020-04-16,01,Alabama,133
2020-04-16,02,Alaska,9
2020-04-16,04,Arizona,164
2020-04-16,05,Arkansas,37
2020-04-16,06,California,956
2020-04-16,08,Colorado,372
2020-04-16,09,Connecticut,971
2020-04-16,10,Delaware,55
2020-04-16,11,District of Columbia,81
2020-04-16,12,Florida,668
2020-04-16,13,Georgia,587
2020-04-16,15,Hawaii,9
2020-04-16,16,Idaho,41
2020-04-16,17,Illinois,1072
2020-04-16,18,Indiana,477
2020-04-16,19,Iowa,60
2020-04-16,20,Kansas,80
2020-04-16,21,Kentucky,129
2020-04-16,22,Louisiana,1156
2020-04-16,23,Maine,27
2020-04-16,24,Maryland,319
2020-04-16,25,Massachusetts,1108
2020-04-16,26,Michigan,2136
2020-04-16,27,Minnesota,87
2020-04-16,28,Mississippi,129
2020-04-16,29,Missouri,216
2020-04-16,30,Montana,7
2020-04-16,31,Nebraska,21
2020-04-16,32,Nevada,137
2020-04-16,33,New Hampshire,32
2020-04-16,34,New Jersey,4510
2020-04-16,35,New Mexico,36
2020-04-16,36,New York,17137
2020-04-16,37,North Carolina,150
2020-04-16,38,North Dakota,9
2020-04-16,39,Ohio,407
2020-04-16,40,Oklahoma,131
2020-04-16,41,Oregon,64
2020-04-16,42,Pennsylvania,841
2020-04-16,44,Rhode Island,87
2020-04-16,45,South Carolina,111
2020-04-16,46,South Dakota,7
2020-04-16,47,Tennessee,136
2020-04-16,48,Texas,463
2020-04-16,49,Utah,20
2020-04-16,50,Vermont,33
2020-04-16,51,Virginia,208
2020-04-16,53,Washington,579
2020-04-16,54,West Virginia,12
2020-04-16,55,Wisconsin,197
2020-04-16,56,Wyoming,2
2020-04-16,60,American Samoa,0
2020-04-16,66,Guam,5
2020-04-16,69,Northern Mariana Islands,2
2020-04-16,72,Puerto Rico,56
2020-04-16,78,Virgin Islands,1
2020-04-16,,Diamond Princess,0
2020-04-16,,Grand Princess,0
2020-04-17,01,Alabama,148
2020-04-17,02,Alaska,9
2020-04-17,04,Arizona,183
2020-04-17,05,Arkansas,37
2020-04-17,06,California,1037
2020-04-17,08,Colorado,389
2020-04-17,09,Connecticut,1036
2020-04-17,10,Delaware,61
2020-04-17,11,District of Columbia,86
2020-04-17,12,Florida,725
2020-04-17,13,Georgia,650
2020-04-17,15,Hawaii,9
2020-04-17,16,Idaho,41
2020-04-17,17,Illinois,1132
2020-04-17,18,Indiana,522
2020-04-17,19,Iowa,64
2020-04-17,20,Kansas,82
2020-04-17,21,Kentucky,137
2020-04-17,22,Louisiana,1213
2020-04-17,23,Maine,29
2020-04-17,24,Maryland,334
2020-04-17,25,Massachusetts,1245
2020-04-17,26,Michigan,2375
2020-04-17,27,Minnesota,111
2020-04-17,28,Mississippi,140
2020-04-17,29,Missouri,229
2020-04-17,30,Montana,8
2020-04-17,31,Nebraska,24
2020-04-17,32,Nevada,142
2020-04-17,33,New Hampshire,37
2020-04-17,34,New Jersey,4881
2020-04-17,35,New Mexico,44
2020-04-17,36,New York,17614
2020-04-17,37,North Carolina,177
2020-04-17,38,North Dakota,9
2020-04-17,39,Ohio,418
2020-04-17,40,Oklahoma,136
2020-04-17,41,Oregon,70
2020-04-17,42,Pennsylvania,921
2020-04-17,44,Rhode Island,118
2020-04-17,45,South Carolina,116
2020-04-17,46,South Dakota,7
2020-04-17,47,Tennessee,141
2020-04-17,48,Texas,503
2020-04-17,49,Utah,23
2020-04-17,50,Vermont,35
2020-04-17,51,Virginia,231
2020-04-17,53,Washington,603
2020-04-17,54,West Virginia,16
2020-04-17,55,Wisconsin,206
2020-04-17,56,Wyoming,2
2020-04-17,60,American Samoa,0
2020-04-17,66,Guam,5
2020-04-17,69,Northern Mariana Islands,2
2020-04-17,72,Puerto Rico,58
2020-04-17,78,Virgin Islands,2
2020-04-17,,Diamond Princess,0
2020-04-17,,Grand Princess,0
2020-04-18,01,Alabama,153
2020-04-18,02,Alaska,9
2020-04-18,04,Arizona,180
2020-04-18,05,Arkansas,38
2020-04-18,06,California,1140
2020-04-18,08,Colorado,411
2020-04-18,09,Connecticut,1086
2020-04-18,10,Delaware,67
2020-04-18,11,District of Columbia,91
2020-04-18,12,Florida,748
2020-04-18,13,Georgia,673
2020-04-18,15,Hawaii,9
2020-04-18,16,Idaho,43
2020-04-18,17,Illinois,1259
2020-04-18,18,Indiana,545
2020-04-18,19,Iowa,74
2020-04-18,20,Kansas,85
2020-04-18,21,Kentucky,144
2020-04-18,22,Louisiana,1267
2020-04-18,23,Maine,32
2020-04-18,24,Maryland,421
2020-04-18,25,Massachusetts,1404
2020-04-18,26,Michigan,2460
2020-04-18,27,Minnesota,121
2020-04-18,28,Mississippi,152
2020-04-18,29,Missouri,236
2020-04-18,30,Montana,10
2020-04-18,31,Nebraska,24
2020-04-18,32,Nevada,151
2020-04-18,33,New Hampshire,38
2020-04-18,34,New Jersey,5169
2020-04-18,35,New Mexico,53
2020-04-18,36,New York,18175
2020-04-18,37,North Carolina,187
2020-04-18,38,North Dakota,9
2020-04-18,39,Ohio,451
2020-04-18,40,Oklahoma,136
2020-04-18,41,Oregon,72
2020-04-18,42,Pennsylvania,1042
2020-04-18,44,Rhode Island,137
2020-04-18,45,South Carolina,119
2020-04-18,46,South Dakota,7
2020-04-18,47,Tennessee,142
2020-04-18,48,Texas,529
2020-04-18,49,Utah,25
2020-04-18,50,Vermont,38
2020-04-18,51,Virginia,258
2020-04-18,53,Washington,613
2020-04-18,54,West Virginia,16
2020-04-18,55,Wisconsin,212
2020-04-18,56,Wyoming,2
2020-04-18,60,American Samoa,0
2020-04-18,66,Guam,5
2020-04-18,69,Northern Mariana Islands,2
2020-04-18,72,Puerto Rico,60
2020-04-18,78,Virgin Islands,3
2020-04-18,,Diamond Princess,0
2020-04-18,,Grand Princess,0
2020-04-19,01,Alabama,157
2020-04-19,02,Alaska,9
2020-04-19,04,Arizona,184
2020-04-19,05,Arkansas,39
2020-04-19,06,California,1177
2020-04-19,08,Colorado,420
2020-04-19,09,Connecticut,1127
2020-04-19,10,Delaware,67
2020-04-19,11,District of Columbia,96
2020-04-19,12,Florida,774
2020-04-19,13,Georgia,687
2020-04-19,15,Hawaii,10
2020-04-19,16,Idaho,44
2020-04-19,17,Illinois,1290
2020-04-19,18,Indiana,562
2020-04-19,19,Iowa,75
2020-04-19,20,Kansas,93
2020-04-19,21,Kentucky,146
2020-04-19,22,Louisiana,1296
2020-04-19,23,Maine,34
2020-04-19,24,Maryland,461
2020-04-19,25,Massachusetts,1706
2020-04-19,26,Michigan,2551
2020-04-19,27,Minnesota,134
2020-04-19,28,Mississippi,159
2020-04-19,29,Missouri,242
2020-04-19,30,Montana,10
2020-04-19,31,Nebraska,28
2020-04-19,32,Nevada,158
2020-04-19,33,New Hampshire,38
2020-04-19,34,New Jersey,5505
2020-04-19,35,New Mexico,55
2020-04-19,36,New York,18699
2020-04-19,37,North Carolina,200
2020-04-19,38,North Dakota,9
2020-04-19,39,Ohio,471
2020-04-19,40,Oklahoma,140
2020-04-19,41,Oregon,74
2020-04-19,42,Pennsylvania,1276
2020-04-19,44,Rhode Island,150
2020-04-19,45,South Carolina,120
2020-04-19,46,South Dakota,7
2020-04-19,47,Tennessee,148
2020-04-19,48,Texas,546
2020-04-19,49,Utah,27
2020-04-19,50,Vermont,38
2020-04-19,51,Virginia,277
2020-04-19,53,Washington,636
2020-04-19,54,West Virginia,18
2020-04-19,55,Wisconsin,220
2020-04-19,56,Wyoming,2
2020-04-19,60,American Samoa,0
2020-04-19,66,Guam,5
2020-04-19,69,Northern Mariana Islands,2
2020-04-19,72,Puerto Rico,62
2020-04-19,78,Virgin Islands,3
2020-04-19,,Diamond Princess,0
2020-04-19,,Grand Princess,0
2020-04-20,01,Alabama,163
2020-04-20,02,Alaska,9
2020-04-20,04,Arizona,191
2020-04-20,05,Arkansas,41
2020-04-20,06,California,1225
2020-04-20,08,Colorado,447
2020-04-20,09,Connecticut,1331
2020-04-20,10,Delaware,72
2020-04-20,11,District of Columbia,105
2020-04-20,12,Florida,822
2020-04-20,13,Georgia,775
2020-04-20,15,Hawaii,10
2020-04-20,16,Idaho,45
2020-04-20,17,Illinois,1349
2020-04-20,18,Indiana,577
2020-04-20,19,Iowa,79
2020-04-20,20,Kansas,102
2020-04-20,21,Kentucky,154
2020-04-20,22,Louisiana,1328
2020-04-20,23,Maine,35
2020-04-20,24,Maryland,582
2020-04-20,25,Massachusetts,1706
2020-04-20,26,Michigan,2637
2020-04-20,27,Minnesota,143
2020-04-20,28,Mississippi,169
2020-04-20,29,Missouri,263
2020-04-20,30,Montana,10
2020-04-20,31,Nebraska,33
2020-04-20,32,Nevada,159
2020-04-20,33,New Hampshire,42
2020-04-20,34,New Jersey,5678
2020-04-20,35,New Mexico,58
2020-04-20,36,New York,19670
2020-04-20,37,North Carolina,218
2020-04-20,38,North Dakota,9
2020-04-20,39,Ohio,509
2020-04-20,40,Oklahoma,143
2020-04-20,41,Oregon,75
2020-04-20,42,Pennsylvania,1348
2020-04-20,44,Rhode Island,155
2020-04-20,45,South Carolina,123
2020-04-20,46,South Dakota,7
2020-04-20,47,Tennessee,152
2020-04-20,48,Texas,563
2020-04-20,49,Utah,28
2020-04-20,50,Vermont,38
2020-04-20,51,Virginia,300
2020-04-20,53,Washington,643
2020-04-20,54,West Virginia,24
2020-04-20,55,Wisconsin,230
2020-04-20,56,Wyoming,2
2020-04-20,60,American Samoa,0
2020-04-20,66,Guam,5
2020-04-20,69,Northern Mariana Islands,2
2020-04-20,72,Puerto Rico,63
2020-04-20,78,Virgin Islands,3
2020-04-20,,Diamond Princess,0
2020-04-20,,Grand Princess,0
2020-04-21,01,Alabama,183
2020-04-21,02,Alaska,9
2020-04-21,04,Arizona,208
2020-04-21,05,Arkansas,42
2020-04-21,06,California,1282
2020-04-21,08,Colorado,483
2020-04-21,09,Connecticut,1423
2020-04-21,10,Delaware,82
2020-04-21,11,District of Columbia,112
2020-04-21,12,Florida,867
2020-04-21,13,Georgia,798
2020-04-21,15,Hawaii,10
2020-04-21,16,Idaho,48
2020-04-21,17,Illinois,1468
2020-04-21,18,Indiana,635
2020-04-21,19,Iowa,83
2020-04-21,20,Kansas,109
2020-04-21,21,Kentucky,171
2020-04-21,22,Louisiana,1405
2020-04-21,23,Maine,36
2020-04-21,24,Maryland,652
2020-04-21,25,Massachusetts,1961
2020-04-21,26,Michigan,2746
2020-04-21,27,Minnesota,160
2020-04-21,28,Mississippi,183
2020-04-21,29,Missouri,281
2020-04-21,30,Montana,12
2020-04-21,31,Nebraska,33
2020-04-21,32,Nevada,163
2020-04-21,33,New Hampshire,42
2020-04-21,34,New Jersey,5974
2020-04-21,35,New Mexico,58
2020-04-21,36,New York,20341
2020-04-21,37,North Carolina,245
2020-04-21,38,North Dakota,13
2020-04-21,39,Ohio,557
2020-04-21,40,Oklahoma,164
2020-04-21,41,Oregon,78
2020-04-21,42,Pennsylvania,1614
2020-04-21,44,Rhode Island,171
2020-04-21,45,South Carolina,124
2020-04-21,46,South Dakota,8
2020-04-21,47,Tennessee,157
2020-04-21,48,Texas,601
2020-04-21,49,Utah,32
2020-04-21,50,Vermont,40
2020-04-21,51,Virginia,324
2020-04-21,53,Washington,664
2020-04-21,54,West Virginia,26
2020-04-21,55,Wisconsin,244
2020-04-21,56,Wyoming,2
2020-04-21,60,American Samoa,0
2020-04-21,66,Guam,5
2020-04-21,69,Northern Mariana Islands,2
2020-04-21,72,Puerto Rico,64
2020-04-21,78,Virgin Islands,3
2020-04-21,,Diamond Princess,0
2020-04-21,,Grand Princess,0
2020-04-22,01,Alabama,196
2020-04-22,02,Alaska,9
2020-04-22,04,Arizona,231
2020-04-22,05,Arkansas,42
2020-04-22,06,California,1421
2020-04-22,08,Colorado,506
2020-04-22,09,Connecticut,1544
2020-04-22,10,Delaware,89
2020-04-22,11,District of Columbia,127
2020-04-22,12,Florida,893
2020-04-22,13,Georgia,848
2020-04-22,15,Hawaii,12
2020-04-22,16,Idaho,51
2020-04-22,17,Illinois,1565
2020-04-22,18,Indiana,666
2020-04-22,19,Iowa,90
2020-04-22,20,Kansas,112
2020-04-22,21,Kentucky,185
2020-04-22,22,Louisiana,1473
2020-04-22,23,Maine,39
2020-04-22,24,Maryland,698
2020-04-22,25,Massachusetts,2182
2020-04-22,26,Michigan,2987
2020-04-22,27,Minnesota,179
2020-04-22,28,Mississippi,193
2020-04-22,29,Missouri,301
2020-04-22,30,Montana,14
2020-04-22,31,Nebraska,38
2020-04-22,32,Nevada,172
2020-04-22,33,New Hampshire,48
2020-04-22,34,New Jersey,6407
2020-04-22,35,New Mexico,71
2020-04-22,36,New York,20859
2020-04-22,37,North Carolina,265
2020-04-22,38,North Dakota,14
2020-04-22,39,Ohio,610
2020-04-22,40,Oklahoma,170
2020-04-22,41,Oregon,78
2020-04-22,42,Pennsylvania,1673
2020-04-22,44,Rhode Island,181
2020-04-22,45,South Carolina,140
2020-04-22,46,South Dakota,9
2020-04-22,47,Tennessee,157
2020-04-22,48,Texas,626
2020-04-22,49,Utah,32
2020-04-22,50,Vermont,40
2020-04-22,51,Virginia,349
2020-04-22,53,Washington,686
2020-04-22,54,West Virginia,27
2020-04-22,55,Wisconsin,248
2020-04-22,56,Wyoming,6
2020-04-22,60,American Samoa,0
2020-04-22,66,Guam,5
2020-04-22,69,Northern Mariana Islands,2
2020-04-22,72,Puerto Rico,63
2020-04-22,78,Virgin Islands,3
2020-04-22,,Diamond Princess,0
2020-04-22,,Grand Princess,0
2020-04-23,01,Alabama,202
2020-04-23,02,Alaska,9
2020-04-23,04,Arizona,249
2020-04-23,05,Arkansas,45
2020-04-23,06,California,1533
2020-04-23,08,Colorado,552
2020-04-23,09,Connecticut,1639
2020-04-23,10,Delaware,92
2020-04-23,11,District of Columbia,139
2020-04-23,12,Florida,987
2020-04-23,13,Georgia,881
2020-04-23,15,Hawaii,12
2020-04-23,16,Idaho,54
2020-04-23,17,Illinois,1688
2020-04-23,18,Indiana,706
2020-04-23,19,Iowa,96
2020-04-23,20,Kansas,113
2020-04-23,21,Kentucky,191
2020-04-23,22,Louisiana,1599
2020-04-23,23,Maine,44
2020-04-23,24,Maryland,748
2020-04-23,25,Massachusetts,2360
2020-04-23,26,Michigan,3157
2020-04-23,27,Minnesota,200
2020-04-23,28,Mississippi,201
2020-04-23,29,Missouri,317
2020-04-23,30,Montana,14
2020-04-23,31,Nebraska,47
2020-04-23,32,Nevada,195
2020-04-23,33,New Hampshire,51
2020-04-23,34,New Jersey,6713
2020-04-23,35,New Mexico,78
2020-04-23,36,New York,21516
2020-04-23,37,North Carolina,281
2020-04-23,38,North Dakota,15
2020-04-23,39,Ohio,656
2020-04-23,40,Oklahoma,179
2020-04-23,41,Oregon,83
2020-04-23,42,Pennsylvania,1724
2020-04-23,44,Rhode Island,189
2020-04-23,45,South Carolina,150
2020-04-23,46,South Dakota,9
2020-04-23,47,Tennessee,171
2020-04-23,48,Texas,676
2020-04-23,49,Utah,35
2020-04-23,50,Vermont,43
2020-04-23,51,Virginia,373
2020-04-23,53,Washington,711
2020-04-23,54,West Virginia,31
2020-04-23,55,Wisconsin,258
2020-04-23,56,Wyoming,7
2020-04-23,60,American Samoa,0
2020-04-23,66,Guam,5
2020-04-23,69,Northern Mariana Islands,2
2020-04-23,72,Puerto Rico,69
2020-04-23,78,Virgin Islands,3
2020-04-23,,Diamond Princess,0
2020-04-23,,Grand Princess,3
2020-04-24,01,Alabama,209
2020-04-24,02,Alaska,9
2020-04-24,04,Arizona,266
2020-04-24,05,Arkansas,47
2020-04-24,06,California,1621
2020-04-24,08,Colorado,674
2020-04-24,09,Connecticut,1767
2020-04-24,10,Delaware,100
2020-04-24,11,District of Columbia,153
2020-04-24,12,Florida,1046
2020-04-24,13,Georgia,899
2020-04-24,15,Hawaii,13
2020-04-24,16,Idaho,54
2020-04-24,17,Illinois,1795
2020-04-24,18,Indiana,741
2020-04-24,19,Iowa,107
2020-04-24,20,Kansas,118
2020-04-24,21,Kentucky,200
2020-04-24,22,Louisiana,1660
2020-04-24,23,Maine,47
2020-04-24,24,Maryland,798
2020-04-24,25,Massachusetts,2556
2020-04-24,26,Michigan,3267
2020-04-24,27,Minnesota,221
2020-04-24,28,Mississippi,209
2020-04-24,29,Missouri,343
2020-04-24,30,Montana,14
2020-04-24,31,Nebraska,50
2020-04-24,32,Nevada,197
2020-04-24,33,New Hampshire,53
2020-04-24,34,New Jersey,7003
2020-04-24,35,New Mexico,84
2020-04-24,36,New York,22069
2020-04-24,37,North Carolina,294
2020-04-24,38,North Dakota,15
2020-04-24,39,Ohio,690
2020-04-24,40,Oklahoma,188
2020-04-24,41,Oregon,86
2020-04-24,42,Pennsylvania,1747
2020-04-24,44,Rhode Island,202
2020-04-24,45,South Carolina,157
2020-04-24,46,South Dakota,10
2020-04-24,47,Tennessee,169
2020-04-24,48,Texas,699
2020-04-24,49,Utah,39
2020-04-24,50,Vermont,44
2020-04-24,51,Virginia,411
2020-04-24,53,Washington,722
2020-04-24,54,West Virginia,32
2020-04-24,55,Wisconsin,263
2020-04-24,56,Wyoming,7
2020-04-24,60,American Samoa,0
2020-04-24,66,Guam,5
2020-04-24,69,Northern Mariana Islands,2
2020-04-24,72,Puerto Rico,77
2020-04-24,78,Virgin Islands,3
2020-04-24,,Diamond Princess,0
2020-04-24,,Grand Princess,3
2020-04-25,01,Alabama,209
2020-04-25,02,Alaska,9
2020-04-25,04,Arizona,273
2020-04-25,05,Arkansas,48
2020-04-25,06,California,1689
2020-04-25,08,Colorado,684
2020-04-25,09,Connecticut,1865
2020-04-25,10,Delaware,112
2020-04-25,11,District of Columbia,165
2020-04-25,12,Florida,1055
2020-04-25,13,Georgia,907
2020-04-25,15,Hawaii,13
2020-04-25,16,Idaho,56
2020-04-25,17,Illinois,1875
2020-04-25,18,Indiana,786
2020-04-25,19,Iowa,112
2020-04-25,20,Kansas,120
2020-04-25,21,Kentucky,205
2020-04-25,22,Louisiana,1707
2020-04-25,23,Maine,47
2020-04-25,24,Maryland,875
2020-04-25,25,Massachusetts,2730
2020-04-25,26,Michigan,3339
2020-04-25,27,Minnesota,244
2020-04-25,28,Mississippi,221
2020-04-25,29,Missouri,357
2020-04-25,30,Montana,14
2020-04-25,31,Nebraska,50
2020-04-25,32,Nevada,205
2020-04-25,33,New Hampshire,53
2020-04-25,34,New Jersey,7274
2020-04-25,35,New Mexico,93
2020-04-25,36,New York,22505
2020-04-25,37,North Carolina,305
2020-04-25,38,North Dakota,16
2020-04-25,39,Ohio,711
2020-04-25,40,Oklahoma,194
2020-04-25,41,Oregon,87
2020-04-25,42,Pennsylvania,1793
2020-04-25,44,Rhode Island,215
2020-04-25,45,South Carolina,166
2020-04-25,46,South Dakota,10
2020-04-25,47,Tennessee,177
2020-04-25,48,Texas,720
2020-04-25,49,Utah,41
2020-04-25,50,Vermont,46
2020-04-25,51,Virginia,437
2020-04-25,53,Washington,737
2020-04-25,54,West Virginia,32
2020-04-25,55,Wisconsin,266
2020-04-25,56,Wyoming,7
2020-04-25,60,American Samoa,0
2020-04-25,66,Guam,5
2020-04-25,69,Northern Mariana Islands,2
2020-04-25,72,Puerto Rico,83
2020-04-25,78,Virgin Islands,3
2020-04-25,,Diamond Princess,0
2020-04-25,,Grand Princess,3
2020-04-26,01,Alabama,219
2020-04-26,02,Alaska,9
2020-04-26,04,Arizona,275
2020-04-26,05,Arkansas,51
2020-04-26,06,California,1725
2020-04-26,08,Colorado,688
2020-04-26,09,Connecticut,1924
2020-04-26,10,Delaware,120
2020-04-26,11,District of Columbia,178
2020-04-26,12,Florida,1075
2020-04-26,13,Georgia,916
2020-04-26,15,Hawaii,14
2020-04-26,16,Idaho,56
2020-04-26,17,Illinois,1933
2020-04-26,18,Indiana,813
2020-04-26,19,Iowa,118
2020-04-26,20,Kansas,121
2020-04-26,21,Kentucky,208
2020-04-26,22,Louisiana,1729
2020-04-26,23,Maine,50
2020-04-26,24,Maryland,910
2020-04-26,25,Massachusetts,2899
2020-04-26,26,Michigan,3505
2020-04-26,27,Minnesota,272
2020-04-26,28,Mississippi,227
2020-04-26,29,Missouri,374
2020-04-26,30,Montana,14
2020-04-26,31,Nebraska,56
2020-04-26,32,Nevada,206
2020-04-26,33,New Hampshire,60
2020-04-26,34,New Jersey,7330
2020-04-26,35,New Mexico,99
2020-04-26,36,New York,22910
2020-04-26,37,North Carolina,324
2020-04-26,38,North Dakota,17
2020-04-26,39,Ohio,728
2020-04-26,40,Oklahoma,195
2020-04-26,41,Oregon,92
2020-04-26,42,Pennsylvania,1816
2020-04-26,44,Rhode Island,226
2020-04-26,45,South Carolina,174
2020-04-26,46,South Dakota,11
2020-04-26,47,Tennessee,181
2020-04-26,48,Texas,738
2020-04-26,49,Utah,41
2020-04-26,50,Vermont,46
2020-04-26,51,Virginia,449
2020-04-26,53,Washington,749
2020-04-26,54,West Virginia,34
2020-04-26,55,Wisconsin,272
2020-04-26,56,Wyoming,7
2020-04-26,60,American Samoa,0
2020-04-26,66,Guam,5
2020-04-26,69,Northern Mariana Islands,2
2020-04-26,72,Puerto Rico,84
2020-04-26,78,Virgin Islands,4
2020-04-26,,Diamond Princess,0
2020-04-26,,Grand Princess,3
2020-04-27,01,Alabama,228
2020-04-27,02,Alaska,9
2020-04-27,04,Arizona,275
2020-04-27,05,Arkansas,51
2020-04-27,06,California,1779
2020-04-27,08,Colorado,706
2020-04-27,09,Connecticut,2012
2020-04-27,10,Delaware,125
2020-04-27,11,District of Columbia,185
2020-04-27,12,Florida,1088
2020-04-27,13,Georgia,995
2020-04-27,15,Hawaii,16
2020-04-27,16,Idaho,56
2020-04-27,17,Illinois,1983
2020-04-27,18,Indiana,844
2020-04-27,19,Iowa,127
2020-04-27,20,Kansas,126
2020-04-27,21,Kentucky,213
2020-04-27,22,Louisiana,1740
2020-04-27,23,Maine,51
2020-04-27,24,Maryland,945
2020-04-27,25,Massachusetts,3003
2020-04-27,26,Michigan,3598
2020-04-27,27,Minnesota,286
2020-04-27,28,Mississippi,229
2020-04-27,29,Missouri,395
2020-04-27,30,Montana,14
2020-04-27,31,Nebraska,56
2020-04-27,32,Nevada,206
2020-04-27,33,New Hampshire,60
2020-04-27,34,New Jersey,7473
2020-04-27,35,New Mexico,99
2020-04-27,36,New York,23391
2020-04-27,37,North Carolina,340
2020-04-27,38,North Dakota,19
2020-04-27,39,Ohio,753
2020-04-27,40,Oklahoma,197
2020-04-27,41,Oregon,92
2020-04-27,42,Pennsylvania,1886
2020-04-27,44,Rhode Island,233
2020-04-27,45,South Carolina,177
2020-04-27,46,South Dakota,11
2020-04-27,47,Tennessee,184
2020-04-27,48,Texas,760
2020-04-27,49,Utah,41
2020-04-27,50,Vermont,47
2020-04-27,51,Virginia,460
2020-04-27,53,Washington,764
2020-04-27,54,West Virginia,34
2020-04-27,55,Wisconsin,281
2020-04-27,56,Wyoming,7
2020-04-27,60,American Samoa,0
2020-04-27,66,Guam,5
2020-04-27,69,Northern Mariana Islands,2
2020-04-27,72,Puerto Rico,84
2020-04-27,78,Virgin Islands,4
2020-04-27,,Diamond Princess,0
2020-04-27,,Grand Princess,3
2020-04-28,01,Alabama,242
2020-04-28,02,Alaska,9
2020-04-28,04,Arizona,275
2020-04-28,05,Arkansas,57
2020-04-28,06,California,1864
2020-04-28,08,Colorado,736
2020-04-28,09,Connecticut,2087
2020-04-28,10,Delaware,137
2020-04-28,11,District of Columbia,190
2020-04-28,12,Florida,1171
2020-04-28,13,Georgia,1036
2020-04-28,15,Hawaii,16
2020-04-28,16,Idaho,60
2020-04-28,17,Illinois,2125
2020-04-28,18,Indiana,901
2020-04-28,19,Iowa,136
2020-04-28,20,Kansas,127
2020-04-28,21,Kentucky,225
2020-04-28,22,Louisiana,1801
2020-04-28,23,Maine,51
2020-04-28,24,Maryland,1016
2020-04-28,25,Massachusetts,3153
2020-04-28,26,Michigan,3766
2020-04-28,27,Minnesota,301
2020-04-28,28,Mississippi,239
2020-04-28,29,Missouri,409
2020-04-28,30,Montana,15
2020-04-28,31,Nebraska,56
2020-04-28,32,Nevada,219
2020-04-28,33,New Hampshire,60
2020-04-28,34,New Jersey,7904
2020-04-28,35,New Mexico,105
2020-04-28,36,New York,23726
2020-04-28,37,North Carolina,363
2020-04-28,38,North Dakota,19
2020-04-28,39,Ohio,799
2020-04-28,40,Oklahoma,207
2020-04-28,41,Oregon,99
2020-04-28,42,Pennsylvania,2046
2020-04-28,44,Rhode Island,239
2020-04-28,45,South Carolina,192
2020-04-28,46,South Dakota,11
2020-04-28,47,Tennessee,188
2020-04-28,48,Texas,800
2020-04-28,49,Utah,41
2020-04-28,50,Vermont,47
2020-04-28,51,Virginia,492
2020-04-28,53,Washington,786
2020-04-28,54,West Virginia,38
2020-04-28,55,Wisconsin,300
2020-04-28,56,Wyoming,7
2020-04-28,60,American Samoa,0
2020-04-28,66,Guam,5
2020-04-28,69,Northern Mariana Islands,2
2020-04-28,72,Puerto Rico,86
2020-04-28,78,Virgin Islands,4
2020-04-28,,Diamond Princess,0
2020-04-28,,Grand Princess,3
2020-04-29,01,Alabama,256
2020-04-29,02,Alaska,9
2020-04-29,04,Arizona,308
2020-04-29,05,Arkansas,57
2020-04-29,06,California,1946
2020-04-29,08,Colorado,766
2020-04-29,09,Connecticut,2169
2020-04-29,10,Delaware,144
2020-04-29,11,District of Columbia,205
2020-04-29,12,Florida,1218
2020-04-29,13,Georgia,1101
2020-04-29,15,Hawaii,16
2020-04-29,16,Idaho,60
2020-04-29,17,Illinois,2215
2020-04-29,18,Indiana,964
2020-04-29,19,Iowa,148
2020-04-29,20,Kansas,134
2020-04-29,21,Kentucky,234
2020-04-29,22,Louisiana,1845
2020-04-29,23,Maine,52
2020-04-29,24,Maryland,1078
2020-04-29,25,Massachusetts,3405
2020-04-29,26,Michigan,3869
2020-04-29,27,Minnesota,319
2020-04-29,28,Mississippi,250
2020-04-29,29,Missouri,424
2020-04-29,30,Montana,16
2020-04-29,31,Nebraska,56
2020-04-29,32,Nevada,230
2020-04-29,33,New Hampshire,60
2020-04-29,34,New Jersey,8254
2020-04-29,35,New Mexico,112
2020-04-29,36,New York,24172
2020-04-29,37,North Carolina,382
2020-04-29,38,North Dakota,19
2020-04-29,39,Ohio,937
2020-04-29,40,Oklahoma,214
2020-04-29,41,Oregon,101
2020-04-29,42,Pennsylvania,2373
2020-04-29,44,Rhode Island,251
2020-04-29,45,South Carolina,231
2020-04-29,46,South Dakota,13
2020-04-29,47,Tennessee,195
2020-04-29,48,Texas,834
2020-04-29,49,Utah,45
2020-04-29,50,Vermont,47
2020-04-29,51,Virginia,522
2020-04-29,53,Washington,801
2020-04-29,54,West Virginia,38
2020-04-29,55,Wisconsin,308
2020-04-29,56,Wyoming,7
2020-04-29,60,American Samoa,0
2020-04-29,66,Guam,5
2020-04-29,69,Northern Mariana Islands,2
2020-04-29,72,Puerto Rico,86
2020-04-29,78,Virgin Islands,4
2020-04-29,,Diamond Princess,0
2020-04-29,,Grand Princess,3
2020-04-30,01,Alabama,272
2020-04-30,02,Alaska,9
2020-04-30,04,Arizona,320
2020-04-30,05,Arkansas,61
2020-04-30,06,California,2031
2020-04-30,08,Colorado,777
2020-04-30,09,Connecticut,2257
2020-04-30,10,Delaware,152
2020-04-30,11,District of Columbia,224
2020-04-30,12,Florida,1268
2020-04-30,13,Georgia,1132
2020-04-30,15,Hawaii,16
2020-04-30,16,Idaho,60
2020-04-30,17,Illinois,2355
2020-04-30,18,Indiana,1114
2020-04-30,19,Iowa,162
2020-04-30,20,Kansas,134
2020-04-30,21,Kentucky,240
2020-04-30,22,Louisiana,1905
2020-04-30,23,Maine,53
2020-04-30,24,Maryland,1140
2020-04-30,25,Massachusetts,3562
2020-04-30,26,Michigan,3991
2020-04-30,27,Minnesota,343
2020-04-30,28,Mississippi,261
2020-04-30,29,Missouri,443
2020-04-30,30,Montana,16
2020-04-30,31,Nebraska,70
2020-04-30,32,Nevada,243
2020-04-30,33,New Hampshire,72
2020-04-30,34,New Jersey,8737
2020-04-30,35,New Mexico,123
2020-04-30,36,New York,24542
2020-04-30,37,North Carolina,406
2020-04-30,38,North Dakota,19
2020-04-30,39,Ohio,976
2020-04-30,40,Oklahoma,222
2020-04-30,41,Oregon,103
2020-04-30,42,Pennsylvania,2475
2020-04-30,44,Rhode Island,266
2020-04-30,45,South Carolina,244
2020-04-30,46,South Dakota,17
2020-04-30,47,Tennessee,199
2020-04-30,48,Texas,889
2020-04-30,49,Utah,46
2020-04-30,50,Vermont,49
2020-04-30,51,Virginia,552
2020-04-30,53,Washington,814
2020-04-30,54,West Virginia,41
2020-04-30,55,Wisconsin,316
2020-04-30,56,Wyoming,7
2020-04-30,60,American Samoa,0
2020-04-30,66,Guam,5
2020-04-30,69,Northern Mariana Islands,2
2020-04-30,72,Puerto Rico,92
2020-04-30,78,Virgin Islands,4
2020-04-30,,Diamond Princess,0
2020-04-30,,Grand Princess,3
2020-05-01,01,Alabama,289
2020-05-01,02,Alaska,9
2020-05-01,04,Arizona,330
2020-05-01,05,Arkansas,64
2020-05-01,06,California,2126
2020-05-01,08,Colorado,821
2020-05-01,09,Connecticut,2339
2020-05-01,10,Delaware,159
2020-05-01,11,District of Columbia,231
2020-05-01,12,Florida,1314
2020-05-01,13,Georgia,1169
2020-05-01,15,Hawaii,16
2020-05-01,16,Idaho,63
2020-05-01,17,Illinois,2457
2020-05-01,18,Indiana,1175
2020-05-01,19,Iowa,170
2020-05-01,20,Kansas,140
2020-05-01,21,Kentucky,246
2020-05-01,22,Louisiana,1970
2020-05-01,23,Maine,55
2020-05-01,24,Maryland,1080
2020-05-01,25,Massachusetts,3716
2020-05-01,26,Michigan,4069
2020-05-01,27,Minnesota,370
2020-05-01,28,Mississippi,281
2020-05-01,29,Missouri,457
2020-05-01,30,Montana,16
2020-05-01,31,Nebraska,73
2020-05-01,32,Nevada,246
2020-05-01,33,New Hampshire,81
2020-05-01,34,New Jersey,9072
2020-05-01,35,New Mexico,131
2020-05-01,36,New York,24911
2020-05-01,37,North Carolina,419
2020-05-01,38,North Dakota,23
2020-05-01,39,Ohio,1003
2020-05-01,40,Oklahoma,230
2020-05-01,41,Oregon,104
2020-05-01,42,Pennsylvania,2635
2020-05-01,44,Rhode Island,279
2020-05-01,45,South Carolina,256
2020-05-01,46,South Dakota,21
2020-05-01,47,Tennessee,204
2020-05-01,48,Texas,914
2020-05-01,49,Utah,46
2020-05-01,50,Vermont,50
2020-05-01,51,Virginia,581
2020-05-01,53,Washington,824
2020-05-01,54,West Virginia,46
2020-05-01,55,Wisconsin,327
2020-05-01,56,Wyoming,7
2020-05-01,60,American Samoa,0
2020-05-01,66,Guam,5
2020-05-01,69,Northern Mariana Islands,2
2020-05-01,72,Puerto Rico,94
2020-05-01,78,Virgin Islands,4
2020-05-01,,Diamond Princess,0
2020-05-01,,Grand Princess,3
2020-05-02,01,Alabama,288
2020-05-02,02,Alaska,9
2020-05-02,04,Arizona,330
2020-05-02,05,Arkansas,72
2020-05-02,06,California,2180
2020-05-02,08,Colorado,832
2020-05-02,09,Connecticut,2436
2020-05-02,10,Delaware,168
2020-05-02,11,District of Columbia,240
2020-05-02,12,Florida,1364
2020-05-02,13,Georgia,1177
2020-05-02,15,Hawaii,16
2020-05-02,16,Idaho,64
2020-05-02,17,Illinois,2559
2020-05-02,18,Indiana,1229
2020-05-02,19,Iowa,175
2020-05-02,20,Kansas,142
2020-05-02,21,Kentucky,248
2020-05-02,22,Louisiana,1993
2020-05-02,23,Maine,56
2020-05-02,24,Maryland,1251
2020-05-02,25,Massachusetts,3846
2020-05-02,26,Michigan,4224
2020-05-02,27,Minnesota,394
2020-05-02,28,Mississippi,291
2020-05-02,29,Missouri,472
2020-05-02,30,Montana,16
2020-05-02,31,Nebraska,73
2020-05-02,32,Nevada,255
2020-05-02,33,New Hampshire,84
2020-05-02,34,New Jersey,9302
2020-05-02,35,New Mexico,138
2020-05-02,36,New York,25201
2020-05-02,37,North Carolina,431
2020-05-02,38,North Dakota,24
2020-05-02,39,Ohio,1022
2020-05-02,40,Oklahoma,238
2020-05-02,41,Oregon,109
2020-05-02,42,Pennsylvania,2695
2020-05-02,44,Rhode Island,296
2020-05-02,45,South Carolina,267
2020-05-02,46,South Dakota,21
2020-05-02,47,Tennessee,209
2020-05-02,48,Texas,933
2020-05-02,49,Utah,49
2020-05-02,50,Vermont,51
2020-05-02,51,Virginia,617
2020-05-02,53,Washington,830
2020-05-02,54,West Virginia,48
2020-05-02,55,Wisconsin,334
2020-05-02,56,Wyoming,7
2020-05-02,60,American Samoa,0
2020-05-02,66,Guam,5
2020-05-02,69,Northern Mariana Islands,2
2020-05-02,72,Puerto Rico,95
2020-05-02,78,Virgin Islands,4
2020-05-02,,Diamond Princess,0
2020-05-02,,Grand Princess,3
2020-05-03,01,Alabama,290
2020-05-03,02,Alaska,9
2020-05-03,04,Arizona,362
2020-05-03,05,Arkansas,76
2020-05-03,06,California,2216
2020-05-03,08,Colorado,842
2020-05-03,09,Connecticut,2436
2020-05-03,10,Delaware,177
2020-05-03,11,District of Columbia,251
2020-05-03,12,Florida,1379
2020-05-03,13,Georgia,1184
2020-05-03,15,Hawaii,17
2020-05-03,16,Idaho,64
2020-05-03,17,Illinois,2618
2020-05-03,18,Indiana,1246
2020-05-03,19,Iowa,184
2020-05-03,20,Kansas,144
2020-05-03,21,Kentucky,253
2020-05-03,22,Louisiana,2012
2020-05-03,23,Maine,57
2020-05-03,24,Maryland,1281
2020-05-03,25,Massachusetts,4004
2020-05-03,26,Michigan,4258
2020-05-03,27,Minnesota,418
2020-05-03,28,Mississippi,303
2020-05-03,29,Missouri,484
2020-05-03,30,Montana,16
2020-05-03,31,Nebraska,78
2020-05-03,32,Nevada,258
2020-05-03,33,New Hampshire,86
2020-05-03,34,New Jersey,9456
2020-05-03,35,New Mexico,151
2020-05-03,36,New York,25484
2020-05-03,37,North Carolina,434
2020-05-03,38,North Dakota,25
2020-05-03,39,Ohio,1039
2020-05-03,40,Oklahoma,238
2020-05-03,41,Oregon,109
2020-05-03,42,Pennsylvania,2720
2020-05-03,44,Rhode Island,320
2020-05-03,45,South Carolina,275
2020-05-03,46,South Dakota,21
2020-05-03,47,Tennessee,210
2020-05-03,48,Texas,948
2020-05-03,49,Utah,50
2020-05-03,50,Vermont,53
2020-05-03,51,Virginia,660
2020-05-03,53,Washington,834
2020-05-03,54,West Virginia,48
2020-05-03,55,Wisconsin,339
2020-05-03,56,Wyoming,7
2020-05-03,60,American Samoa,0
2020-05-03,66,Guam,5
2020-05-03,69,Northern Mariana Islands,2
2020-05-03,72,Puerto Rico,97
2020-05-03,78,Virgin Islands,4
2020-05-03,,Diamond Princess,0
2020-05-03,,Grand Princess,3
2020-05-04,01,Alabama,298
2020-05-04,02,Alaska,9
2020-05-04,04,Arizona,362
2020-05-04,05,Arkansas,80
2020-05-04,06,California,2278
2020-05-04,08,Colorado,851
2020-05-04,09,Connecticut,2556
2020-05-04,10,Delaware,182
2020-05-04,11,District of Columbia,258
2020-05-04,12,Florida,1399
2020-05-04,13,Georgia,1246
2020-05-04,15,Hawaii,17
2020-05-04,16,Idaho,64
2020-05-04,17,Illinois,2659
2020-05-04,18,Indiana,1264
2020-05-04,19,Iowa,188
2020-05-04,20,Kansas,156
2020-05-04,21,Kentucky,261
2020-05-04,22,Louisiana,2064
2020-05-04,23,Maine,57
2020-05-04,24,Maryland,1317
2020-05-04,25,Massachusetts,4090
2020-05-04,26,Michigan,4345
2020-05-04,27,Minnesota,427
2020-05-04,28,Mississippi,310
2020-05-04,29,Missouri,495
2020-05-04,30,Montana,16
2020-05-04,31,Nebraska,78
2020-05-04,32,Nevada,265
2020-05-04,33,New Hampshire,86
2020-05-04,34,New Jersey,9519
2020-05-04,35,New Mexico,156
2020-05-04,36,New York,25837
2020-05-04,37,North Carolina,442
2020-05-04,38,North Dakota,25
2020-05-04,39,Ohio,1057
2020-05-04,40,Oklahoma,238
2020-05-04,41,Oregon,109
2020-05-04,42,Pennsylvania,2838
2020-05-04,44,Rhode Island,341
2020-05-04,45,South Carolina,283
2020-05-04,46,South Dakota,21
2020-05-04,47,Tennessee,219
2020-05-04,48,Texas,972
2020-05-04,49,Utah,50
2020-05-04,50,Vermont,52
2020-05-04,51,Virginia,684
2020-05-04,53,Washington,841
2020-05-04,54,West Virginia,48
2020-05-04,55,Wisconsin,340
2020-05-04,56,Wyoming,7
2020-05-04,60,American Samoa,0
2020-05-04,66,Guam,5
2020-05-04,69,Northern Mariana Islands,2
2020-05-04,72,Puerto Rico,97
2020-05-04,78,Virgin Islands,4
2020-05-04,,Diamond Princess,0
2020-05-04,,Grand Princess,3
2020-05-05,01,Alabama,315
2020-05-05,02,Alaska,9
2020-05-05,04,Arizona,395
2020-05-05,05,Arkansas,83
2020-05-05,06,California,2381
2020-05-05,08,Colorado,903
2020-05-05,09,Connecticut,2633
2020-05-05,10,Delaware,187
2020-05-05,11,District of Columbia,264
2020-05-05,12,Florida,1471
2020-05-05,13,Georgia,1299
2020-05-05,15,Hawaii,17
2020-05-05,16,Idaho,65
2020-05-05,17,Illinois,2834
2020-05-05,18,Indiana,1326
2020-05-05,19,Iowa,207
2020-05-05,20,Kansas,161
2020-05-05,21,Kentucky,275
2020-05-05,22,Louisiana,2115
2020-05-05,23,Maine,61
2020-05-05,24,Maryland,1390
2020-05-05,25,Massachusetts,4212
2020-05-05,26,Michigan,4391
2020-05-05,27,Minnesota,455
2020-05-05,28,Mississippi,342
2020-05-05,29,Missouri,524
2020-05-05,30,Montana,16
2020-05-05,31,Nebraska,78
2020-05-05,32,Nevada,270
2020-05-05,33,New Hampshire,92
2020-05-05,34,New Jersey,9863
2020-05-05,35,New Mexico,162
2020-05-05,36,New York,26119
2020-05-05,37,North Carolina,472
2020-05-05,38,North Dakota,25
2020-05-05,39,Ohio,1135
2020-05-05,40,Oklahoma,247
2020-05-05,41,Oregon,113
2020-05-05,42,Pennsylvania,3179
2020-05-05,44,Rhode Island,355
2020-05-05,45,South Carolina,296
2020-05-05,46,South Dakota,24
2020-05-05,47,Tennessee,226
2020-05-05,48,Texas,995
2020-05-05,49,Utah,56
2020-05-05,50,Vermont,52
2020-05-05,51,Virginia,713
2020-05-05,53,Washington,862
2020-05-05,54,West Virginia,48
2020-05-05,55,Wisconsin,353
2020-05-05,56,Wyoming,7
2020-05-05,60,American Samoa,0
2020-05-05,66,Guam,5
2020-05-05,69,Northern Mariana Islands,2
2020-05-05,72,Puerto Rico,99
2020-05-05,78,Virgin Islands,4
2020-05-05,,Diamond Princess,0
2020-05-05,,Grand Princess,3
2020-05-06,01,Alabama,343
2020-05-06,02,Alaska,10
2020-05-06,04,Arizona,426
2020-05-06,05,Arkansas,87
2020-05-06,06,California,2464
2020-05-06,08,Colorado,919
2020-05-06,09,Connecticut,2718
2020-05-06,10,Delaware,193
2020-05-06,11,District of Columbia,277
2020-05-06,12,Florida,1539
2020-05-06,13,Georgia,1327
2020-05-06,15,Hawaii,17
2020-05-06,16,Idaho,66
2020-05-06,17,Illinois,2974
2020-05-06,18,Indiana,1377
2020-05-06,19,Iowa,219
2020-05-06,20,Kansas,164
2020-05-06,21,Kentucky,283
2020-05-06,22,Louisiana,2167
2020-05-06,23,Maine,62
2020-05-06,24,Maryland,1437
2020-05-06,25,Massachusetts,4420
2020-05-06,26,Michigan,4465
2020-05-06,27,Minnesota,485
2020-05-06,28,Mississippi,374
2020-05-06,29,Missouri,539
2020-05-06,30,Montana,16
2020-05-06,31,Nebraska,78
2020-05-06,32,Nevada,289
2020-05-06,33,New Hampshire,92
2020-05-06,34,New Jersey,10187
2020-05-06,35,New Mexico,169
2020-05-06,36,New York,26689
2020-05-06,37,North Carolina,492
2020-05-06,38,North Dakota,31
2020-05-06,39,Ohio,1225
2020-05-06,40,Oklahoma,253
2020-05-06,41,Oregon,115
2020-05-06,42,Pennsylvania,3345
2020-05-06,44,Rhode Island,370
2020-05-06,45,South Carolina,305
2020-05-06,46,South Dakota,29
2020-05-06,47,Tennessee,239
2020-05-06,48,Texas,1025
2020-05-06,49,Utah,58
2020-05-06,50,Vermont,52
2020-05-06,51,Virginia,737
2020-05-06,53,Washington,870
2020-05-06,54,West Virginia,50
2020-05-06,55,Wisconsin,362
2020-05-06,56,Wyoming,7
2020-05-06,60,American Samoa,0
2020-05-06,66,Guam,5
2020-05-06,69,Northern Mariana Islands,2
2020-05-06,72,Puerto Rico,99
2020-05-06,78,Virgin Islands,4
2020-05-06,,Diamond Princess,0
2020-05-06,,Grand Princess,3
2020-05-07,01,Alabama,369
2020-05-07,02,Alaska,10
2020-05-07,04,Arizona,450
2020-05-07,05,Arkansas,87
2020-05-07,06,California,2535
2020-05-07,08,Colorado,944
2020-05-07,09,Connecticut,2797
2020-05-07,10,Delaware,202
2020-05-07,11,District of Columbia,285
2020-05-07,12,Florida,1600
2020-05-07,13,Georgia,1355
2020-05-07,15,Hawaii,17
2020-05-07,16,Idaho,67
2020-05-07,17,Illinois,3111
2020-05-07,18,Indiana,1414
2020-05-07,19,Iowa,231
2020-05-07,20,Kansas,165
2020-05-07,21,Kentucky,294
2020-05-07,22,Louisiana,2208
2020-05-07,23,Maine,62
2020-05-07,24,Maryland,1503
2020-05-07,25,Massachusetts,4552
2020-05-07,26,Michigan,4556
2020-05-07,27,Minnesota,508
2020-05-07,28,Mississippi,396
2020-05-07,29,Missouri,562
2020-05-07,30,Montana,16
2020-05-07,31,Nebraska,91
2020-05-07,32,Nevada,297
2020-05-07,33,New Hampshire,114
2020-05-07,34,New Jersey,10460
2020-05-07,35,New Mexico,172
2020-05-07,36,New York,26916
2020-05-07,37,North Carolina,513
2020-05-07,38,North Dakota,31
2020-05-07,39,Ohio,1271
2020-05-07,40,Oklahoma,260
2020-05-07,41,Oregon,121
2020-05-07,42,Pennsylvania,3589
2020-05-07,44,Rhode Island,388
2020-05-07,45,South Carolina,316
2020-05-07,46,South Dakota,31
2020-05-07,47,Tennessee,238
2020-05-07,48,Texas,1058
2020-05-07,49,Utah,61
2020-05-07,50,Vermont,53
2020-05-07,51,Virginia,769
2020-05-07,53,Washington,891
2020-05-07,54,West Virginia,51
2020-05-07,55,Wisconsin,374
2020-05-07,56,Wyoming,7
2020-05-07,60,American Samoa,0
2020-05-07,66,Guam,5
2020-05-07,69,Northern Mariana Islands,2
2020-05-07,72,Puerto Rico,102
2020-05-07,78,Virgin Islands,4
2020-05-07,,Diamond Princess,0
2020-05-07,,Grand Princess,3
2020-05-08,01,Alabama,383
2020-05-08,02,Alaska,10
2020-05-08,04,Arizona,517
2020-05-08,05,Arkansas,88
2020-05-08,06,California,2613
2020-05-08,08,Colorado,960
2020-05-08,09,Connecticut,2874
2020-05-08,10,Delaware,213
2020-05-08,11,District of Columbia,304
2020-05-08,12,Florida,1669
2020-05-08,13,Georgia,1400
2020-05-08,15,Hawaii,17
2020-05-08,16,Idaho,67
2020-05-08,17,Illinois,3241
2020-05-08,18,Indiana,1447
2020-05-08,19,Iowa,243
2020-05-08,20,Kansas,168
2020-05-08,21,Kentucky,298
2020-05-08,22,Louisiana,2227
2020-05-08,23,Maine,63
2020-05-08,24,Maryland,1560
2020-05-08,25,Massachusetts,4702
2020-05-08,26,Michigan,4614
2020-05-08,27,Minnesota,534
2020-05-08,28,Mississippi,409
2020-05-08,29,Missouri,583
2020-05-08,30,Montana,16
2020-05-08,31,Nebraska,90
2020-05-08,32,Nevada,294
2020-05-08,33,New Hampshire,121
2020-05-08,34,New Jersey,10635
2020-05-08,35,New Mexico,181
2020-05-08,36,New York,27233
2020-05-08,37,North Carolina,530
2020-05-08,38,North Dakota,33
2020-05-08,39,Ohio,1306
2020-05-08,40,Oklahoma,266
2020-05-08,41,Oregon,124
2020-05-08,42,Pennsylvania,3715
2020-05-08,44,Rhode Island,399
2020-05-08,45,South Carolina,320
2020-05-08,46,South Dakota,31
2020-05-08,47,Tennessee,242
2020-05-08,48,Texas,1096
2020-05-08,49,Utah,61
2020-05-08,50,Vermont,53
2020-05-08,51,Virginia,812
2020-05-08,53,Washington,905
2020-05-08,54,West Virginia,52
2020-05-08,55,Wisconsin,384
2020-05-08,56,Wyoming,7
2020-05-08,60,American Samoa,0
2020-05-08,66,Guam,5
2020-05-08,69,Northern Mariana Islands,2
2020-05-08,72,Puerto Rico,107
2020-05-08,78,Virgin Islands,4
2020-05-08,,Diamond Princess,0
2020-05-08,,Grand Princess,3
2020-05-09,01,Alabama,390
2020-05-09,02,Alaska,10
2020-05-09,04,Arizona,532
2020-05-09,05,Arkansas,88
2020-05-09,06,California,2687
2020-05-09,08,Colorado,967
2020-05-09,09,Connecticut,2932
2020-05-09,10,Delaware,221
2020-05-09,11,District of Columbia,311
2020-05-09,12,Florida,1715
2020-05-09,13,Georgia,1403
2020-05-09,15,Hawaii,17
2020-05-09,16,Idaho,67
2020-05-09,17,Illinois,3349
2020-05-09,18,Indiana,1490
2020-05-09,19,Iowa,252
2020-05-09,20,Kansas,174
2020-05-09,21,Kentucky,304
2020-05-09,22,Louisiana,2267
2020-05-09,23,Maine,64
2020-05-09,24,Maryland,1614
2020-05-09,25,Massachusetts,4840
2020-05-09,26,Michigan,4757
2020-05-09,27,Minnesota,558
2020-05-09,28,Mississippi,421
2020-05-09,29,Missouri,594
2020-05-09,30,Montana,16
2020-05-09,31,Nebraska,90
2020-05-09,32,Nevada,313
2020-05-09,33,New Hampshire,131
2020-05-09,34,New Jersey,10805
2020-05-09,35,New Mexico,191
2020-05-09,36,New York,27454
2020-05-09,37,North Carolina,551
2020-05-09,38,North Dakota,35
2020-05-09,39,Ohio,1331
2020-05-09,40,Oklahoma,270
2020-05-09,41,Oregon,127
2020-05-09,42,Pennsylvania,3779
2020-05-09,44,Rhode Island,418
2020-05-09,45,South Carolina,330
2020-05-09,46,South Dakota,34
2020-05-09,47,Tennessee,242
2020-05-09,48,Texas,1132
2020-05-09,49,Utah,66
2020-05-09,50,Vermont,53
2020-05-09,51,Virginia,827
2020-05-09,53,Washington,921
2020-05-09,54,West Virginia,52
2020-05-09,55,Wisconsin,398
2020-05-09,56,Wyoming,7
2020-05-09,60,American Samoa,0
2020-05-09,66,Guam,5
2020-05-09,69,Northern Mariana Islands,2
2020-05-09,72,Puerto Rico,108
2020-05-09,78,Virgin Islands,4
2020-05-09,,Diamond Princess,0
2020-05-09,,Grand Princess,3
2020-05-10,01,Alabama,393
2020-05-10,02,Alaska,10
2020-05-10,04,Arizona,536
2020-05-10,05,Arkansas,91
2020-05-10,06,California,2716
2020-05-10,08,Colorado,971
2020-05-10,09,Connecticut,2967
2020-05-10,10,Delaware,221
2020-05-10,11,District of Columbia,323
2020-05-10,12,Florida,1721
2020-05-10,13,Georgia,1406
2020-05-10,15,Hawaii,17
2020-05-10,16,Idaho,67
2020-05-10,17,Illinois,3406
2020-05-10,18,Indiana,1508
2020-05-10,19,Iowa,265
2020-05-10,20,Kansas,174
2020-05-10,21,Kentucky,304
2020-05-10,22,Louisiana,2286
2020-05-10,23,Maine,64
2020-05-10,24,Maryland,1644
2020-05-10,25,Massachusetts,4979
2020-05-10,26,Michigan,4783
2020-05-10,27,Minnesota,578
2020-05-10,28,Mississippi,430
2020-05-10,29,Missouri,605
2020-05-10,30,Montana,16
2020-05-10,31,Nebraska,90
2020-05-10,32,Nevada,310
2020-05-10,33,New Hampshire,133
2020-05-10,34,New Jersey,10962
2020-05-10,35,New Mexico,200
2020-05-10,36,New York,27627
2020-05-10,37,North Carolina,564
2020-05-10,38,North Dakota,35
2020-05-10,39,Ohio,1341
2020-05-10,40,Oklahoma,272
2020-05-10,41,Oregon,127
2020-05-10,42,Pennsylvania,3806
2020-05-10,44,Rhode Island,422
2020-05-10,45,South Carolina,331
2020-05-10,46,South Dakota,34
2020-05-10,47,Tennessee,243
2020-05-10,48,Texas,1158
2020-05-10,49,Utah,67
2020-05-10,50,Vermont,53
2020-05-10,51,Virginia,839
2020-05-10,53,Washington,931
2020-05-10,54,West Virginia,54
2020-05-10,55,Wisconsin,400
2020-05-10,56,Wyoming,7
2020-05-10,60,American Samoa,0
2020-05-10,66,Guam,5
2020-05-10,69,Northern Mariana Islands,2
2020-05-10,72,Puerto Rico,111
2020-05-10,78,Virgin Islands,4
2020-05-10,,Diamond Princess,0
2020-05-10,,Grand Princess,3
2020-05-11,01,Alabama,403
2020-05-11,02,Alaska,10
2020-05-11,04,Arizona,542
2020-05-11,05,Arkansas,94
2020-05-11,06,California,2779
2020-05-11,08,Colorado,987
2020-05-11,09,Connecticut,3008
2020-05-11,10,Delaware,225
2020-05-11,11,District of Columbia,328
2020-05-11,12,Florida,1735
2020-05-11,13,Georgia,1444
2020-05-11,15,Hawaii,17
2020-05-11,16,Idaho,70
2020-05-11,17,Illinois,3459
2020-05-11,18,Indiana,1540
2020-05-11,19,Iowa,271
2020-05-11,20,Kansas,180
2020-05-11,21,Kentucky,311
2020-05-11,22,Louisiana,2308
2020-05-11,23,Maine,65
2020-05-11,24,Maryland,1683
2020-05-11,25,Massachusetts,5108
2020-05-11,26,Michigan,4812
2020-05-11,27,Minnesota,591
2020-05-11,28,Mississippi,435
2020-05-11,29,Missouri,622
2020-05-11,30,Montana,16
2020-05-11,31,Nebraska,98
2020-05-11,32,Nevada,312
2020-05-11,33,New Hampshire,133
2020-05-11,34,New Jersey,11053
2020-05-11,35,New Mexico,208
2020-05-11,36,New York,27824
2020-05-11,37,North Carolina,575
2020-05-11,38,North Dakota,36
2020-05-11,39,Ohio,1357
2020-05-11,40,Oklahoma,274
2020-05-11,41,Oregon,130
2020-05-11,42,Pennsylvania,3832
2020-05-11,44,Rhode Island,430
2020-05-11,45,South Carolina,346
2020-05-11,46,South Dakota,34
2020-05-11,47,Tennessee,251
2020-05-11,48,Texas,1176
2020-05-11,49,Utah,68
2020-05-11,50,Vermont,53
2020-05-11,51,Virginia,850
2020-05-11,53,Washington,945
2020-05-11,54,West Virginia,54
2020-05-11,55,Wisconsin,409
2020-05-11,56,Wyoming,7
2020-05-11,60,American Samoa,0
2020-05-11,66,Guam,5
2020-05-11,69,Northern Mariana Islands,2
2020-05-11,72,Puerto Rico,113
2020-05-11,78,Virgin Islands,5
2020-05-11,,Diamond Princess,0
2020-05-11,,Grand Princess,3
2020-05-12,01,Alabama,435
2020-05-12,02,Alaska,10
2020-05-12,04,Arizona,562
2020-05-12,05,Arkansas,95
2020-05-12,06,California,2879
2020-05-12,08,Colorado,1010
2020-05-12,09,Connecticut,3041
2020-05-12,10,Delaware,237
2020-05-12,11,District of Columbia,336
2020-05-12,12,Florida,1779
2020-05-12,13,Georgia,1498
2020-05-12,15,Hawaii,17
2020-05-12,16,Idaho,69
2020-05-12,17,Illinois,3601
2020-05-12,18,Indiana,1578
2020-05-12,19,Iowa,289
2020-05-12,20,Kansas,184
2020-05-12,21,Kentucky,321
2020-05-12,22,Louisiana,2347
2020-05-12,23,Maine,65
2020-05-12,24,Maryland,1756
2020-05-12,25,Massachusetts,5141
2020-05-12,26,Michigan,4904
2020-05-12,27,Minnesota,614
2020-05-12,28,Mississippi,457
2020-05-12,29,Missouri,632
2020-05-12,30,Montana,16
2020-05-12,31,Nebraska,100
2020-05-12,32,Nevada,321
2020-05-12,33,New Hampshire,142
2020-05-12,34,New Jersey,11256
2020-05-12,35,New Mexico,219
2020-05-12,36,New York,28042
2020-05-12,37,North Carolina,600
2020-05-12,38,North Dakota,38
2020-05-12,39,Ohio,1436
2020-05-12,40,Oklahoma,278
2020-05-12,41,Oregon,130
2020-05-12,42,Pennsylvania,3914
2020-05-12,44,Rhode Island,444
2020-05-12,45,South Carolina,355
2020-05-12,46,South Dakota,39
2020-05-12,47,Tennessee,266
2020-05-12,48,Texas,1207
2020-05-12,49,Utah,73
2020-05-12,50,Vermont,53
2020-05-12,51,Virginia,892
2020-05-12,53,Washington,962
2020-05-12,54,West Virginia,58
2020-05-12,55,Wisconsin,418
2020-05-12,56,Wyoming,7
2020-05-12,60,American Samoa,0
2020-05-12,66,Guam,5
2020-05-12,69,Northern Mariana Islands,2
2020-05-12,72,Puerto Rico,114
2020-05-12,78,Virgin Islands,6
2020-05-12,,Diamond Princess,0
2020-05-12,,Grand Princess,3
2020-05-13,01,Alabama,450
2020-05-13,02,Alaska,10
2020-05-13,04,Arizona,595
2020-05-13,05,Arkansas,97
2020-05-13,06,California,2957
2020-05-13,08,Colorado,1062
2020-05-13,09,Connecticut,3125
2020-05-13,10,Delaware,247
2020-05-13,11,District of Columbia,350
2020-05-13,12,Florida,1827
2020-05-13,13,Georgia,1517
2020-05-13,15,Hawaii,17
2020-05-13,16,Idaho,69
2020-05-13,17,Illinois,3792
2020-05-13,18,Indiana,1619
2020-05-13,19,Iowa,306
2020-05-13,20,Kansas,188
2020-05-13,21,Kentucky,321
2020-05-13,22,Louisiana,2381
2020-05-13,23,Maine,66
2020-05-13,24,Maryland,1809
2020-05-13,25,Massachusetts,5315
2020-05-13,26,Michigan,4945
2020-05-13,27,Minnesota,638
2020-05-13,28,Mississippi,465
2020-05-13,29,Missouri,653
2020-05-13,30,Montana,16
2020-05-13,31,Nebraska,103
2020-05-13,32,Nevada,331
2020-05-13,33,New Hampshire,150
2020-05-13,34,New Jersey,11448
2020-05-13,35,New Mexico,231
2020-05-13,36,New York,28247
2020-05-13,37,North Carolina,625
2020-05-13,38,North Dakota,40
2020-05-13,39,Ohio,1483
2020-05-13,40,Oklahoma,278
2020-05-13,41,Oregon,134
2020-05-13,42,Pennsylvania,4094
2020-05-13,44,Rhode Island,462
2020-05-13,45,South Carolina,362
2020-05-13,46,South Dakota,39
2020-05-13,47,Tennessee,273
2020-05-13,48,Texas,1233
2020-05-13,49,Utah,75
2020-05-13,50,Vermont,53
2020-05-13,51,Virginia,928
2020-05-13,53,Washington,974
2020-05-13,54,West Virginia,58
2020-05-13,55,Wisconsin,421
2020-05-13,56,Wyoming,7
2020-05-13,60,American Samoa,0
2020-05-13,66,Guam,5
2020-05-13,69,Northern Mariana Islands,2
2020-05-13,72,Puerto Rico,115
2020-05-13,78,Virgin Islands,6
2020-05-13,,Diamond Princess,0
2020-05-13,,Grand Princess,3
2020-05-14,01,Alabama,473
2020-05-14,02,Alaska,10
2020-05-14,04,Arizona,624
2020-05-14,05,Arkansas,98
2020-05-14,06,California,3052
2020-05-14,08,Colorado,1086
2020-05-14,09,Connecticut,3219
2020-05-14,10,Delaware,260
2020-05-14,11,District of Columbia,358
2020-05-14,12,Florida,1875
2020-05-14,13,Georgia,1545
2020-05-14,15,Hawaii,17
2020-05-14,16,Idaho,72
2020-05-14,17,Illinois,3928
2020-05-14,18,Indiana,1646
2020-05-14,19,Iowa,318
2020-05-14,20,Kansas,189
2020-05-14,21,Kentucky,328
2020-05-14,22,Louisiana,2417
2020-05-14,23,Maine,69
2020-05-14,24,Maryland,1866
2020-05-14,25,Massachusetts,5482
2020-05-14,26,Michigan,5019
2020-05-14,27,Minnesota,672
2020-05-14,28,Mississippi,480
2020-05-14,29,Missouri,665
2020-05-14,30,Montana,16
2020-05-14,31,Nebraska,103
2020-05-14,32,Nevada,333
2020-05-14,33,New Hampshire,151
2020-05-14,34,New Jersey,11689
2020-05-14,35,New Mexico,242
2020-05-14,36,New York,28408
2020-05-14,37,North Carolina,641
2020-05-14,38,North Dakota,40
2020-05-14,39,Ohio,1534
2020-05-14,40,Oklahoma,284
2020-05-14,41,Oregon,137
2020-05-14,42,Pennsylvania,4288
2020-05-14,44,Rhode Island,468
2020-05-14,45,South Carolina,371
2020-05-14,46,South Dakota,43
2020-05-14,47,Tennessee,287
2020-05-14,48,Texas,1296
2020-05-14,49,Utah,75
2020-05-14,50,Vermont,53
2020-05-14,51,Virginia,956
2020-05-14,53,Washington,983
2020-05-14,54,West Virginia,60
2020-05-14,55,Wisconsin,434
2020-05-14,56,Wyoming,7
2020-05-14,60,American Samoa,0
2020-05-14,66,Guam,5
2020-05-14,69,Northern Mariana Islands,2
2020-05-14,72,Puerto Rico,117
2020-05-14,78,Virgin Islands,6
2020-05-14,,Diamond Princess,0
2020-05-14,,Grand Princess,3
2020-05-15,01,Alabama,483
2020-05-15,02,Alaska,10
2020-05-15,04,Arizona,651
2020-05-15,05,Arkansas,98
2020-05-15,06,California,3136
2020-05-15,08,Colorado,1150
2020-05-15,09,Connecticut,3285
2020-05-15,10,Delaware,271
2020-05-15,11,District of Columbia,368
2020-05-15,12,Florida,1917
2020-05-15,13,Georgia,1588
2020-05-15,15,Hawaii,17
2020-05-15,16,Idaho,72
2020-05-15,17,Illinois,4059
2020-05-15,18,Indiana,1691
2020-05-15,19,Iowa,336
2020-05-15,20,Kansas,193
2020-05-15,21,Kentucky,332
2020-05-15,22,Louisiana,2448
2020-05-15,23,Maine,69
2020-05-15,24,Maryland,1911
2020-05-15,25,Massachusetts,5592
2020-05-15,26,Michigan,5058
2020-05-15,27,Minnesota,692
2020-05-15,28,Mississippi,493
2020-05-15,29,Missouri,680
2020-05-15,30,Montana,16
2020-05-15,31,Nebraska,113
2020-05-15,32,Nevada,343
2020-05-15,33,New Hampshire,159
2020-05-15,34,New Jersey,11895
2020-05-15,35,New Mexico,253
2020-05-15,36,New York,28673
2020-05-15,37,North Carolina,667
2020-05-15,38,North Dakota,42
2020-05-15,39,Ohio,1581
2020-05-15,40,Oklahoma,285
2020-05-15,41,Oregon,137
2020-05-15,42,Pennsylvania,4422
2020-05-15,44,Rhode Island,479
2020-05-15,45,South Carolina,380
2020-05-15,46,South Dakota,44
2020-05-15,47,Tennessee,290
2020-05-15,48,Texas,1349
2020-05-15,49,Utah,77
2020-05-15,50,Vermont,53
2020-05-15,51,Virginia,978
2020-05-15,53,Washington,991
2020-05-15,54,West Virginia,64
2020-05-15,55,Wisconsin,445
2020-05-15,56,Wyoming,7
2020-05-15,60,American Samoa,0
2020-05-15,66,Guam,5
2020-05-15,69,Northern Mariana Islands,2
2020-05-15,72,Puerto Rico,122
2020-05-15,78,Virgin Islands,6
2020-05-15,,Diamond Princess,0
2020-05-15,,Grand Princess,3
2020-05-16,01,Alabama,485
2020-05-16,02,Alaska,10
2020-05-16,04,Arizona,679
2020-05-16,05,Arkansas,98
2020-05-16,06,California,3208
2020-05-16,08,Colorado,1192
2020-05-16,09,Connecticut,3339
2020-05-16,10,Delaware,286
2020-05-16,11,District of Columbia,375
2020-05-16,12,Florida,1964
2020-05-16,13,Georgia,1598
2020-05-16,15,Hawaii,17
2020-05-16,16,Idaho,73
2020-05-16,17,Illinois,4129
2020-05-16,18,Indiana,1741
2020-05-16,19,Iowa,346
2020-05-16,20,Kansas,195
2020-05-16,21,Kentucky,334
2020-05-16,22,Louisiana,2479
2020-05-16,23,Maine,70
2020-05-16,24,Maryland,1957
2020-05-16,25,Massachusetts,5705
2020-05-16,26,Michigan,5114
2020-05-16,27,Minnesota,709
2020-05-16,28,Mississippi,510
2020-05-16,29,Missouri,691
2020-05-16,30,Montana,16
2020-05-16,31,Nebraska,123
2020-05-16,32,Nevada,347
2020-05-16,33,New Hampshire,171
2020-05-16,34,New Jersey,12013
2020-05-16,35,New Mexico,259
2020-05-16,36,New York,28845
2020-05-16,37,North Carolina,676
2020-05-16,38,North Dakota,42
2020-05-16,39,Ohio,1610
2020-05-16,40,Oklahoma,288
2020-05-16,41,Oregon,137
2020-05-16,42,Pennsylvania,4480
2020-05-16,44,Rhode Island,489
2020-05-16,45,South Carolina,380
2020-05-16,46,South Dakota,44
2020-05-16,47,Tennessee,295
2020-05-16,48,Texas,1383
2020-05-16,49,Utah,78
2020-05-16,50,Vermont,53
2020-05-16,51,Virginia,1003
2020-05-16,53,Washington,999
2020-05-16,54,West Virginia,64
2020-05-16,55,Wisconsin,453
2020-05-16,56,Wyoming,7
2020-05-16,60,American Samoa,0
2020-05-16,66,Guam,5
2020-05-16,69,Northern Mariana Islands,2
2020-05-16,72,Puerto Rico,122
2020-05-16,78,Virgin Islands,6
2020-05-16,,Diamond Princess,0
2020-05-16,,Grand Princess,3
2020-05-17,01,Alabama,488
2020-05-17,02,Alaska,10
2020-05-17,04,Arizona,680
2020-05-17,05,Arkansas,98
2020-05-17,06,California,3240
2020-05-17,08,Colorado,1215
2020-05-17,09,Connecticut,3408
2020-05-17,10,Delaware,290
2020-05-17,11,District of Columbia,383
2020-05-17,12,Florida,1973
2020-05-17,13,Georgia,1610
2020-05-17,15,Hawaii,17
2020-05-17,16,Idaho,73
2020-05-17,17,Illinois,4177
2020-05-17,18,Indiana,1751
2020-05-17,19,Iowa,351
2020-05-17,20,Kansas,195
2020-05-17,21,Kentucky,334
2020-05-17,22,Louisiana,2491
2020-05-17,23,Maine,70
2020-05-17,24,Maryland,1992
2020-05-17,25,Massachusetts,5797
2020-05-17,26,Michigan,5124
2020-05-17,27,Minnesota,731
2020-05-17,28,Mississippi,521
2020-05-17,29,Missouri,698
2020-05-17,30,Montana,16
2020-05-17,31,Nebraska,123
2020-05-17,32,Nevada,350
2020-05-17,33,New Hampshire,172
2020-05-17,34,New Jersey,12118
2020-05-17,35,New Mexico,265
2020-05-17,36,New York,28971
2020-05-17,37,North Carolina,686
2020-05-17,38,North Dakota,43
2020-05-17,39,Ohio,1625
2020-05-17,40,Oklahoma,288
2020-05-17,41,Oregon,137
2020-05-17,42,Pennsylvania,4495
2020-05-17,44,Rhode Island,499
2020-05-17,45,South Carolina,385
2020-05-17,46,South Dakota,44
2020-05-17,47,Tennessee,298
2020-05-17,48,Texas,1411
2020-05-17,49,Utah,80
2020-05-17,50,Vermont,54
2020-05-17,51,Virginia,1010
2020-05-17,53,Washington,1001
2020-05-17,54,West Virginia,67
2020-05-17,55,Wisconsin,453
2020-05-17,56,Wyoming,8
2020-05-17,60,American Samoa,0
2020-05-17,66,Guam,5
2020-05-17,69,Northern Mariana Islands,2
2020-05-17,72,Puerto Rico,123
2020-05-17,78,Virgin Islands,6
2020-05-17,,Diamond Princess,0
2020-05-17,,Grand Princess,3
2020-05-18,01,Alabama,489
2020-05-18,02,Alaska,10
2020-05-18,04,Arizona,687
2020-05-18,05,Arkansas,100
2020-05-18,06,California,3279
2020-05-18,08,Colorado,1224
2020-05-18,09,Connecticut,3450
2020-05-18,10,Delaware,297
2020-05-18,11,District of Columbia,392
2020-05-18,12,Florida,1997
2020-05-18,13,Georgia,1649
2020-05-18,15,Hawaii,17
2020-05-18,16,Idaho,74
2020-05-18,17,Illinois,4234
2020-05-18,18,Indiana,1765
2020-05-18,19,Iowa,355
2020-05-18,20,Kansas,198
2020-05-18,21,Kentucky,346
2020-05-18,22,Louisiana,2563
2020-05-18,23,Maine,71
2020-05-18,24,Maryland,2023
2020-05-18,25,Massachusetts,5862
2020-05-18,26,Michigan,5148
2020-05-18,27,Minnesota,740
2020-05-18,28,Mississippi,527
2020-05-18,29,Missouri,714
2020-05-18,30,Montana,16
2020-05-18,31,Nebraska,123
2020-05-18,32,Nevada,358
2020-05-18,33,New Hampshire,172
2020-05-18,34,New Jersey,12200
2020-05-18,35,New Mexico,270
2020-05-18,36,New York,29454
2020-05-18,37,North Carolina,693
2020-05-18,38,North Dakota,44
2020-05-18,39,Ohio,1657
2020-05-18,40,Oklahoma,288
2020-05-18,41,Oregon,138
2020-05-18,42,Pennsylvania,4515
2020-05-18,44,Rhode Island,506
2020-05-18,45,South Carolina,391
2020-05-18,46,South Dakota,44
2020-05-18,47,Tennessee,301
2020-05-18,48,Texas,1418
2020-05-18,49,Utah,80
2020-05-18,50,Vermont,54
2020-05-18,51,Virginia,1015
2020-05-18,53,Washington,1002
2020-05-18,54,West Virginia,68
2020-05-18,55,Wisconsin,459
2020-05-18,56,Wyoming,10
2020-05-18,60,American Samoa,0
2020-05-18,66,Guam,5
2020-05-18,69,Northern Mariana Islands,2
2020-05-18,72,Puerto Rico,124
2020-05-18,78,Virgin Islands,6
2020-05-18,,Diamond Princess,0
2020-05-18,,Grand Princess,3
2020-05-19,01,Alabama,504
2020-05-19,02,Alaska,10
2020-05-19,04,Arizona,705
2020-05-19,05,Arkansas,102
2020-05-19,06,California,3403
2020-05-19,08,Colorado,1257
2020-05-19,09,Connecticut,3472
2020-05-19,10,Delaware,304
2020-05-19,11,District of Columbia,400
2020-05-19,12,Florida,2052
2020-05-19,13,Georgia,1675
2020-05-19,15,Hawaii,17
2020-05-19,16,Idaho,74
2020-05-19,17,Illinois,4379
2020-05-19,18,Indiana,1824
2020-05-19,19,Iowa,367
2020-05-19,20,Kansas,199
2020-05-19,21,Kentucky,366
2020-05-19,22,Louisiana,2581
2020-05-19,23,Maine,73
2020-05-19,24,Maryland,2081
2020-05-19,25,Massachusetts,5938
2020-05-19,26,Michigan,5250
2020-05-19,27,Minnesota,757
2020-05-19,28,Mississippi,554
2020-05-19,29,Missouri,729
2020-05-19,30,Montana,16
2020-05-19,31,Nebraska,123
2020-05-19,32,Nevada,358
2020-05-19,33,New Hampshire,172
2020-05-19,34,New Jersey,12349
2020-05-19,35,New Mexico,276
2020-05-19,36,New York,29652
2020-05-19,37,North Carolina,693
2020-05-19,38,North Dakota,45
2020-05-19,39,Ohio,1720
2020-05-19,40,Oklahoma,293
2020-05-19,41,Oregon,140
2020-05-19,42,Pennsylvania,4628
2020-05-19,44,Rhode Island,532
2020-05-19,45,South Carolina,399
2020-05-19,46,South Dakota,46
2020-05-19,47,Tennessee,305
2020-05-19,48,Texas,1459
2020-05-19,49,Utah,88
2020-05-19,50,Vermont,54
2020-05-19,51,Virginia,1042
2020-05-19,53,Washington,1031
2020-05-19,54,West Virginia,68
2020-05-19,55,Wisconsin,467
2020-05-19,56,Wyoming,10
2020-05-19,60,American Samoa,0
2020-05-19,66,Guam,5
2020-05-19,69,Northern Mariana Islands,2
2020-05-19,72,Puerto Rico,124
2020-05-19,78,Virgin Islands,6
2020-05-19,,Diamond Princess,0
2020-05-19,,Grand Princess,3
2020-05-20,01,Alabama,522
2020-05-20,02,Alaska,10
2020-05-20,04,Arizona,747
2020-05-20,05,Arkansas,107
2020-05-20,06,California,3497
2020-05-20,08,Colorado,1299
2020-05-20,09,Connecticut,3529
2020-05-20,10,Delaware,310
2020-05-20,11,District of Columbia,407
2020-05-20,12,Florida,2096
2020-05-20,13,Georgia,1697
2020-05-20,15,Hawaii,17
2020-05-20,16,Idaho,77
2020-05-20,17,Illinois,4525
2020-05-20,18,Indiana,1864
2020-05-20,19,Iowa,393
2020-05-20,20,Kansas,202
2020-05-20,21,Kentucky,376
2020-05-20,22,Louisiana,2608
2020-05-20,23,Maine,73
2020-05-20,24,Maryland,2123
2020-05-20,25,Massachusetts,6066
2020-05-20,26,Michigan,5296
2020-05-20,27,Minnesota,786
2020-05-20,28,Mississippi,570
2020-05-20,29,Missouri,740
2020-05-20,30,Montana,16
2020-05-20,31,Nebraska,138
2020-05-20,32,Nevada,377
2020-05-20,33,New Hampshire,190
2020-05-20,34,New Jersey,12520
2020-05-20,35,New Mexico,283
2020-05-20,36,New York,29717
2020-05-20,37,North Carolina,726
2020-05-20,38,North Dakota,49
2020-05-20,39,Ohio,1781
2020-05-20,40,Oklahoma,299
2020-05-20,41,Oregon,144
2020-05-20,42,Pennsylvania,4770
2020-05-20,44,Rhode Island,538
2020-05-20,45,South Carolina,407
2020-05-20,46,South Dakota,46
2020-05-20,47,Tennessee,305
2020-05-20,48,Texas,1504
2020-05-20,49,Utah,90
2020-05-20,50,Vermont,54
2020-05-20,51,Virginia,1075
2020-05-20,53,Washington,1037
2020-05-20,54,West Virginia,69
2020-05-20,55,Wisconsin,481
2020-05-20,56,Wyoming,11
2020-05-20,60,American Samoa,0
2020-05-20,66,Guam,5
2020-05-20,69,Northern Mariana Islands,2
2020-05-20,72,Puerto Rico,125
2020-05-20,78,Virgin Islands,6
2020-05-20,,Diamond Princess,0
2020-05-20,,Grand Princess,3
2020-05-21,01,Alabama,529
2020-05-21,02,Alaska,10
2020-05-21,04,Arizona,764
2020-05-21,05,Arkansas,110
2020-05-21,06,California,3583
2020-05-21,08,Colorado,1310
2020-05-21,09,Connecticut,3583
2020-05-21,10,Delaware,317
2020-05-21,11,District of Columbia,412
2020-05-21,12,Florida,2144
2020-05-21,13,Georgia,1775
2020-05-21,15,Hawaii,17
2020-05-21,16,Idaho,77
2020-05-21,17,Illinois,4607
2020-05-21,18,Indiana,1913
2020-05-21,19,Iowa,410
2020-05-21,20,Kansas,204
2020-05-21,21,Kentucky,386
2020-05-21,22,Louisiana,2629
2020-05-21,23,Maine,73
2020-05-21,24,Maryland,2159
2020-05-21,25,Massachusetts,6148
2020-05-21,26,Michigan,5366
2020-05-21,27,Minnesota,818
2020-05-21,28,Mississippi,580
2020-05-21,29,Missouri,749
2020-05-21,30,Montana,16
2020-05-21,31,Nebraska,138
2020-05-21,32,Nevada,383
2020-05-21,33,New Hampshire,199
2020-05-21,34,New Jersey,12623
2020-05-21,35,New Mexico,294
2020-05-21,36,New York,29790
2020-05-21,37,North Carolina,734
2020-05-21,38,North Dakota,51
2020-05-21,39,Ohio,1837
2020-05-21,40,Oklahoma,304
2020-05-21,41,Oregon,145
2020-05-21,42,Pennsylvania,4869
2020-05-21,44,Rhode Island,556
2020-05-21,45,South Carolina,416
2020-05-21,46,South Dakota,48
2020-05-21,47,Tennessee,313
2020-05-21,48,Texas,1532
2020-05-21,49,Utah,92
2020-05-21,50,Vermont,54
2020-05-21,51,Virginia,1100
2020-05-21,53,Washington,1044
2020-05-21,54,West Virginia,70
2020-05-21,55,Wisconsin,487
2020-05-21,56,Wyoming,12
2020-05-21,60,American Samoa,0
2020-05-21,66,Guam,5
2020-05-21,69,Northern Mariana Islands,2
2020-05-21,72,Puerto Rico,126
2020-05-21,78,Virgin Islands,6
2020-05-21,,Diamond Princess,0
2020-05-21,,Grand Princess,3
2020-05-22,01,Alabama,541
2020-05-22,02,Alaska,10
2020-05-22,04,Arizona,775
2020-05-22,05,Arkansas,113
2020-05-22,06,California,3665
2020-05-22,08,Colorado,1324
2020-05-22,09,Connecticut,3637
2020-05-22,10,Delaware,322
2020-05-22,11,District of Columbia,418
2020-05-22,12,Florida,2190
2020-05-22,13,Georgia,1808
2020-05-22,15,Hawaii,17
2020-05-22,16,Idaho,79
2020-05-22,17,Illinois,4715
2020-05-22,18,Indiana,1941
2020-05-22,19,Iowa,424
2020-05-22,20,Kansas,205
2020-05-22,21,Kentucky,391
2020-05-22,22,Louisiana,2668
2020-05-22,23,Maine,75
2020-05-22,24,Maryland,2207
2020-05-22,25,Massachusetts,6228
2020-05-22,26,Michigan,5395
2020-05-22,27,Minnesota,851
2020-05-22,28,Mississippi,595
2020-05-22,29,Missouri,758
2020-05-22,30,Montana,16
2020-05-22,31,Nebraska,147
2020-05-22,32,Nevada,386
2020-05-22,33,New Hampshire,204
2020-05-22,34,New Jersey,12769
2020-05-22,35,New Mexico,302
2020-05-22,36,New York,29864
2020-05-22,37,North Carolina,775
2020-05-22,38,North Dakota,52
2020-05-22,39,Ohio,1872
2020-05-22,40,Oklahoma,307
2020-05-22,41,Oregon,147
2020-05-22,42,Pennsylvania,5010
2020-05-22,44,Rhode Island,579
2020-05-22,45,South Carolina,419
2020-05-22,46,South Dakota,50
2020-05-22,47,Tennessee,315
2020-05-22,48,Texas,1545
2020-05-22,49,Utah,93
2020-05-22,50,Vermont,54
2020-05-22,51,Virginia,1136
2020-05-22,53,Washington,1050
2020-05-22,54,West Virginia,72
2020-05-22,55,Wisconsin,496
2020-05-22,56,Wyoming,12
2020-05-22,60,American Samoa,0
2020-05-22,66,Guam,5
2020-05-22,69,Northern Mariana Islands,2
2020-05-22,72,Puerto Rico,126
2020-05-22,78,Virgin Islands,6
2020-05-22,,Diamond Princess,0
2020-05-22,,Grand Princess,3
2020-05-23,01,Alabama,549
2020-05-23,02,Alaska,10
2020-05-23,04,Arizona,801
2020-05-23,05,Arkansas,115
2020-05-23,06,California,3737
2020-05-23,08,Colorado,1327
2020-05-23,09,Connecticut,3675
2020-05-23,10,Delaware,322
2020-05-23,11,District of Columbia,427
2020-05-23,12,Florida,2233
2020-05-23,13,Georgia,1822
2020-05-23,15,Hawaii,17
2020-05-23,16,Idaho,79
2020-05-23,17,Illinois,4790
2020-05-23,18,Indiana,1964
2020-05-23,19,Iowa,446
2020-05-23,20,Kansas,205
2020-05-23,21,Kentucky,391
2020-05-23,22,Louisiana,2668
2020-05-23,23,Maine,77
2020-05-23,24,Maryland,2243
2020-05-23,25,Massachusetts,6304
2020-05-23,26,Michigan,5460
2020-05-23,27,Minnesota,861
2020-05-23,28,Mississippi,616
2020-05-23,29,Missouri,765
2020-05-23,30,Montana,16
2020-05-23,31,Nebraska,147
2020-05-23,32,Nevada,387
2020-05-23,33,New Hampshire,208
2020-05-23,34,New Jersey,12869
2020-05-23,35,New Mexico,308
2020-05-23,36,New York,30032
2020-05-23,37,North Carolina,778
2020-05-23,38,North Dakota,52
2020-05-23,39,Ohio,1956
2020-05-23,40,Oklahoma,311
2020-05-23,41,Oregon,147
2020-05-23,42,Pennsylvania,5112
2020-05-23,44,Rhode Island,597
2020-05-23,45,South Carolina,425
2020-05-23,46,South Dakota,50
2020-05-23,47,Tennessee,329
2020-05-23,48,Texas,1553
2020-05-23,49,Utah,97
2020-05-23,50,Vermont,54
2020-05-23,51,Virginia,1159
2020-05-23,53,Washington,1050
2020-05-23,54,West Virginia,72
2020-05-23,55,Wisconsin,507
2020-05-23,56,Wyoming,12
2020-05-23,60,American Samoa,0
2020-05-23,66,Guam,5
2020-05-23,69,Northern Mariana Islands,2
2020-05-23,72,Puerto Rico,127
2020-05-23,78,Virgin Islands,6
2020-05-23,,Diamond Princess,0
2020-05-23,,Grand Princess,3
2020-05-24,01,Alabama,551
2020-05-24,02,Alaska,10
2020-05-24,04,Arizona,801
2020-05-24,05,Arkansas,116
2020-05-24,06,California,3753
2020-05-24,08,Colorado,1332
2020-05-24,09,Connecticut,3693
2020-05-24,10,Delaware,326
2020-05-24,11,District of Columbia,432
2020-05-24,12,Florida,2237
2020-05-24,13,Georgia,1827
2020-05-24,15,Hawaii,17
2020-05-24,16,Idaho,79
2020-05-24,17,Illinois,4856
2020-05-24,18,Indiana,1976
2020-05-24,19,Iowa,456
2020-05-24,20,Kansas,205
2020-05-24,21,Kentucky,391
2020-05-24,22,Louisiana,2691
2020-05-24,23,Maine,78
2020-05-24,24,Maryland,2277
2020-05-24,25,Massachusetts,6372
2020-05-24,26,Michigan,5466
2020-05-24,27,Minnesota,878
2020-05-24,28,Mississippi,625
2020-05-24,29,Missouri,768
2020-05-24,30,Montana,16
2020-05-24,31,Nebraska,147
2020-05-24,32,Nevada,380
2020-05-24,33,New Hampshire,209
2020-05-24,34,New Jersey,12927
2020-05-24,35,New Mexico,317
2020-05-24,36,New York,30125
2020-05-24,37,North Carolina,784
2020-05-24,38,North Dakota,53
2020-05-24,39,Ohio,1969
2020-05-24,40,Oklahoma,311
2020-05-24,41,Oregon,148
2020-05-24,42,Pennsylvania,5136
2020-05-24,44,Rhode Island,608
2020-05-24,45,South Carolina,435
2020-05-24,46,South Dakota,50
2020-05-24,47,Tennessee,336
2020-05-24,48,Texas,1613
2020-05-24,49,Utah,97
2020-05-24,50,Vermont,54
2020-05-24,51,Virginia,1171
2020-05-24,53,Washington,1061
2020-05-24,54,West Virginia,72
2020-05-24,55,Wisconsin,510
2020-05-24,56,Wyoming,12
2020-05-24,60,American Samoa,0
2020-05-24,66,Guam,5
2020-05-24,69,Northern Mariana Islands,2
2020-05-24,72,Puerto Rico,127
2020-05-24,78,Virgin Islands,6
2020-05-24,,Diamond Princess,0
2020-05-24,,Grand Princess,3
2020-05-25,01,Alabama,566
2020-05-25,02,Alaska,10
2020-05-25,04,Arizona,807
2020-05-25,05,Arkansas,117
2020-05-25,06,California,3768
2020-05-25,08,Colorado,1333
2020-05-25,09,Connecticut,3742
2020-05-25,10,Delaware,332
2020-05-25,11,District of Columbia,440
2020-05-25,12,Florida,2252
2020-05-25,13,Georgia,1848
2020-05-25,15,Hawaii,17
2020-05-25,16,Idaho,79
2020-05-25,17,Illinois,4885
2020-05-25,18,Indiana,1984
2020-05-25,19,Iowa,456
2020-05-25,20,Kansas,207
2020-05-25,21,Kentucky,391
2020-05-25,22,Louisiana,2691
2020-05-25,23,Maine,78
2020-05-25,24,Maryland,2302
2020-05-25,25,Massachusetts,6416
2020-05-25,26,Michigan,5479
2020-05-25,27,Minnesota,890
2020-05-25,28,Mississippi,635
2020-05-25,29,Missouri,773
2020-05-25,30,Montana,16
2020-05-25,31,Nebraska,147
2020-05-25,32,Nevada,394
2020-05-25,33,New Hampshire,210
2020-05-25,34,New Jersey,12941
2020-05-25,35,New Mexico,320
2020-05-25,36,New York,30249
2020-05-25,37,North Carolina,790
2020-05-25,38,North Dakota,54
2020-05-25,39,Ohio,1987
2020-05-25,40,Oklahoma,313
2020-05-25,41,Oregon,148
2020-05-25,42,Pennsylvania,5146
2020-05-25,44,Rhode Island,608
2020-05-25,45,South Carolina,440
2020-05-25,46,South Dakota,50
2020-05-25,47,Tennessee,338
2020-05-25,48,Texas,1623
2020-05-25,49,Utah,98
2020-05-25,50,Vermont,54
2020-05-25,51,Virginia,1208
2020-05-25,53,Washington,1070
2020-05-25,54,West Virginia,72
2020-05-25,55,Wisconsin,514
2020-05-25,56,Wyoming,12
2020-05-25,60,American Samoa,0
2020-05-25,66,Guam,5
2020-05-25,69,Northern Mariana Islands,2
2020-05-25,72,Puerto Rico,129
2020-05-25,78,Virgin Islands,6
2020-05-25,,Diamond Princess,0
2020-05-25,,Grand Princess,3
2020-05-26,01,Alabama,580
2020-05-26,02,Alaska,10
2020-05-26,04,Arizona,810
2020-05-26,05,Arkansas,119
2020-05-26,06,California,3818
2020-05-26,08,Colorado,1352
2020-05-26,09,Connecticut,3769
2020-05-26,10,Delaware,335
2020-05-26,11,District of Columbia,440
2020-05-26,12,Florida,2259
2020-05-26,13,Georgia,1896
2020-05-26,15,Hawaii,17
2020-05-26,16,Idaho,79
2020-05-26,17,Illinois,4923
2020-05-26,18,Indiana,2004
2020-05-26,19,Iowa,477
2020-05-26,20,Kansas,210
2020-05-26,21,Kentucky,394
2020-05-26,22,Louisiana,2702
2020-05-26,23,Maine,79
2020-05-26,24,Maryland,2333
2020-05-26,25,Massachusetts,6473
2020-05-26,26,Michigan,5506
2020-05-26,27,Minnesota,908
2020-05-26,28,Mississippi,652
2020-05-26,29,Missouri,780
2020-05-26,30,Montana,17
2020-05-26,31,Nebraska,147
2020-05-26,32,Nevada,394
2020-05-26,33,New Hampshire,214
2020-05-26,34,New Jersey,12994
2020-05-26,35,New Mexico,325
2020-05-26,36,New York,30276
2020-05-26,37,North Carolina,801
2020-05-26,38,North Dakota,54
2020-05-26,39,Ohio,2002
2020-05-26,40,Oklahoma,318
2020-05-26,41,Oregon,148
2020-05-26,42,Pennsylvania,5163
2020-05-26,44,Rhode Island,634
2020-05-26,45,South Carolina,446
2020-05-26,46,South Dakota,50
2020-05-26,47,Tennessee,343
2020-05-26,48,Texas,1640
2020-05-26,49,Utah,101
2020-05-26,50,Vermont,54
2020-05-26,51,Virginia,1236
2020-05-26,53,Washington,1078
2020-05-26,54,West Virginia,72
2020-05-26,55,Wisconsin,517
2020-05-26,56,Wyoming,13
2020-05-26,60,American Samoa,0
2020-05-26,66,Guam,5
2020-05-26,69,Northern Mariana Islands,2
2020-05-26,72,Puerto Rico,129
2020-05-26,78,Virgin Islands,6
2020-05-26,,Diamond Princess,0
2020-05-26,,Grand Princess,3
2020-05-27,01,Alabama,583
2020-05-27,02,Alaska,10
2020-05-27,04,Arizona,834
2020-05-27,05,Arkansas,120
2020-05-27,06,California,3894
2020-05-27,08,Colorado,1392
2020-05-27,09,Connecticut,3803
2020-05-27,10,Delaware,344
2020-05-27,11,District of Columbia,445
2020-05-27,12,Florida,2319
2020-05-27,13,Georgia,1933
2020-05-27,15,Hawaii,17
2020-05-27,16,Idaho,81
2020-05-27,17,Illinois,5083
2020-05-27,18,Indiana,2030
2020-05-27,19,Iowa,496
2020-05-27,20,Kansas,213
2020-05-27,21,Kentucky,400
2020-05-27,22,Louisiana,2723
2020-05-27,23,Maine,81
2020-05-27,24,Maryland,2392
2020-05-27,25,Massachusetts,6547
2020-05-27,26,Michigan,5574
2020-05-27,27,Minnesota,942
2020-05-27,28,Mississippi,670
2020-05-27,29,Missouri,776
2020-05-27,30,Montana,17
2020-05-27,31,Nebraska,153
2020-05-27,32,Nevada,402
2020-05-27,33,New Hampshire,223
2020-05-27,34,New Jersey,13143
2020-05-27,35,New Mexico,329
2020-05-27,36,New York,30462
2020-05-27,37,North Carolina,844
2020-05-27,38,North Dakota,56
2020-05-27,39,Ohio,2044
2020-05-27,40,Oklahoma,322
2020-05-27,41,Oregon,148
2020-05-27,42,Pennsylvania,5265
2020-05-27,44,Rhode Island,655
2020-05-27,45,South Carolina,466
2020-05-27,46,South Dakota,54
2020-05-27,47,Tennessee,353
2020-05-27,48,Texas,1680
2020-05-27,49,Utah,105
2020-05-27,50,Vermont,54
2020-05-27,51,Virginia,1281
2020-05-27,53,Washington,1095
2020-05-27,54,West Virginia,74
2020-05-27,55,Wisconsin,539
2020-05-27,56,Wyoming,14
2020-05-27,60,American Samoa,0
2020-05-27,66,Guam,5
2020-05-27,69,Northern Mariana Islands,2
2020-05-27,72,Puerto Rico,129
2020-05-27,78,Virgin Islands,6
2020-05-27,,Diamond Princess,0
2020-05-27,,Grand Princess,3
2020-05-28,01,Alabama,591
2020-05-28,02,Alaska,10
2020-05-28,04,Arizona,860
2020-05-28,05,Arkansas,125
2020-05-28,06,California,3993
2020-05-28,08,Colorado,1421
2020-05-28,09,Connecticut,3826
2020-05-28,10,Delaware,345
2020-05-28,11,District of Columbia,453
2020-05-28,12,Florida,2364
2020-05-28,13,Georgia,1973
2020-05-28,15,Hawaii,17
2020-05-28,16,Idaho,82
2020-05-28,17,Illinois,5186
2020-05-28,18,Indiana,2068
2020-05-28,19,Iowa,506
2020-05-28,20,Kansas,214
2020-05-28,21,Kentucky,409
2020-05-28,22,Louisiana,2741
2020-05-28,23,Maine,84
2020-05-28,24,Maryland,2428
2020-05-28,25,Massachusetts,6640
2020-05-28,26,Michigan,5612
2020-05-28,27,Minnesota,977
2020-05-28,28,Mississippi,693
2020-05-28,29,Missouri,789
2020-05-28,30,Montana,17
2020-05-28,31,Nebraska,163
2020-05-28,32,Nevada,406
2020-05-28,33,New Hampshire,232
2020-05-28,34,New Jersey,13218
2020-05-28,35,New Mexico,335
2020-05-28,36,New York,30482
2020-05-28,37,North Carolina,876
2020-05-28,38,North Dakota,57
2020-05-28,39,Ohio,2098
2020-05-28,40,Oklahoma,325
2020-05-28,41,Oregon,151
2020-05-28,42,Pennsylvania,5373
2020-05-28,44,Rhode Island,677
2020-05-28,45,South Carolina,470
2020-05-28,46,South Dakota,54
2020-05-28,47,Tennessee,356
2020-05-28,48,Texas,1715
2020-05-28,49,Utah,106
2020-05-28,50,Vermont,55
2020-05-28,51,Virginia,1338
2020-05-28,53,Washington,1106
2020-05-28,54,West Virginia,74
2020-05-28,55,Wisconsin,550
2020-05-28,56,Wyoming,15
2020-05-28,60,American Samoa,0
2020-05-28,66,Guam,5
2020-05-28,69,Northern Mariana Islands,2
2020-05-28,72,Puerto Rico,131
2020-05-28,78,Virgin Islands,6
2020-05-28,,Diamond Princess,0
2020-05-28,,Grand Princess,3
2020-05-29,01,Alabama,610
2020-05-29,02,Alaska,10
2020-05-29,04,Arizona,886
2020-05-29,05,Arkansas,132
2020-05-29,06,California,4077
2020-05-29,08,Colorado,1436
2020-05-29,09,Connecticut,3868
2020-05-29,10,Delaware,356
2020-05-29,11,District of Columbia,460
2020-05-29,12,Florida,2413
2020-05-29,13,Georgia,1987
2020-05-29,15,Hawaii,17
2020-05-29,16,Idaho,82
2020-05-29,17,Illinois,5270
2020-05-29,18,Indiana,2110
2020-05-29,19,Iowa,524
2020-05-29,20,Kansas,215
2020-05-29,21,Kentucky,418
2020-05-29,22,Louisiana,2767
2020-05-29,23,Maine,85
2020-05-29,24,Maryland,2466
2020-05-29,25,Massachusetts,6718
2020-05-29,26,Michigan,5646
2020-05-29,27,Minnesota,1006
2020-05-29,28,Mississippi,710
2020-05-29,29,Missouri,794
2020-05-29,30,Montana,17
2020-05-29,31,Nebraska,164
2020-05-29,32,Nevada,406
2020-05-29,33,New Hampshire,238
2020-05-29,34,New Jersey,13345
2020-05-29,35,New Mexico,344
2020-05-29,36,New York,30578
2020-05-29,37,North Carolina,919
2020-05-29,38,North Dakota,59
2020-05-29,39,Ohio,2131
2020-05-29,40,Oklahoma,329
2020-05-29,41,Oregon,151
2020-05-29,42,Pennsylvania,5464
2020-05-29,44,Rhode Island,693
2020-05-29,45,South Carolina,483
2020-05-29,46,South Dakota,59
2020-05-29,47,Tennessee,361
2020-05-29,48,Texas,1723
2020-05-29,49,Utah,107
2020-05-29,50,Vermont,55
2020-05-29,51,Virginia,1358
2020-05-29,53,Washington,1111
2020-05-29,54,West Virginia,74
2020-05-29,55,Wisconsin,568
2020-05-29,56,Wyoming,15
2020-05-29,60,American Samoa,0
2020-05-29,66,Guam,5
2020-05-29,69,Northern Mariana Islands,2
2020-05-29,72,Puerto Rico,132
2020-05-29,78,Virgin Islands,6
2020-05-29,,Diamond Princess,0
2020-05-29,,Grand Princess,3
2020-05-30,01,Alabama,618
2020-05-30,02,Alaska,10
2020-05-30,04,Arizona,904
2020-05-30,05,Arkansas,133
2020-05-30,06,California,4144
2020-05-30,08,Colorado,1443
2020-05-30,09,Connecticut,3912
2020-05-30,10,Delaware,361
2020-05-30,11,District of Columbia,462
2020-05-30,12,Florida,2447
2020-05-30,13,Georgia,2004
2020-05-30,15,Hawaii,17
2020-05-30,16,Idaho,82
2020-05-30,17,Illinois,5330
2020-05-30,18,Indiana,2125
2020-05-30,19,Iowa,531
2020-05-30,20,Kansas,215
2020-05-30,21,Kentucky,431
2020-05-30,22,Louisiana,2786
2020-05-30,23,Maine,89
2020-05-30,24,Maryland,2509
2020-05-30,25,Massachusetts,6768
2020-05-30,26,Michigan,5704
2020-05-30,27,Minnesota,1036
2020-05-30,28,Mississippi,723
2020-05-30,29,Missouri,812
2020-05-30,30,Montana,17
2020-05-30,31,Nebraska,170
2020-05-30,32,Nevada,417
2020-05-30,33,New Hampshire,238
2020-05-30,34,New Jersey,13450
2020-05-30,35,New Mexico,351
2020-05-30,36,New York,30649
2020-05-30,37,North Carolina,929
2020-05-30,38,North Dakota,60
2020-05-30,39,Ohio,2149
2020-05-30,40,Oklahoma,334
2020-05-30,41,Oregon,153
2020-05-30,42,Pennsylvania,5537
2020-05-30,44,Rhode Island,711
2020-05-30,45,South Carolina,487
2020-05-30,46,South Dakota,62
2020-05-30,47,Tennessee,364
2020-05-30,48,Texas,1769
2020-05-30,49,Utah,112
2020-05-30,50,Vermont,55
2020-05-30,51,Virginia,1370
2020-05-30,53,Washington,1118
2020-05-30,54,West Virginia,75
2020-05-30,55,Wisconsin,588
2020-05-30,56,Wyoming,16
2020-05-30,60,American Samoa,0
2020-05-30,66,Guam,5
2020-05-30,69,Northern Mariana Islands,2
2020-05-30,72,Puerto Rico,133
2020-05-30,78,Virgin Islands,6
2020-05-30,,Diamond Princess,0
2020-05-30,,Grand Princess,3
2020-05-31,01,Alabama,630
2020-05-31,02,Alaska,10
2020-05-31,04,Arizona,907
2020-05-31,05,Arkansas,133
2020-05-31,06,California,4172
2020-05-31,08,Colorado,1445
2020-05-31,09,Connecticut,3944
2020-05-31,10,Delaware,366
2020-05-31,11,District of Columbia,466
2020-05-31,12,Florida,2451
2020-05-31,13,Georgia,2053
2020-05-31,15,Hawaii,17
2020-05-31,16,Idaho,82
2020-05-31,17,Illinois,5390
2020-05-31,18,Indiana,2134
2020-05-31,19,Iowa,535
2020-05-31,20,Kansas,215
2020-05-31,21,Kentucky,431
2020-05-31,22,Louisiana,2791
2020-05-31,23,Maine,89
2020-05-31,24,Maryland,2532
2020-05-31,25,Massachusetts,6846
2020-05-31,26,Michigan,5731
2020-05-31,27,Minnesota,1050
2020-05-31,28,Mississippi,734
2020-05-31,29,Missouri,814
2020-05-31,30,Montana,17
2020-05-31,31,Nebraska,170
2020-05-31,32,Nevada,417
2020-05-31,33,New Hampshire,245
2020-05-31,34,New Jersey,13518
2020-05-31,35,New Mexico,356
2020-05-31,36,New York,30699
2020-05-31,37,North Carolina,937
2020-05-31,38,North Dakota,61
2020-05-31,39,Ohio,2155
2020-05-31,40,Oklahoma,334
2020-05-31,41,Oregon,153
2020-05-31,42,Pennsylvania,5555
2020-05-31,44,Rhode Island,718
2020-05-31,45,South Carolina,494
2020-05-31,46,South Dakota,62
2020-05-31,47,Tennessee,364
2020-05-31,48,Texas,1788
2020-05-31,49,Utah,113
2020-05-31,50,Vermont,55
2020-05-31,51,Virginia,1375
2020-05-31,53,Washington,1118
2020-05-31,54,West Virginia,75
2020-05-31,55,Wisconsin,592
2020-05-31,56,Wyoming,16
2020-05-31,60,American Samoa,0
2020-05-31,66,Guam,5
2020-05-31,69,Northern Mariana Islands,2
2020-05-31,72,Puerto Rico,136
2020-05-31,78,Virgin Islands,6
2020-05-31,,Diamond Princess,0
2020-05-31,,Grand Princess,3
2020-06-01,01,Alabama,646
2020-06-01,02,Alaska,10
2020-06-01,04,Arizona,918
2020-06-01,05,Arkansas,133
2020-06-01,06,California,4217
2020-06-01,08,Colorado,1458
2020-06-01,09,Connecticut,3970
2020-06-01,10,Delaware,368
2020-06-01,11,District of Columbia,468
2020-06-01,12,Florida,2460
2020-06-01,13,Georgia,2094
2020-06-01,15,Hawaii,17
2020-06-01,16,Idaho,82
2020-06-01,17,Illinois,5412
2020-06-01,18,Indiana,2143
2020-06-01,19,Iowa,555
2020-06-01,20,Kansas,217
2020-06-01,21,Kentucky,439
2020-06-01,22,Louisiana,2801
2020-06-01,23,Maine,89
2020-06-01,24,Maryland,2552
2020-06-01,25,Massachusetts,7035
2020-06-01,26,Michigan,5758
2020-06-01,27,Minnesota,1060
2020-06-01,28,Mississippi,739
2020-06-01,29,Missouri,815
2020-06-01,30,Montana,17
2020-06-01,31,Nebraska,170
2020-06-01,32,Nevada,417
2020-06-01,33,New Hampshire,245
2020-06-01,34,New Jersey,13547
2020-06-01,35,New Mexico,362
2020-06-01,36,New York,30832
2020-06-01,37,North Carolina,948
2020-06-01,38,North Dakota,61
2020-06-01,39,Ohio,2207
2020-06-01,40,Oklahoma,334
2020-06-01,41,Oregon,154
2020-06-01,42,Pennsylvania,5567
2020-06-01,44,Rhode Island,720
2020-06-01,45,South Carolina,500
2020-06-01,46,South Dakota,62
2020-06-01,47,Tennessee,364
2020-06-01,48,Texas,1797
2020-06-01,49,Utah,113
2020-06-01,50,Vermont,55
2020-06-01,51,Virginia,1392
2020-06-01,53,Washington,1123
2020-06-01,54,West Virginia,76
2020-06-01,55,Wisconsin,595
2020-06-01,56,Wyoming,17
2020-06-01,60,American Samoa,0
2020-06-01,66,Guam,5
2020-06-01,69,Northern Mariana Islands,2
2020-06-01,72,Puerto Rico,136
2020-06-01,78,Virgin Islands,6
2020-06-01,,Diamond Princess,0
2020-06-01,,Grand Princess,3
2020-06-02,01,Alabama,653
2020-06-02,02,Alaska,10
2020-06-02,04,Arizona,943
2020-06-02,05,Arkansas,136
2020-06-02,06,California,4305
2020-06-02,08,Colorado,1474
2020-06-02,09,Connecticut,3972
2020-06-02,10,Delaware,373
2020-06-02,11,District of Columbia,470
2020-06-02,12,Florida,2530
2020-06-02,13,Georgia,2102
2020-06-02,15,Hawaii,17
2020-06-02,16,Idaho,83
2020-06-02,17,Illinois,5525
2020-06-02,18,Indiana,2197
2020-06-02,19,Iowa,561
2020-06-02,20,Kansas,222
2020-06-02,21,Kentucky,442
2020-06-02,22,Louisiana,2835
2020-06-02,23,Maine,94
2020-06-02,24,Maryland,2597
2020-06-02,25,Massachusetts,7085
2020-06-02,26,Michigan,5795
2020-06-02,27,Minnesota,1082
2020-06-02,28,Mississippi,767
2020-06-02,29,Missouri,825
2020-06-02,30,Montana,17
2020-06-02,31,Nebraska,170
2020-06-02,32,Nevada,417
2020-06-02,33,New Hampshire,256
2020-06-02,34,New Jersey,13599
2020-06-02,35,New Mexico,367
2020-06-02,36,New York,30910
2020-06-02,37,North Carolina,961
2020-06-02,38,North Dakota,65
2020-06-02,39,Ohio,2259
2020-06-02,40,Oklahoma,339
2020-06-02,41,Oregon,157
2020-06-02,42,Pennsylvania,5667
2020-06-02,44,Rhode Island,732
2020-06-02,45,South Carolina,501
2020-06-02,46,South Dakota,62
2020-06-02,47,Tennessee,381
2020-06-02,48,Texas,1836
2020-06-02,49,Utah,113
2020-06-02,50,Vermont,55
2020-06-02,51,Virginia,1407
2020-06-02,53,Washington,1129
2020-06-02,54,West Virginia,78
2020-06-02,55,Wisconsin,607
2020-06-02,56,Wyoming,17
2020-06-02,60,American Samoa,0
2020-06-02,66,Guam,5
2020-06-02,69,Northern Mariana Islands,2
2020-06-02,72,Puerto Rico,138
2020-06-02,78,Virgin Islands,6
2020-06-02,,Diamond Princess,0
2020-06-02,,Grand Princess,3
2020-06-03,01,Alabama,653
2020-06-03,02,Alaska,10
2020-06-03,04,Arizona,983
2020-06-03,05,Arkansas,142
2020-06-03,06,California,4374
2020-06-03,08,Colorado,1494
2020-06-03,09,Connecticut,3989
2020-06-03,10,Delaware,375
2020-06-03,11,District of Columbia,473
2020-06-03,12,Florida,2566
2020-06-03,13,Georgia,2123
2020-06-03,15,Hawaii,17
2020-06-03,16,Idaho,83
2020-06-03,17,Illinois,5621
2020-06-03,18,Indiana,2207
2020-06-03,19,Iowa,574
2020-06-03,20,Kansas,226
2020-06-03,21,Kentucky,450
2020-06-03,22,Louisiana,2870
2020-06-03,23,Maine,95
2020-06-03,24,Maryland,2641
2020-06-03,25,Massachusetts,7152
2020-06-03,26,Michigan,5813
2020-06-03,27,Minnesota,1097
2020-06-03,28,Mississippi,782
2020-06-03,29,Missouri,831
2020-06-03,30,Montana,17
2020-06-03,31,Nebraska,170
2020-06-03,32,Nevada,431
2020-06-03,33,New Hampshire,265
2020-06-03,34,New Jersey,13710
2020-06-03,35,New Mexico,375
2020-06-03,36,New York,30964
2020-06-03,37,North Carolina,999
2020-06-03,38,North Dakota,66
2020-06-03,39,Ohio,2300
2020-06-03,40,Oklahoma,341
2020-06-03,41,Oregon,159
2020-06-03,42,Pennsylvania,5742
2020-06-03,44,Rhode Island,742
2020-06-03,45,South Carolina,518
2020-06-03,46,South Dakota,62
2020-06-03,47,Tennessee,388
2020-06-03,48,Texas,1866
2020-06-03,49,Utah,117
2020-06-03,50,Vermont,55
2020-06-03,51,Virginia,1428
2020-06-03,53,Washington,1135
2020-06-03,54,West Virginia,78
2020-06-03,55,Wisconsin,616
2020-06-03,56,Wyoming,17
2020-06-03,60,American Samoa,0
2020-06-03,66,Guam,5
2020-06-03,69,Northern Mariana Islands,2
2020-06-03,72,Puerto Rico,140
2020-06-03,78,Virgin Islands,6
2020-06-03,,Diamond Princess,0
2020-06-03,,Grand Princess,3
2020-06-04,01,Alabama,653
2020-06-04,02,Alaska,10
2020-06-04,04,Arizona,999
2020-06-04,05,Arkansas,151
2020-06-04,06,California,4444
2020-06-04,08,Colorado,1512
2020-06-04,09,Connecticut,4007
2020-06-04,10,Delaware,386
2020-06-04,11,District of Columbia,475
2020-06-04,12,Florida,2607
2020-06-04,13,Georgia,2149
2020-06-04,15,Hawaii,17
2020-06-04,16,Idaho,83
2020-06-04,17,Illinois,5736
2020-06-04,18,Indiana,2231
2020-06-04,19,Iowa,583
2020-06-04,20,Kansas,227
2020-06-04,21,Kentucky,458
2020-06-04,22,Louisiana,2883
2020-06-04,23,Maine,95
2020-06-04,24,Maryland,2668
2020-06-04,25,Massachusetts,7201
2020-06-04,26,Michigan,5839
2020-06-04,27,Minnesota,1126
2020-06-04,28,Mississippi,794
2020-06-04,29,Missouri,833
2020-06-04,30,Montana,17
2020-06-04,31,Nebraska,187
2020-06-04,32,Nevada,430
2020-06-04,33,New Hampshire,273
2020-06-04,34,New Jersey,13805
2020-06-04,35,New Mexico,383
2020-06-04,36,New York,31093
2020-06-04,37,North Carolina,1006
2020-06-04,38,North Dakota,66
2020-06-04,39,Ohio,2340
2020-06-04,40,Oklahoma,344
2020-06-04,41,Oregon,159
2020-06-04,42,Pennsylvania,5832
2020-06-04,44,Rhode Island,756
2020-06-04,45,South Carolina,525
2020-06-04,46,South Dakota,64
2020-06-04,47,Tennessee,401
2020-06-04,48,Texas,1900
2020-06-04,49,Utah,117
2020-06-04,50,Vermont,55
2020-06-04,51,Virginia,1445
2020-06-04,53,Washington,1138
2020-06-04,54,West Virginia,79
2020-06-04,55,Wisconsin,626
2020-06-04,56,Wyoming,17
2020-06-04,60,American Samoa,0
2020-06-04,66,Guam,5
2020-06-04,69,Northern Mariana Islands,2
2020-06-04,72,Puerto Rico,140
2020-06-04,78,Virgin Islands,6
2020-06-04,,Diamond Princess,0
2020-06-04,,Grand Princess,3
2020-06-05,01,Alabama,676
2020-06-05,02,Alaska,10
2020-06-05,04,Arizona,1015
2020-06-05,05,Arkansas,152
2020-06-05,06,California,4529
2020-06-05,08,Colorado,1524
2020-06-05,09,Connecticut,4038
2020-06-05,10,Delaware,388
2020-06-05,11,District of Columbia,479
2020-06-05,12,Florida,2660
2020-06-05,13,Georgia,2174
2020-06-05,15,Hawaii,17
2020-06-05,16,Idaho,83
2020-06-05,17,Illinois,5795
2020-06-05,18,Indiana,2258
2020-06-05,19,Iowa,593
2020-06-05,20,Kansas,232
2020-06-05,21,Kentucky,466
2020-06-05,22,Louisiana,2912
2020-06-05,23,Maine,98
2020-06-05,24,Maryland,2702
2020-06-05,25,Massachusetts,7235
2020-06-05,26,Michigan,5909
2020-06-05,27,Minnesota,1159
2020-06-05,28,Mississippi,803
2020-06-05,29,Missouri,840
2020-06-05,30,Montana,18
2020-06-05,31,Nebraska,187
2020-06-05,32,Nevada,436
2020-06-05,33,New Hampshire,278
2020-06-05,34,New Jersey,13887
2020-06-05,35,New Mexico,387
2020-06-05,36,New York,31120
2020-06-05,37,North Carolina,1015
2020-06-05,38,North Dakota,71
2020-06-05,39,Ohio,2357
2020-06-05,40,Oklahoma,345
2020-06-05,41,Oregon,161
2020-06-05,42,Pennsylvania,5898
2020-06-05,44,Rhode Island,772
2020-06-05,45,South Carolina,539
2020-06-05,46,South Dakota,64
2020-06-05,47,Tennessee,408
2020-06-05,48,Texas,1936
2020-06-05,49,Utah,120
2020-06-05,50,Vermont,55
2020-06-05,51,Virginia,1454
2020-06-05,53,Washington,1149
2020-06-05,54,West Virginia,84
2020-06-05,55,Wisconsin,633
2020-06-05,56,Wyoming,17
2020-06-05,60,American Samoa,0
2020-06-05,66,Guam,5
2020-06-05,69,Northern Mariana Islands,2
2020-06-05,72,Puerto Rico,141
2020-06-05,78,Virgin Islands,6
2020-06-05,,Diamond Princess,0
2020-06-05,,Grand Princess,3
2020-06-06,01,Alabama,689
2020-06-06,02,Alaska,10
2020-06-06,04,Arizona,1043
2020-06-06,05,Arkansas,154
2020-06-06,06,California,4607
2020-06-06,08,Colorado,1527
2020-06-06,09,Connecticut,4055
2020-06-06,10,Delaware,390
2020-06-06,11,District of Columbia,483
2020-06-06,12,Florida,2688
2020-06-06,13,Georgia,2178
2020-06-06,15,Hawaii,17
2020-06-06,16,Idaho,83
2020-06-06,17,Illinois,5864
2020-06-06,18,Indiana,2292
2020-06-06,19,Iowa,599
2020-06-06,20,Kansas,233
2020-06-06,21,Kentucky,470
2020-06-06,22,Louisiana,2925
2020-06-06,23,Maine,98
2020-06-06,24,Maryland,2740
2020-06-06,25,Massachusetts,7289
2020-06-06,26,Michigan,5916
2020-06-06,27,Minnesota,1181
2020-06-06,28,Mississippi,811
2020-06-06,29,Missouri,848
2020-06-06,30,Montana,18
2020-06-06,31,Nebraska,187
2020-06-06,32,Nevada,437
2020-06-06,33,New Hampshire,283
2020-06-06,34,New Jersey,13945
2020-06-06,35,New Mexico,392
2020-06-06,36,New York,31141
2020-06-06,37,North Carolina,1028
2020-06-06,38,North Dakota,72
2020-06-06,39,Ohio,2372
2020-06-06,40,Oklahoma,347
2020-06-06,41,Oregon,161
2020-06-06,42,Pennsylvania,5931
2020-06-06,44,Rhode Island,772
2020-06-06,45,South Carolina,545
2020-06-06,46,South Dakota,65
2020-06-06,47,Tennessee,417
2020-06-06,48,Texas,1957
2020-06-06,49,Utah,121
2020-06-06,50,Vermont,55
2020-06-06,51,Virginia,1461
2020-06-06,53,Washington,1153
2020-06-06,54,West Virginia,84
2020-06-06,55,Wisconsin,645
2020-06-06,56,Wyoming,17
2020-06-06,60,American Samoa,0
2020-06-06,66,Guam,5
2020-06-06,69,Northern Mariana Islands,2
2020-06-06,72,Puerto Rico,142
2020-06-06,78,Virgin Islands,6
2020-06-06,,Diamond Princess,0
2020-06-06,,Grand Princess,3
2020-06-07,01,Alabama,692
2020-06-07,02,Alaska,10
2020-06-07,04,Arizona,1051
2020-06-07,05,Arkansas,154
2020-06-07,06,California,4632
2020-06-07,08,Colorado,1527
2020-06-07,09,Connecticut,4071
2020-06-07,10,Delaware,398
2020-06-07,11,District of Columbia,489
2020-06-07,12,Florida,2700
2020-06-07,13,Georgia,2180
2020-06-07,15,Hawaii,17
2020-06-07,16,Idaho,83
2020-06-07,17,Illinois,5904
2020-06-07,18,Indiana,2303
2020-06-07,19,Iowa,605
2020-06-07,20,Kansas,233
2020-06-07,21,Kentucky,470
2020-06-07,22,Louisiana,2936
2020-06-07,23,Maine,99
2020-06-07,24,Maryland,2749
2020-06-07,25,Massachusetts,7316
2020-06-07,26,Michigan,5927
2020-06-07,27,Minnesota,1197
2020-06-07,28,Mississippi,817
2020-06-07,29,Missouri,850
2020-06-07,30,Montana,18
2020-06-07,31,Nebraska,187
2020-06-07,32,Nevada,438
2020-06-07,33,New Hampshire,286
2020-06-07,34,New Jersey,14016
2020-06-07,35,New Mexico,396
2020-06-07,36,New York,31226
2020-06-07,37,North Carolina,1032
2020-06-07,38,North Dakota,72
2020-06-07,39,Ohio,2379
2020-06-07,40,Oklahoma,348
2020-06-07,41,Oregon,163
2020-06-07,42,Pennsylvania,5943
2020-06-07,44,Rhode Island,772
2020-06-07,45,South Carolina,546
2020-06-07,46,South Dakota,65
2020-06-07,47,Tennessee,418
2020-06-07,48,Texas,1966
2020-06-07,49,Utah,121
2020-06-07,50,Vermont,55
2020-06-07,51,Virginia,1472
2020-06-07,53,Washington,1157
2020-06-07,54,West Virginia,84
2020-06-07,55,Wisconsin,647
2020-06-07,56,Wyoming,17
2020-06-07,60,American Samoa,0
2020-06-07,66,Guam,5
2020-06-07,69,Northern Mariana Islands,2
2020-06-07,72,Puerto Rico,142
2020-06-07,78,Virgin Islands,6
2020-06-07,,Diamond Princess,0
2020-06-07,,Grand Princess,3
2020-06-08,01,Alabama,718
2020-06-08,02,Alaska,10
2020-06-08,04,Arizona,1053
2020-06-08,05,Arkansas,155
2020-06-08,06,California,4657
2020-06-08,08,Colorado,1543
2020-06-08,09,Connecticut,4084
2020-06-08,10,Delaware,398
2020-06-08,11,District of Columbia,491
2020-06-08,12,Florida,2712
2020-06-08,13,Georgia,2208
2020-06-08,15,Hawaii,17
2020-06-08,16,Idaho,83
2020-06-08,17,Illinois,5924
2020-06-08,18,Indiana,2316
2020-06-08,19,Iowa,617
2020-06-08,20,Kansas,236
2020-06-08,21,Kentucky,472
2020-06-08,22,Louisiana,2944
2020-06-08,23,Maine,99
2020-06-08,24,Maryland,2776
2020-06-08,25,Massachusetts,7353
2020-06-08,26,Michigan,5942
2020-06-08,27,Minnesota,1208
2020-06-08,28,Mississippi,837
2020-06-08,29,Missouri,854
2020-06-08,30,Montana,18
2020-06-08,31,Nebraska,188
2020-06-08,32,Nevada,442
2020-06-08,33,New Hampshire,286
2020-06-08,34,New Jersey,14055
2020-06-08,35,New Mexico,400
2020-06-08,36,New York,31287
2020-06-08,37,North Carolina,1041
2020-06-08,38,North Dakota,72
2020-06-08,39,Ohio,2406
2020-06-08,40,Oklahoma,348
2020-06-08,41,Oregon,164
2020-06-08,42,Pennsylvania,5953
2020-06-08,44,Rhode Island,799
2020-06-08,45,South Carolina,557
2020-06-08,46,South Dakota,65
2020-06-08,47,Tennessee,421
2020-06-08,48,Texas,1980
2020-06-08,49,Utah,124
2020-06-08,50,Vermont,55
2020-06-08,51,Virginia,1477
2020-06-08,53,Washington,1161
2020-06-08,54,West Virginia,84
2020-06-08,55,Wisconsin,646
2020-06-08,56,Wyoming,17
2020-06-08,60,American Samoa,0
2020-06-08,66,Guam,5
2020-06-08,69,Northern Mariana Islands,2
2020-06-08,72,Puerto Rico,142
2020-06-08,78,Virgin Islands,6
2020-06-08,,Diamond Princess,0
2020-06-08,,Grand Princess,3
2020-06-09,01,Alabama,729
2020-06-09,02,Alaska,11
2020-06-09,04,Arizona,1076
2020-06-09,05,Arkansas,161
2020-06-09,06,California,4745
2020-06-09,08,Colorado,1553
2020-06-09,09,Connecticut,4097
2020-06-09,10,Delaware,410
2020-06-09,11,District of Columbia,495
2020-06-09,12,Florida,2765
2020-06-09,13,Georgia,2285
2020-06-09,15,Hawaii,17
2020-06-09,16,Idaho,85
2020-06-09,17,Illinois,6018
2020-06-09,18,Indiana,2339
2020-06-09,19,Iowa,626
2020-06-09,20,Kansas,237
2020-06-09,21,Kentucky,477
2020-06-09,22,Louisiana,2957
2020-06-09,23,Maine,100
2020-06-09,24,Maryland,2811
2020-06-09,25,Massachusetts,7408
2020-06-09,26,Michigan,5951
2020-06-09,27,Minnesota,1228
2020-06-09,28,Mississippi,847
2020-06-09,29,Missouri,862
2020-06-09,30,Montana,18
2020-06-09,31,Nebraska,189
2020-06-09,32,Nevada,446
2020-06-09,33,New Hampshire,286
2020-06-09,34,New Jersey,14148
2020-06-09,35,New Mexico,404
2020-06-09,36,New York,31327
2020-06-09,37,North Carolina,1068
2020-06-09,38,North Dakota,72
2020-06-09,39,Ohio,2423
2020-06-09,40,Oklahoma,354
2020-06-09,41,Oregon,169
2020-06-09,42,Pennsylvania,6014
2020-06-09,44,Rhode Island,808
2020-06-09,45,South Carolina,568
2020-06-09,46,South Dakota,68
2020-06-09,47,Tennessee,435
2020-06-09,48,Texas,2000
2020-06-09,49,Utah,127
2020-06-09,50,Vermont,55
2020-06-09,51,Virginia,1496
2020-06-09,53,Washington,1176
2020-06-09,54,West Virginia,84
2020-06-09,55,Wisconsin,661
2020-06-09,56,Wyoming,17
2020-06-09,60,American Samoa,0
2020-06-09,66,Guam,5
2020-06-09,69,Northern Mariana Islands,2
2020-06-09,72,Puerto Rico,142
2020-06-09,78,Virgin Islands,6
2020-06-09,,Diamond Princess,0
2020-06-09,,Grand Princess,3
2020-06-10,01,Alabama,744
2020-06-10,02,Alaska,11
2020-06-10,04,Arizona,1101
2020-06-10,05,Arkansas,165
2020-06-10,06,California,4854
2020-06-10,08,Colorado,1572
2020-06-10,09,Connecticut,4120
2020-06-10,10,Delaware,413
2020-06-10,11,District of Columbia,499
2020-06-10,12,Florida,2801
2020-06-10,13,Georgia,2329
2020-06-10,15,Hawaii,17
2020-06-10,16,Idaho,85
2020-06-10,17,Illinois,6095
2020-06-10,18,Indiana,2355
2020-06-10,19,Iowa,631
2020-06-10,20,Kansas,240
2020-06-10,21,Kentucky,484
2020-06-10,22,Louisiana,2968
2020-06-10,23,Maine,100
2020-06-10,24,Maryland,2844
2020-06-10,25,Massachusetts,7454
2020-06-10,26,Michigan,5952
2020-06-10,27,Minnesota,1267
2020-06-10,28,Mississippi,868
2020-06-10,29,Missouri,865
2020-06-10,30,Montana,18
2020-06-10,31,Nebraska,191
2020-06-10,32,Nevada,449
2020-06-10,33,New Hampshire,301
2020-06-10,34,New Jersey,14224
2020-06-10,35,New Mexico,410
2020-06-10,36,New York,31390
2020-06-10,37,North Carolina,1090
2020-06-10,38,North Dakota,73
2020-06-10,39,Ohio,2459
2020-06-10,40,Oklahoma,356
2020-06-10,41,Oregon,169
2020-06-10,42,Pennsylvania,6062
2020-06-10,44,Rhode Island,812
2020-06-10,45,South Carolina,575
2020-06-10,46,South Dakota,69
2020-06-10,47,Tennessee,437
2020-06-10,48,Texas,2037
2020-06-10,49,Utah,128
2020-06-10,50,Vermont,55
2020-06-10,51,Virginia,1514
2020-06-10,53,Washington,1176
2020-06-10,54,West Virginia,85
2020-06-10,55,Wisconsin,671
2020-06-10,56,Wyoming,18
2020-06-10,60,American Samoa,0
2020-06-10,66,Guam,5
2020-06-10,69,Northern Mariana Islands,2
2020-06-10,72,Puerto Rico,143
2020-06-10,78,Virgin Islands,6
2020-06-10,,Diamond Princess,0
2020-06-10,,Grand Princess,3
2020-06-11,01,Alabama,755
2020-06-11,02,Alaska,11
2020-06-11,04,Arizona,1135
2020-06-11,05,Arkansas,171
2020-06-11,06,California,4934
2020-06-11,08,Colorado,1582
2020-06-11,09,Connecticut,4146
2020-06-11,10,Delaware,414
2020-06-11,11,District of Columbia,502
2020-06-11,12,Florida,2848
2020-06-11,13,Georgia,2375
2020-06-11,15,Hawaii,17
2020-06-11,16,Idaho,85
2020-06-11,17,Illinois,6185
2020-06-11,18,Indiana,2380
2020-06-11,19,Iowa,640
2020-06-11,20,Kansas,243
2020-06-11,21,Kentucky,493
2020-06-11,22,Louisiana,2987
2020-06-11,23,Maine,100
2020-06-11,24,Maryland,2875
2020-06-11,25,Massachusetts,7492
2020-06-11,26,Michigan,5985
2020-06-11,27,Minnesota,1280
2020-06-11,28,Mississippi,868
2020-06-11,29,Missouri,865
2020-06-11,30,Montana,18
2020-06-11,31,Nebraska,212
2020-06-11,32,Nevada,459
2020-06-11,33,New Hampshire,308
2020-06-11,34,New Jersey,14291
2020-06-11,35,New Mexico,420
2020-06-11,36,New York,31404
2020-06-11,37,North Carolina,1106
2020-06-11,38,North Dakota,74
2020-06-11,39,Ohio,2492
2020-06-11,40,Oklahoma,358
2020-06-11,41,Oregon,171
2020-06-11,42,Pennsylvania,6113
2020-06-11,44,Rhode Island,823
2020-06-11,45,South Carolina,588
2020-06-11,46,South Dakota,73
2020-06-11,47,Tennessee,441
2020-06-11,48,Texas,2068
2020-06-11,49,Utah,131
2020-06-11,50,Vermont,55
2020-06-11,51,Virginia,1520
2020-06-11,53,Washington,1194
2020-06-11,54,West Virginia,86
2020-06-11,55,Wisconsin,682
2020-06-11,56,Wyoming,18
2020-06-11,60,American Samoa,0
2020-06-11,66,Guam,5
2020-06-11,69,Northern Mariana Islands,2
2020-06-11,72,Puerto Rico,144
2020-06-11,78,Virgin Islands,6
2020-06-11,,Diamond Princess,0
2020-06-11,,Grand Princess,3
2020-06-12,01,Alabama,769
2020-06-12,02,Alaska,12
2020-06-12,04,Arizona,1156
2020-06-12,05,Arkansas,176
2020-06-12,06,California,4978
2020-06-12,08,Colorado,1582
2020-06-12,09,Connecticut,4159
2020-06-12,10,Delaware,414
2020-06-12,11,District of Columbia,506
2020-06-12,12,Florida,2877
2020-06-12,13,Georgia,2418
2020-06-12,15,Hawaii,17
2020-06-12,16,Idaho,87
2020-06-12,17,Illinois,6260
2020-06-12,18,Indiana,2396
2020-06-12,19,Iowa,644
2020-06-12,20,Kansas,243
2020-06-12,21,Kentucky,497
2020-06-12,22,Louisiana,2996
2020-06-12,23,Maine,100
2020-06-12,24,Maryland,2900
2020-06-12,25,Massachusetts,7538
2020-06-12,26,Michigan,5990
2020-06-12,27,Minnesota,1305
2020-06-12,28,Mississippi,881
2020-06-12,29,Missouri,881
2020-06-12,30,Montana,18
2020-06-12,31,Nebraska,215
2020-06-12,32,Nevada,461
2020-06-12,33,New Hampshire,315
2020-06-12,34,New Jersey,14341
2020-06-12,35,New Mexico,420
2020-06-12,36,New York,31554
2020-06-12,37,North Carolina,1121
2020-06-12,38,North Dakota,74
2020-06-12,39,Ohio,2510
2020-06-12,40,Oklahoma,360
2020-06-12,41,Oregon,173
2020-06-12,42,Pennsylvania,6162
2020-06-12,44,Rhode Island,833
2020-06-12,45,South Carolina,593
2020-06-12,46,South Dakota,74
2020-06-12,47,Tennessee,466
2020-06-12,48,Texas,2100
2020-06-12,49,Utah,139
2020-06-12,50,Vermont,55
2020-06-12,51,Virginia,1534
2020-06-12,53,Washington,1204
2020-06-12,54,West Virginia,88
2020-06-12,55,Wisconsin,689
2020-06-12,56,Wyoming,18
2020-06-12,60,American Samoa,0
2020-06-12,66,Guam,5
2020-06-12,69,Northern Mariana Islands,2
2020-06-12,72,Puerto Rico,146
2020-06-12,78,Virgin Islands,6
2020-06-12,,Diamond Princess,0
2020-06-12,,Grand Princess,3
2020-06-13,01,Alabama,773
2020-06-13,02,Alaska,12
2020-06-13,04,Arizona,1189
2020-06-13,05,Arkansas,177
2020-06-13,06,California,5076
2020-06-13,08,Colorado,1597
2020-06-13,09,Connecticut,4186
2020-06-13,10,Delaware,419
2020-06-13,11,District of Columbia,511
2020-06-13,12,Florida,2925
2020-06-13,13,Georgia,2447
2020-06-13,15,Hawaii,17
2020-06-13,16,Idaho,87
2020-06-13,17,Illinois,6289
2020-06-13,18,Indiana,2413
2020-06-13,19,Iowa,650
2020-06-13,20,Kansas,245
2020-06-13,21,Kentucky,499
2020-06-13,22,Louisiana,3004
2020-06-13,23,Maine,100
2020-06-13,24,Maryland,2926
2020-06-13,25,Massachusetts,7576
2020-06-13,26,Michigan,6013
2020-06-13,27,Minnesota,1314
2020-06-13,28,Mississippi,889
2020-06-13,29,Missouri,887
2020-06-13,30,Montana,18
2020-06-13,31,Nebraska,215
2020-06-13,32,Nevada,462
2020-06-13,33,New Hampshire,318
2020-06-13,34,New Jersey,14476
2020-06-13,35,New Mexico,431
2020-06-13,36,New York,31568
2020-06-13,37,North Carolina,1127
2020-06-13,38,North Dakota,74
2020-06-13,39,Ohio,2556
2020-06-13,40,Oklahoma,359
2020-06-13,41,Oregon,173
2020-06-13,42,Pennsylvania,6211
2020-06-13,44,Rhode Island,833
2020-06-13,45,South Carolina,599
2020-06-13,46,South Dakota,75
2020-06-13,47,Tennessee,472
2020-06-13,48,Texas,2125
2020-06-13,49,Utah,139
2020-06-13,50,Vermont,55
2020-06-13,51,Virginia,1541
2020-06-13,53,Washington,1213
2020-06-13,54,West Virginia,88
2020-06-13,55,Wisconsin,691
2020-06-13,56,Wyoming,18
2020-06-13,60,American Samoa,0
2020-06-13,66,Guam,5
2020-06-13,69,Northern Mariana Islands,2
2020-06-13,72,Puerto Rico,146
2020-06-13,78,Virgin Islands,6
2020-06-13,,Diamond Princess,0
2020-06-13,,Grand Princess,3
2020-06-14,01,Alabama,773
2020-06-14,02,Alaska,12
2020-06-14,04,Arizona,1191
2020-06-14,05,Arkansas,179
2020-06-14,06,California,5099
2020-06-14,08,Colorado,1598
2020-06-14,09,Connecticut,4201
2020-06-14,10,Delaware,422
2020-06-14,11,District of Columbia,515
2020-06-14,12,Florida,2931
2020-06-14,13,Georgia,2451
2020-06-14,15,Hawaii,17
2020-06-14,16,Idaho,87
2020-06-14,17,Illinois,6308
2020-06-14,18,Indiana,2422
2020-06-14,19,Iowa,652
2020-06-14,20,Kansas,245
2020-06-14,21,Kentucky,499
2020-06-14,22,Louisiana,3014
2020-06-14,23,Maine,100
2020-06-14,24,Maryland,2939
2020-06-14,25,Massachusetts,7624
2020-06-14,26,Michigan,6016
2020-06-14,27,Minnesota,1329
2020-06-14,28,Mississippi,891
2020-06-14,29,Missouri,889
2020-06-14,30,Montana,19
2020-06-14,31,Nebraska,215
2020-06-14,32,Nevada,463
2020-06-14,33,New Hampshire,320
2020-06-14,34,New Jersey,14515
2020-06-14,35,New Mexico,435
2020-06-14,36,New York,31595
2020-06-14,37,North Carolina,1132
2020-06-14,38,North Dakota,74
2020-06-14,39,Ohio,2559
2020-06-14,40,Oklahoma,359
2020-06-14,41,Oregon,176
2020-06-14,42,Pennsylvania,6215
2020-06-14,44,Rhode Island,833
2020-06-14,45,South Carolina,600
2020-06-14,46,South Dakota,75
2020-06-14,47,Tennessee,474
2020-06-14,48,Texas,2147
2020-06-14,49,Utah,139
2020-06-14,50,Vermont,55
2020-06-14,51,Virginia,1546
2020-06-14,53,Washington,1217
2020-06-14,54,West Virginia,88
2020-06-14,55,Wisconsin,692
2020-06-14,56,Wyoming,18
2020-06-14,60,American Samoa,0
2020-06-14,66,Guam,5
2020-06-14,69,Northern Mariana Islands,2
2020-06-14,72,Puerto Rico,147
2020-06-14,78,Virgin Islands,6
2020-06-14,,Diamond Princess,0
2020-06-14,,Grand Princess,3
2020-06-15,01,Alabama,774
2020-06-15,02,Alaska,12
2020-06-15,04,Arizona,1203
2020-06-15,05,Arkansas,182
2020-06-15,06,California,5114
2020-06-15,08,Colorado,1605
2020-06-15,09,Connecticut,4204
2020-06-15,10,Delaware,423
2020-06-15,11,District of Columbia,515
2020-06-15,12,Florida,2938
2020-06-15,13,Georgia,2494
2020-06-15,15,Hawaii,17
2020-06-15,16,Idaho,87
2020-06-15,17,Illinois,6326
2020-06-15,18,Indiana,2433
2020-06-15,19,Iowa,658
2020-06-15,20,Kansas,246
2020-06-15,21,Kentucky,505
2020-06-15,22,Louisiana,3018
2020-06-15,23,Maine,101
2020-06-15,24,Maryland,2947
2020-06-15,25,Massachusetts,7647
2020-06-15,26,Michigan,6018
2020-06-15,27,Minnesota,1335
2020-06-15,28,Mississippi,895
2020-06-15,29,Missouri,891
2020-06-15,30,Montana,19
2020-06-15,31,Nebraska,220
2020-06-15,32,Nevada,465
2020-06-15,33,New Hampshire,320
2020-06-15,34,New Jersey,14565
2020-06-15,35,New Mexico,440
2020-06-15,36,New York,31628
2020-06-15,37,North Carolina,1140
2020-06-15,38,North Dakota,74
2020-06-15,39,Ohio,2575
2020-06-15,40,Oklahoma,359
2020-06-15,41,Oregon,180
2020-06-15,42,Pennsylvania,6243
2020-06-15,44,Rhode Island,851
2020-06-15,45,South Carolina,602
2020-06-15,46,South Dakota,75
2020-06-15,47,Tennessee,482
2020-06-15,48,Texas,2163
2020-06-15,49,Utah,143
2020-06-15,50,Vermont,55
2020-06-15,51,Virginia,1552
2020-06-15,53,Washington,1220
2020-06-15,54,West Virginia,88
2020-06-15,55,Wisconsin,694
2020-06-15,56,Wyoming,18
2020-06-15,60,American Samoa,0
2020-06-15,66,Guam,5
2020-06-15,69,Northern Mariana Islands,2
2020-06-15,72,Puerto Rico,147
2020-06-15,78,Virgin Islands,6
2020-06-15,,Diamond Princess,0
2020-06-15,,Grand Princess,3
2020-06-16,01,Alabama,785
2020-06-16,02,Alaska,12
2020-06-16,04,Arizona,1228
2020-06-16,05,Arkansas,188
2020-06-16,06,California,5200
2020-06-16,08,Colorado,1617
2020-06-16,09,Connecticut,4210
2020-06-16,10,Delaware,424
2020-06-16,11,District of Columbia,520
2020-06-16,12,Florida,2993
2020-06-16,13,Georgia,2529
2020-06-16,15,Hawaii,17
2020-06-16,16,Idaho,88
2020-06-16,17,Illinois,6398
2020-06-16,18,Indiana,2447
2020-06-16,19,Iowa,665
2020-06-16,20,Kansas,246
2020-06-16,21,Kentucky,505
2020-06-16,22,Louisiana,3042
2020-06-16,23,Maine,101
2020-06-16,24,Maryland,2982
2020-06-16,25,Massachusetts,7665
2020-06-16,26,Michigan,6034
2020-06-16,27,Minnesota,1344
2020-06-16,28,Mississippi,915
2020-06-16,29,Missouri,895
2020-06-16,30,Montana,19
2020-06-16,31,Nebraska,231
2020-06-16,32,Nevada,467
2020-06-16,33,New Hampshire,326
2020-06-16,34,New Jersey,14651
2020-06-16,35,New Mexico,447
2020-06-16,36,New York,31678
2020-06-16,37,North Carolina,1169
2020-06-16,38,North Dakota,74
2020-06-16,39,Ohio,2599
2020-06-16,40,Oklahoma,363
2020-06-16,41,Oregon,182
2020-06-16,42,Pennsylvania,6276
2020-06-16,44,Rhode Island,865
2020-06-16,45,South Carolina,607
2020-06-16,46,South Dakota,77
2020-06-16,47,Tennessee,493
2020-06-16,48,Texas,2213
2020-06-16,49,Utah,145
2020-06-16,50,Vermont,55
2020-06-16,51,Virginia,1570
2020-06-16,53,Washington,1231
2020-06-16,54,West Virginia,88
2020-06-16,55,Wisconsin,703
2020-06-16,56,Wyoming,18
2020-06-16,60,American Samoa,0
2020-06-16,66,Guam,5
2020-06-16,69,Northern Mariana Islands,2
2020-06-16,72,Puerto Rico,147
2020-06-16,78,Virgin Islands,6
2020-06-16,,Diamond Princess,0
2020-06-16,,Grand Princess,3
2020-06-17,01,Alabama,790
2020-06-17,02,Alaska,12
2020-06-17,04,Arizona,1249
2020-06-17,05,Arkansas,197
2020-06-17,06,California,5271
2020-06-17,08,Colorado,1631
2020-06-17,09,Connecticut,4219
2020-06-17,10,Delaware,426
2020-06-17,11,District of Columbia,523
2020-06-17,12,Florida,3018
2020-06-17,13,Georgia,2575
2020-06-17,15,Hawaii,17
2020-06-17,16,Idaho,88
2020-06-17,17,Illinois,6485
2020-06-17,18,Indiana,2475
2020-06-17,19,Iowa,675
2020-06-17,20,Kansas,247
2020-06-17,21,Kentucky,518
2020-06-17,22,Louisiana,3062
2020-06-17,23,Maine,102
2020-06-17,24,Maryland,2996
2020-06-17,25,Massachusetts,7734
2020-06-17,26,Michigan,6036
2020-06-17,27,Minnesota,1357
2020-06-17,28,Mississippi,938
2020-06-17,29,Missouri,914
2020-06-17,30,Montana,20
2020-06-17,31,Nebraska,234
2020-06-17,32,Nevada,473
2020-06-17,33,New Hampshire,330
2020-06-17,34,New Jersey,14694
2020-06-17,35,New Mexico,452
2020-06-17,36,New York,31696
2020-06-17,37,North Carolina,1181
2020-06-17,38,North Dakota,74
2020-06-17,39,Ohio,2611
2020-06-17,40,Oklahoma,364
2020-06-17,41,Oregon,183
2020-06-17,42,Pennsylvania,6319
2020-06-17,44,Rhode Island,876
2020-06-17,45,South Carolina,617
2020-06-17,46,South Dakota,78
2020-06-17,47,Tennessee,498
2020-06-17,48,Texas,2254
2020-06-17,49,Utah,149
2020-06-17,50,Vermont,55
2020-06-17,51,Virginia,1583
2020-06-17,53,Washington,1226
2020-06-17,54,West Virginia,88
2020-06-17,55,Wisconsin,713
2020-06-17,56,Wyoming,18
2020-06-17,60,American Samoa,0
2020-06-17,66,Guam,5
2020-06-17,69,Northern Mariana Islands,2
2020-06-17,72,Puerto Rico,147
2020-06-17,78,Virgin Islands,6
2020-06-17,,Diamond Princess,0
2020-06-17,,Grand Princess,3
2020-06-18,01,Alabama,810
2020-06-18,02,Alaska,12
2020-06-18,04,Arizona,1283
2020-06-18,05,Arkansas,208
2020-06-18,06,California,5355
2020-06-18,08,Colorado,1638
2020-06-18,09,Connecticut,4226
2020-06-18,10,Delaware,431
2020-06-18,11,District of Columbia,527
2020-06-18,12,Florida,3061
2020-06-18,13,Georgia,2605
2020-06-18,15,Hawaii,17
2020-06-18,16,Idaho,89
2020-06-18,17,Illinois,6537
2020-06-18,18,Indiana,2491
2020-06-18,19,Iowa,680
2020-06-18,20,Kansas,251
2020-06-18,21,Kentucky,520
2020-06-18,22,Louisiana,3062
2020-06-18,23,Maine,102
2020-06-18,24,Maryland,3016
2020-06-18,25,Massachusetts,7770
2020-06-18,26,Michigan,6061
2020-06-18,27,Minnesota,1376
2020-06-18,28,Mississippi,938
2020-06-18,29,Missouri,950
2020-06-18,30,Montana,20
2020-06-18,31,Nebraska,239
2020-06-18,32,Nevada,475
2020-06-18,33,New Hampshire,331
2020-06-18,34,New Jersey,14729
2020-06-18,35,New Mexico,456
2020-06-18,36,New York,31728
2020-06-18,37,North Carolina,1188
2020-06-18,38,North Dakota,75
2020-06-18,39,Ohio,2633
2020-06-18,40,Oklahoma,366
2020-06-18,41,Oregon,187
2020-06-18,42,Pennsylvania,6361
2020-06-18,44,Rhode Island,885
2020-06-18,45,South Carolina,621
2020-06-18,46,South Dakota,78
2020-06-18,47,Tennessee,508
2020-06-18,48,Texas,2299
2020-06-18,49,Utah,152
2020-06-18,50,Vermont,56
2020-06-18,51,Virginia,1586
2020-06-18,53,Washington,1245
2020-06-18,54,West Virginia,88
2020-06-18,55,Wisconsin,719
2020-06-18,56,Wyoming,18
2020-06-18,60,American Samoa,0
2020-06-18,66,Guam,5
2020-06-18,69,Northern Mariana Islands,2
2020-06-18,72,Puerto Rico,147
2020-06-18,78,Virgin Islands,6
2020-06-18,,Diamond Princess,0
2020-06-18,,Grand Princess,3
2020-06-19,01,Alabama,822
2020-06-19,02,Alaska,12
2020-06-19,04,Arizona,1321
2020-06-19,05,Arkansas,214
2020-06-19,06,California,5426
2020-06-19,08,Colorado,1643
2020-06-19,09,Connecticut,4238
2020-06-19,10,Delaware,433
2020-06-19,11,District of Columbia,530
2020-06-19,12,Florida,3104
2020-06-19,13,Georgia,2636
2020-06-19,15,Hawaii,17
2020-06-19,16,Idaho,89
2020-06-19,17,Illinois,6580
2020-06-19,18,Indiana,2516
2020-06-19,19,Iowa,681
2020-06-19,20,Kansas,253
2020-06-19,21,Kentucky,522
2020-06-19,22,Louisiana,3084
2020-06-19,23,Maine,102
2020-06-19,24,Maryland,3030
2020-06-19,25,Massachusetts,7800
2020-06-19,26,Michigan,6067
2020-06-19,27,Minnesota,1393
2020-06-19,28,Mississippi,938
2020-06-19,29,Missouri,963
2020-06-19,30,Montana,20
2020-06-19,31,Nebraska,244
2020-06-19,32,Nevada,479
2020-06-19,33,New Hampshire,337
2020-06-19,34,New Jersey,14762
2020-06-19,35,New Mexico,464
2020-06-19,36,New York,31747
2020-06-19,37,North Carolina,1202
2020-06-19,38,North Dakota,76
2020-06-19,39,Ohio,2667
2020-06-19,40,Oklahoma,367
2020-06-19,41,Oregon,188
2020-06-19,42,Pennsylvania,6399
2020-06-19,44,Rhode Island,894
2020-06-19,45,South Carolina,639
2020-06-19,46,South Dakota,81
2020-06-19,47,Tennessee,515
2020-06-19,48,Texas,2328
2020-06-19,49,Utah,155
2020-06-19,50,Vermont,56
2020-06-19,51,Virginia,1602
2020-06-19,53,Washington,1255
2020-06-19,54,West Virginia,88
2020-06-19,55,Wisconsin,730
2020-06-19,56,Wyoming,20
2020-06-19,60,American Samoa,0
2020-06-19,66,Guam,5
2020-06-19,69,Northern Mariana Islands,2
2020-06-19,72,Puerto Rico,147
2020-06-19,78,Virgin Islands,6
2020-06-19,,Diamond Princess,0
2020-06-19,,Grand Princess,3
2020-06-20,01,Alabama,838
2020-06-20,02,Alaska,12
2020-06-20,04,Arizona,1346
2020-06-20,05,Arkansas,224
2020-06-20,06,California,5494
2020-06-20,08,Colorado,1647
2020-06-20,09,Connecticut,4251
2020-06-20,10,Delaware,434
2020-06-20,11,District of Columbia,531
2020-06-20,12,Florida,3144
2020-06-20,13,Georgia,2642
2020-06-20,15,Hawaii,17
2020-06-20,16,Idaho,89
2020-06-20,17,Illinois,6625
2020-06-20,18,Indiana,2536
2020-06-20,19,Iowa,681
2020-06-20,20,Kansas,256
2020-06-20,21,Kentucky,524
2020-06-20,22,Louisiana,3104
2020-06-20,23,Maine,102
2020-06-20,24,Maryland,3052
2020-06-20,25,Massachusetts,7828
2020-06-20,26,Michigan,6087
2020-06-20,27,Minnesota,1404
2020-06-20,28,Mississippi,938
2020-06-20,29,Missouri,973
2020-06-20,30,Montana,20
2020-06-20,31,Nebraska,244
2020-06-20,32,Nevada,486
2020-06-20,33,New Hampshire,339
2020-06-20,34,New Jersey,14785
2020-06-20,35,New Mexico,466
2020-06-20,36,New York,31817
2020-06-20,37,North Carolina,1215
2020-06-20,38,North Dakota,76
2020-06-20,39,Ohio,2697
2020-06-20,40,Oklahoma,368
2020-06-20,41,Oregon,189
2020-06-20,42,Pennsylvania,6419
2020-06-20,44,Rhode Island,894
2020-06-20,45,South Carolina,644
2020-06-20,46,South Dakota,81
2020-06-20,47,Tennessee,524
2020-06-20,48,Texas,2355
2020-06-20,49,Utah,155
2020-06-20,50,Vermont,56
2020-06-20,51,Virginia,1607
2020-06-20,53,Washington,1265
2020-06-20,54,West Virginia,88
2020-06-20,55,Wisconsin,744
2020-06-20,56,Wyoming,20
2020-06-20,60,American Samoa,0
2020-06-20,66,Guam,5
2020-06-20,69,Northern Mariana Islands,2
2020-06-20,72,Puerto Rico,147
2020-06-20,78,Virgin Islands,6
2020-06-20,,Diamond Princess,0
2020-06-20,,Grand Princess,3
2020-06-21,01,Alabama,839
2020-06-21,02,Alaska,12
2020-06-21,04,Arizona,1349
2020-06-21,05,Arkansas,225
2020-06-21,06,California,5515
2020-06-21,08,Colorado,1647
2020-06-21,09,Connecticut,4260
2020-06-21,10,Delaware,435
2020-06-21,11,District of Columbia,533
2020-06-21,12,Florida,3161
2020-06-21,13,Georgia,2643
2020-06-21,15,Hawaii,17
2020-06-21,16,Idaho,89
2020-06-21,17,Illinois,6647
2020-06-21,18,Indiana,2540
2020-06-21,19,Iowa,686
2020-06-21,20,Kansas,257
2020-06-21,21,Kentucky,526
2020-06-21,22,Louisiana,3105
2020-06-21,23,Maine,102
2020-06-21,24,Maryland,3066
2020-06-21,25,Massachusetts,7858
2020-06-21,26,Michigan,6090
2020-06-21,27,Minnesota,1412
2020-06-21,28,Mississippi,938
2020-06-21,29,Missouri,975
2020-06-21,30,Montana,20
2020-06-21,31,Nebraska,244
2020-06-21,32,Nevada,487
2020-06-21,33,New Hampshire,339
2020-06-21,34,New Jersey,14802
2020-06-21,35,New Mexico,469
2020-06-21,36,New York,31854
2020-06-21,37,North Carolina,1245
2020-06-21,38,North Dakota,77
2020-06-21,39,Ohio,2700
2020-06-21,40,Oklahoma,369
2020-06-21,41,Oregon,190
2020-06-21,42,Pennsylvania,6423
2020-06-21,44,Rhode Island,894
2020-06-21,45,South Carolina,653
2020-06-21,46,South Dakota,81
2020-06-21,47,Tennessee,526
2020-06-21,48,Texas,2368
2020-06-21,49,Utah,158
2020-06-21,50,Vermont,56
2020-06-21,51,Virginia,1611
2020-06-21,53,Washington,1270
2020-06-21,54,West Virginia,89
2020-06-21,55,Wisconsin,744
2020-06-21,56,Wyoming,20
2020-06-21,60,American Samoa,0
2020-06-21,66,Guam,5
2020-06-21,69,Northern Mariana Islands,2
2020-06-21,72,Puerto Rico,149
2020-06-21,78,Virgin Islands,6
2020-06-21,,Diamond Princess,0
2020-06-21,,Grand Princess,3
2020-06-22,01,Alabama,841
2020-06-22,02,Alaska,12
2020-06-22,04,Arizona,1351
2020-06-22,05,Arkansas,227
2020-06-22,06,California,5566
2020-06-22,08,Colorado,1651
2020-06-22,09,Connecticut,4263
2020-06-22,10,Delaware,435
2020-06-22,11,District of Columbia,535
2020-06-22,12,Florida,3173
2020-06-22,13,Georgia,2648
2020-06-22,15,Hawaii,17
2020-06-22,16,Idaho,89
2020-06-22,17,Illinois,6671
2020-06-22,18,Indiana,2553
2020-06-22,19,Iowa,686
2020-06-22,20,Kansas,258
2020-06-22,21,Kentucky,526
2020-06-22,22,Louisiana,3117
2020-06-22,23,Maine,102
2020-06-22,24,Maryland,3074
2020-06-22,25,Massachusetts,7874
2020-06-22,26,Michigan,6097
2020-06-22,27,Minnesota,1416
2020-06-22,28,Mississippi,978
2020-06-22,29,Missouri,980
2020-06-22,30,Montana,21
2020-06-22,31,Nebraska,249
2020-06-22,32,Nevada,489
2020-06-22,33,New Hampshire,339
2020-06-22,34,New Jersey,14840
2020-06-22,35,New Mexico,469
2020-06-22,36,New York,31890
2020-06-22,37,North Carolina,1278
2020-06-22,38,North Dakota,77
2020-06-22,39,Ohio,2704
2020-06-22,40,Oklahoma,369
2020-06-22,41,Oregon,192
2020-06-22,42,Pennsylvania,6426
2020-06-22,44,Rhode Island,903
2020-06-22,45,South Carolina,659
2020-06-22,46,South Dakota,81
2020-06-22,47,Tennessee,531
2020-06-22,48,Texas,2384
2020-06-22,49,Utah,158
2020-06-22,50,Vermont,56
2020-06-22,51,Virginia,1620
2020-06-22,53,Washington,1276
2020-06-22,54,West Virginia,89
2020-06-22,55,Wisconsin,745
2020-06-22,56,Wyoming,20
2020-06-22,60,American Samoa,0
2020-06-22,66,Guam,5
2020-06-22,69,Northern Mariana Islands,2
2020-06-22,72,Puerto Rico,149
2020-06-22,78,Virgin Islands,6
2020-06-22,,Diamond Princess,0
2020-06-22,,Grand Princess,3
2020-06-23,01,Alabama,864
2020-06-23,02,Alaska,12
2020-06-23,04,Arizona,1396
2020-06-23,05,Arkansas,237
2020-06-23,06,California,5626
2020-06-23,08,Colorado,1665
2020-06-23,09,Connecticut,4277
2020-06-23,10,Delaware,504
2020-06-23,11,District of Columbia,537
2020-06-23,12,Florida,3238
2020-06-23,13,Georgia,2695
2020-06-23,15,Hawaii,17
2020-06-23,16,Idaho,89
2020-06-23,17,Illinois,6707
2020-06-23,18,Indiana,2569
2020-06-23,19,Iowa,689
2020-06-23,20,Kansas,260
2020-06-23,21,Kentucky,537
2020-06-23,22,Louisiana,3134
2020-06-23,23,Maine,102
2020-06-23,24,Maryland,3092
2020-06-23,25,Massachusetts,7890
2020-06-23,26,Michigan,6109
2020-06-23,27,Minnesota,1425
2020-06-23,28,Mississippi,989
2020-06-23,29,Missouri,988
2020-06-23,30,Montana,21
2020-06-23,31,Nebraska,256
2020-06-23,32,Nevada,492
2020-06-23,33,New Hampshire,343
2020-06-23,34,New Jersey,14893
2020-06-23,35,New Mexico,476
2020-06-23,36,New York,31952
2020-06-23,37,North Carolina,1296
2020-06-23,38,North Dakota,78
2020-06-23,39,Ohio,2735
2020-06-23,40,Oklahoma,371
2020-06-23,41,Oregon,192
2020-06-23,42,Pennsylvania,6464
2020-06-23,44,Rhode Island,906
2020-06-23,45,South Carolina,673
2020-06-23,46,South Dakota,83
2020-06-23,47,Tennessee,542
2020-06-23,48,Texas,2421
2020-06-23,49,Utah,163
2020-06-23,50,Vermont,56
2020-06-23,51,Virginia,1645
2020-06-23,53,Washington,1284
2020-06-23,54,West Virginia,92
2020-06-23,55,Wisconsin,750
2020-06-23,56,Wyoming,20
2020-06-23,60,American Samoa,0
2020-06-23,66,Guam,5
2020-06-23,69,Northern Mariana Islands,2
2020-06-23,72,Puerto Rico,149
2020-06-23,78,Virgin Islands,6
2020-06-23,,Diamond Princess,0
2020-06-23,,Grand Princess,3
2020-06-24,01,Alabama,891
2020-06-24,02,Alaska,12
2020-06-24,04,Arizona,1467
2020-06-24,05,Arkansas,240
2020-06-24,06,California,5725
2020-06-24,08,Colorado,1667
2020-06-24,09,Connecticut,4287
2020-06-24,10,Delaware,505
2020-06-24,11,District of Columbia,541
2020-06-24,12,Florida,3281
2020-06-24,13,Georgia,2698
2020-06-24,15,Hawaii,17
2020-06-24,16,Idaho,89
2020-06-24,17,Illinois,6770
2020-06-24,18,Indiana,2578
2020-06-24,19,Iowa,690
2020-06-24,20,Kansas,260
2020-06-24,21,Kentucky,538
2020-06-24,22,Louisiana,3152
2020-06-24,23,Maine,103
2020-06-24,24,Maryland,3108
2020-06-24,25,Massachusetts,7938
2020-06-24,26,Michigan,6114
2020-06-24,27,Minnesota,1432
2020-06-24,28,Mississippi,1011
2020-06-24,29,Missouri,998
2020-06-24,30,Montana,21
2020-06-24,31,Nebraska,257
2020-06-24,32,Nevada,494
2020-06-24,33,New Hampshire,347
2020-06-24,34,New Jersey,14944
2020-06-24,35,New Mexico,480
2020-06-24,36,New York,31974
2020-06-24,37,North Carolina,1325
2020-06-24,38,North Dakota,78
2020-06-24,39,Ohio,2755
2020-06-24,40,Oklahoma,372
2020-06-24,41,Oregon,195
2020-06-24,42,Pennsylvania,6518
2020-06-24,44,Rhode Island,912
2020-06-24,45,South Carolina,683
2020-06-24,46,South Dakota,84
2020-06-24,47,Tennessee,556
2020-06-24,48,Texas,2462
2020-06-24,49,Utah,163
2020-06-24,50,Vermont,56
2020-06-24,51,Virginia,1661
2020-06-24,53,Washington,1293
2020-06-24,54,West Virginia,92
2020-06-24,55,Wisconsin,757
2020-06-24,56,Wyoming,20
2020-06-24,60,American Samoa,0
2020-06-24,66,Guam,5
2020-06-24,69,Northern Mariana Islands,2
2020-06-24,72,Puerto Rico,149
2020-06-24,78,Virgin Islands,6
2020-06-24,,Diamond Princess,0
2020-06-24,,Grand Princess,3
2020-06-25,01,Alabama,896
2020-06-25,02,Alaska,12
2020-06-25,04,Arizona,1495
2020-06-25,05,Arkansas,240
2020-06-25,06,California,5806
2020-06-25,08,Colorado,1669
2020-06-25,09,Connecticut,4298
2020-06-25,10,Delaware,507
2020-06-25,11,District of Columbia,543
2020-06-25,12,Florida,3327
2020-06-25,13,Georgia,2745
2020-06-25,15,Hawaii,17
2020-06-25,16,Idaho,90
2020-06-25,17,Illinois,6810
2020-06-25,18,Indiana,2586
2020-06-25,19,Iowa,696
2020-06-25,20,Kansas,262
2020-06-25,21,Kentucky,546
2020-06-25,22,Louisiana,3164
2020-06-25,23,Maine,103
2020-06-25,24,Maryland,3129
2020-06-25,25,Massachusetts,7963
2020-06-25,26,Michigan,6133
2020-06-25,27,Minnesota,1441
2020-06-25,28,Mississippi,1016
2020-06-25,29,Missouri,1000
2020-06-25,30,Montana,21
2020-06-25,31,Nebraska,260
2020-06-25,32,Nevada,495
2020-06-25,33,New Hampshire,357
2020-06-25,34,New Jersey,14872
2020-06-25,35,New Mexico,485
2020-06-25,36,New York,32007
2020-06-25,37,North Carolina,1336
2020-06-25,38,North Dakota,78
2020-06-25,39,Ohio,2772
2020-06-25,40,Oklahoma,375
2020-06-25,41,Oregon,197
2020-06-25,42,Pennsylvania,6557
2020-06-25,44,Rhode Island,920
2020-06-25,45,South Carolina,693
2020-06-25,46,South Dakota,87
2020-06-25,47,Tennessee,567
2020-06-25,48,Texas,2514
2020-06-25,49,Utah,164
2020-06-25,50,Vermont,56
2020-06-25,51,Virginia,1675
2020-06-25,53,Washington,1300
2020-06-25,54,West Virginia,92
2020-06-25,55,Wisconsin,766
2020-06-25,56,Wyoming,20
2020-06-25,60,American Samoa,0
2020-06-25,66,Guam,5
2020-06-25,69,Northern Mariana Islands,2
2020-06-25,72,Puerto Rico,151
2020-06-25,78,Virgin Islands,6
2020-06-25,,Diamond Princess,0
2020-06-25,,Grand Princess,3
2020-06-26,01,Alabama,907
2020-06-26,02,Alaska,14
2020-06-26,04,Arizona,1536
2020-06-26,05,Arkansas,249
2020-06-26,06,California,5868
2020-06-26,08,Colorado,1673
2020-06-26,09,Connecticut,4307
2020-06-26,10,Delaware,507
2020-06-26,11,District of Columbia,546
2020-06-26,12,Florida,3366
2020-06-26,13,Georgia,2770
2020-06-26,15,Hawaii,17
2020-06-26,16,Idaho,90
2020-06-26,17,Illinois,6847
2020-06-26,18,Indiana,2595
2020-06-26,19,Iowa,704
2020-06-26,20,Kansas,265
2020-06-26,21,Kentucky,553
2020-06-26,22,Louisiana,3190
2020-06-26,23,Maine,103
2020-06-26,24,Maryland,3142
2020-06-26,25,Massachusetts,8013
2020-06-26,26,Michigan,6134
2020-06-26,27,Minnesota,1446
2020-06-26,28,Mississippi,1022
2020-06-26,29,Missouri,1009
2020-06-26,30,Montana,22
2020-06-26,31,Nebraska,266
2020-06-26,32,Nevada,498
2020-06-26,33,New Hampshire,365
2020-06-26,34,New Jersey,14914
2020-06-26,35,New Mexico,489
2020-06-26,36,New York,32030
2020-06-26,37,North Carolina,1348
2020-06-26,38,North Dakota,78
2020-06-26,39,Ohio,2788
2020-06-26,40,Oklahoma,377
2020-06-26,41,Oregon,202
2020-06-26,42,Pennsylvania,6579
2020-06-26,44,Rhode Island,927
2020-06-26,45,South Carolina,694
2020-06-26,46,South Dakota,88
2020-06-26,47,Tennessee,577
2020-06-26,48,Texas,2558
2020-06-26,49,Utah,166
2020-06-26,50,Vermont,56
2020-06-26,51,Virginia,1700
2020-06-26,53,Washington,1304
2020-06-26,54,West Virginia,92
2020-06-26,55,Wisconsin,766
2020-06-26,56,Wyoming,20
2020-06-26,60,American Samoa,0
2020-06-26,66,Guam,5
2020-06-26,69,Northern Mariana Islands,2
2020-06-26,72,Puerto Rico,151
2020-06-26,78,Virgin Islands,6
2020-06-26,,Diamond Princess,0
2020-06-26,,Grand Princess,3
2020-06-27,01,Alabama,919
2020-06-27,02,Alaska,14
2020-06-27,04,Arizona,1580
2020-06-27,05,Arkansas,259
2020-06-27,06,California,5899
2020-06-27,08,Colorado,1674
2020-06-27,09,Connecticut,4311
2020-06-27,10,Delaware,507
2020-06-27,11,District of Columbia,548
2020-06-27,12,Florida,3390
2020-06-27,13,Georgia,2776
2020-06-27,15,Hawaii,18
2020-06-27,16,Idaho,91
2020-06-27,17,Illinois,6873
2020-06-27,18,Indiana,2616
2020-06-27,19,Iowa,704
2020-06-27,20,Kansas,268
2020-06-27,21,Kentucky,554
2020-06-27,22,Louisiana,3190
2020-06-27,23,Maine,104
2020-06-27,24,Maryland,3157
2020-06-27,25,Massachusetts,8041
2020-06-27,26,Michigan,6153
2020-06-27,27,Minnesota,1452
2020-06-27,28,Mississippi,1035
2020-06-27,29,Missouri,1014
2020-06-27,30,Montana,22
2020-06-27,31,Nebraska,267
2020-06-27,32,Nevada,500
2020-06-27,33,New Hampshire,367
2020-06-27,34,New Jersey,14948
2020-06-27,35,New Mexico,491
2020-06-27,36,New York,32051
2020-06-27,37,North Carolina,1353
2020-06-27,38,North Dakota,78
2020-06-27,39,Ohio,2804
2020-06-27,40,Oklahoma,384
2020-06-27,41,Oregon,202
2020-06-27,42,Pennsylvania,6603
2020-06-27,44,Rhode Island,927
2020-06-27,45,South Carolina,711
2020-06-27,46,South Dakota,91
2020-06-27,47,Tennessee,584
2020-06-27,48,Texas,2603
2020-06-27,49,Utah,167
2020-06-27,50,Vermont,56
2020-06-27,51,Virginia,1724
2020-06-27,53,Washington,1310
2020-06-27,54,West Virginia,93
2020-06-27,55,Wisconsin,777
2020-06-27,56,Wyoming,20
2020-06-27,60,American Samoa,0
2020-06-27,66,Guam,5
2020-06-27,69,Northern Mariana Islands,2
2020-06-27,72,Puerto Rico,152
2020-06-27,78,Virgin Islands,6
2020-06-27,,Diamond Princess,0
2020-06-27,,Grand Princess,3
2020-06-28,01,Alabama,919
2020-06-28,02,Alaska,14
2020-06-28,04,Arizona,1594
2020-06-28,05,Arkansas,264
2020-06-28,06,California,5932
2020-06-28,08,Colorado,1676
2020-06-28,09,Connecticut,4316
2020-06-28,10,Delaware,507
2020-06-28,11,District of Columbia,550
2020-06-28,12,Florida,3419
2020-06-28,13,Georgia,2778
2020-06-28,15,Hawaii,18
2020-06-28,16,Idaho,91
2020-06-28,17,Illinois,6888
2020-06-28,18,Indiana,2619
2020-06-28,19,Iowa,706
2020-06-28,20,Kansas,269
2020-06-28,21,Kentucky,558
2020-06-28,22,Louisiana,3199
2020-06-28,23,Maine,104
2020-06-28,24,Maryland,3168
2020-06-28,25,Massachusetts,8060
2020-06-28,26,Michigan,6157
2020-06-28,27,Minnesota,1460
2020-06-28,28,Mississippi,1039
2020-06-28,29,Missouri,1014
2020-06-28,30,Montana,22
2020-06-28,31,Nebraska,267
2020-06-28,32,Nevada,500
2020-06-28,33,New Hampshire,367
2020-06-28,34,New Jersey,14975
2020-06-28,35,New Mexico,492
2020-06-28,36,New York,32078
2020-06-28,37,North Carolina,1352
2020-06-28,38,North Dakota,79
2020-06-28,39,Ohio,2807
2020-06-28,40,Oklahoma,385
2020-06-28,41,Oregon,202
2020-06-28,42,Pennsylvania,6606
2020-06-28,44,Rhode Island,927
2020-06-28,45,South Carolina,716
2020-06-28,46,South Dakota,91
2020-06-28,47,Tennessee,584
2020-06-28,48,Texas,2628
2020-06-28,49,Utah,167
2020-06-28,50,Vermont,56
2020-06-28,51,Virginia,1732
2020-06-28,53,Washington,1310
2020-06-28,54,West Virginia,93
2020-06-28,55,Wisconsin,777
2020-06-28,56,Wyoming,20
2020-06-28,60,American Samoa,0
2020-06-28,66,Guam,5
2020-06-28,69,Northern Mariana Islands,2
2020-06-28,72,Puerto Rico,153
2020-06-28,78,Virgin Islands,6
2020-06-28,,Diamond Princess,0
2020-06-28,,Grand Princess,3
2020-06-29,01,Alabama,929
2020-06-29,02,Alaska,14
2020-06-29,04,Arizona,1598
2020-06-29,05,Arkansas,265
2020-06-29,06,California,5983
2020-06-29,08,Colorado,1681
2020-06-29,09,Connecticut,4320
2020-06-29,10,Delaware,507
2020-06-29,11,District of Columbia,551
2020-06-29,12,Florida,3447
2020-06-29,13,Georgia,2784
2020-06-29,15,Hawaii,18
2020-06-29,16,Idaho,91
2020-06-29,17,Illinois,6902
2020-06-29,18,Indiana,2624
2020-06-29,19,Iowa,711
2020-06-29,20,Kansas,273
2020-06-29,21,Kentucky,560
2020-06-29,22,Louisiana,3199
2020-06-29,23,Maine,105
2020-06-29,24,Maryland,3175
2020-06-29,25,Massachusetts,8095
2020-06-29,26,Michigan,6161
2020-06-29,27,Minnesota,1470
2020-06-29,28,Mississippi,1059
2020-06-29,29,Missouri,1016
2020-06-29,30,Montana,22
2020-06-29,31,Nebraska,269
2020-06-29,32,Nevada,504
2020-06-29,33,New Hampshire,367
2020-06-29,34,New Jersey,14992
2020-06-29,35,New Mexico,493
2020-06-29,36,New York,32109
2020-06-29,37,North Carolina,1357
2020-06-29,38,North Dakota,79
2020-06-29,39,Ohio,2818
2020-06-29,40,Oklahoma,385
2020-06-29,41,Oregon,204
2020-06-29,42,Pennsylvania,6614
2020-06-29,44,Rhode Island,946
2020-06-29,45,South Carolina,720
2020-06-29,46,South Dakota,91
2020-06-29,47,Tennessee,592
2020-06-29,48,Texas,2655
2020-06-29,49,Utah,168
2020-06-29,50,Vermont,56
2020-06-29,51,Virginia,1740
2020-06-29,53,Washington,1320
2020-06-29,54,West Virginia,93
2020-06-29,55,Wisconsin,777
2020-06-29,56,Wyoming,20
2020-06-29,60,American Samoa,0
2020-06-29,66,Guam,5
2020-06-29,69,Northern Mariana Islands,2
2020-06-29,72,Puerto Rico,153
2020-06-29,78,Virgin Islands,6
2020-06-29,,Diamond Princess,0
2020-06-29,,Grand Princess,3
2020-06-30,01,Alabama,950
2020-06-30,02,Alaska,14
2020-06-30,04,Arizona,1645
2020-06-30,05,Arkansas,270
2020-06-30,06,California,6082
2020-06-30,08,Colorado,1690
2020-06-30,09,Connecticut,4322
2020-06-30,10,Delaware,509
2020-06-30,11,District of Columbia,551
2020-06-30,12,Florida,3505
2020-06-30,13,Georgia,2805
2020-06-30,15,Hawaii,18
2020-06-30,16,Idaho,92
2020-06-30,17,Illinois,6923
2020-06-30,18,Indiana,2640
2020-06-30,19,Iowa,716
2020-06-30,20,Kansas,273
2020-06-30,21,Kentucky,565
2020-06-30,22,Louisiana,3221
2020-06-30,23,Maine,105
2020-06-30,24,Maryland,3190
2020-06-30,25,Massachusetts,8054
2020-06-30,26,Michigan,6193
2020-06-30,27,Minnesota,1476
2020-06-30,28,Mississippi,1073
2020-06-30,29,Missouri,1019
2020-06-30,30,Montana,22
2020-06-30,31,Nebraska,274
2020-06-30,32,Nevada,507
2020-06-30,33,New Hampshire,371
2020-06-30,34,New Jersey,15035
2020-06-30,35,New Mexico,497
2020-06-30,36,New York,32070
2020-06-30,37,North Carolina,1380
2020-06-30,38,North Dakota,79
2020-06-30,39,Ohio,2863
2020-06-30,40,Oklahoma,387
2020-06-30,41,Oregon,207
2020-06-30,42,Pennsylvania,6649
2020-06-30,44,Rhode Island,950
2020-06-30,45,South Carolina,739
2020-06-30,46,South Dakota,91
2020-06-30,47,Tennessee,604
2020-06-30,48,Texas,2708
2020-06-30,49,Utah,172
2020-06-30,50,Vermont,56
2020-06-30,51,Virginia,1763
2020-06-30,53,Washington,1332
2020-06-30,54,West Virginia,93
2020-06-30,55,Wisconsin,784
2020-06-30,56,Wyoming,20
2020-06-30,60,American Samoa,0
2020-06-30,66,Guam,5
2020-06-30,69,Northern Mariana Islands,2
2020-06-30,72,Puerto Rico,153
2020-06-30,78,Virgin Islands,6
2020-06-30,,Diamond Princess,0
2020-06-30,,Grand Princess,3
2020-07-01,01,Alabama,972
2020-07-01,02,Alaska,14
2020-07-01,04,Arizona,1725
2020-07-01,05,Arkansas,277
2020-07-01,06,California,6169
2020-07-01,08,Colorado,1697
2020-07-01,09,Connecticut,4324
2020-07-01,10,Delaware,509
2020-07-01,11,District of Columbia,553
2020-07-01,12,Florida,3550
2020-07-01,13,Georgia,2827
2020-07-01,15,Hawaii,18
2020-07-01,16,Idaho,92
2020-07-01,17,Illinois,6951
2020-07-01,18,Indiana,2650
2020-07-01,19,Iowa,717
2020-07-01,20,Kansas,277
2020-07-01,21,Kentucky,572
2020-07-01,22,Louisiana,3238
2020-07-01,23,Maine,105
2020-07-01,24,Maryland,3205
2020-07-01,25,Massachusetts,8081
2020-07-01,26,Michigan,6198
2020-07-01,27,Minnesota,1482
2020-07-01,28,Mississippi,1082
2020-07-01,29,Missouri,1033
2020-07-01,30,Montana,22
2020-07-01,31,Nebraska,276
2020-07-01,32,Nevada,511
2020-07-01,33,New Hampshire,373
2020-07-01,34,New Jersey,15078
2020-07-01,35,New Mexico,500
2020-07-01,36,New York,32088
2020-07-01,37,North Carolina,1398
2020-07-01,38,North Dakota,80
2020-07-01,39,Ohio,2876
2020-07-01,40,Oklahoma,389
2020-07-01,41,Oregon,208
2020-07-01,42,Pennsylvania,6684
2020-07-01,44,Rhode Island,956
2020-07-01,45,South Carolina,766
2020-07-01,46,South Dakota,93
2020-07-01,47,Tennessee,609
2020-07-01,48,Texas,2770
2020-07-01,49,Utah,173
2020-07-01,50,Vermont,56
2020-07-01,51,Virginia,1786
2020-07-01,53,Washington,1339
2020-07-01,54,West Virginia,93
2020-07-01,55,Wisconsin,786
2020-07-01,56,Wyoming,20
2020-07-01,60,American Samoa,0
2020-07-01,66,Guam,5
2020-07-01,69,Northern Mariana Islands,2
2020-07-01,72,Puerto Rico,153
2020-07-01,78,Virgin Islands,6
2020-07-01,,Diamond Princess,0
2020-07-01,,Grand Princess,3
2020-07-02,01,Alabama,985
2020-07-02,02,Alaska,14
2020-07-02,04,Arizona,1764
2020-07-02,05,Arkansas,279
2020-07-02,06,California,6265
2020-07-02,08,Colorado,1701
2020-07-02,09,Connecticut,4326
2020-07-02,10,Delaware,510
2020-07-02,11,District of Columbia,554
2020-07-02,12,Florida,3617
2020-07-02,13,Georgia,2849
2020-07-02,15,Hawaii,18
2020-07-02,16,Idaho,92
2020-07-02,17,Illinois,6987
2020-07-02,18,Indiana,2662
2020-07-02,19,Iowa,719
2020-07-02,20,Kansas,280
2020-07-02,21,Kentucky,581
2020-07-02,22,Louisiana,3255
2020-07-02,23,Maine,105
2020-07-02,24,Maryland,3212
2020-07-02,25,Massachusetts,8132
2020-07-02,26,Michigan,6212
2020-07-02,27,Minnesota,1495
2020-07-02,28,Mississippi,1092
2020-07-02,29,Missouri,1044
2020-07-02,30,Montana,22
2020-07-02,31,Nebraska,282
2020-07-02,32,Nevada,525
2020-07-02,33,New Hampshire,375
2020-07-02,34,New Jersey,15107
2020-07-02,35,New Mexico,503
2020-07-02,36,New York,32112
2020-07-02,37,North Carolina,1409
2020-07-02,38,North Dakota,80
2020-07-02,39,Ohio,2903
2020-07-02,40,Oklahoma,395
2020-07-02,41,Oregon,209
2020-07-02,42,Pennsylvania,6712
2020-07-02,44,Rhode Island,959
2020-07-02,45,South Carolina,784
2020-07-02,46,South Dakota,97
2020-07-02,47,Tennessee,620
2020-07-02,48,Texas,2835
2020-07-02,49,Utah,176
2020-07-02,50,Vermont,56
2020-07-02,51,Virginia,1816
2020-07-02,53,Washington,1342
2020-07-02,54,West Virginia,93
2020-07-02,55,Wisconsin,793
2020-07-02,56,Wyoming,20
2020-07-02,60,American Samoa,0
2020-07-02,66,Guam,5
2020-07-02,69,Northern Mariana Islands,2
2020-07-02,72,Puerto Rico,153
2020-07-02,78,Virgin Islands,6
2020-07-02,,Diamond Princess,0
2020-07-02,,Grand Princess,3
2020-07-03,01,Alabama,1006
2020-07-03,02,Alaska,15
2020-07-03,04,Arizona,1798
2020-07-03,05,Arkansas,281
2020-07-03,06,California,6315
2020-07-03,08,Colorado,1701
2020-07-03,09,Connecticut,4335
2020-07-03,10,Delaware,512
2020-07-03,11,District of Columbia,555
2020-07-03,12,Florida,3684
2020-07-03,13,Georgia,2857
2020-07-03,15,Hawaii,19
2020-07-03,16,Idaho,93
2020-07-03,17,Illinois,7005
2020-07-03,18,Indiana,2681
2020-07-03,19,Iowa,721
2020-07-03,20,Kansas,282
2020-07-03,21,Kentucky,585
2020-07-03,22,Louisiana,3278
2020-07-03,23,Maine,105
2020-07-03,24,Maryland,3223
2020-07-03,25,Massachusetts,8149
2020-07-03,26,Michigan,6215
2020-07-03,27,Minnesota,1503
2020-07-03,28,Mississippi,1103
2020-07-03,29,Missouri,1047
2020-07-03,30,Montana,23
2020-07-03,31,Nebraska,284
2020-07-03,32,Nevada,528
2020-07-03,33,New Hampshire,376
2020-07-03,34,New Jersey,15164
2020-07-03,35,New Mexico,511
2020-07-03,36,New York,32192
2020-07-03,37,North Carolina,1419
2020-07-03,38,North Dakota,80
2020-07-03,39,Ohio,2903
2020-07-03,40,Oklahoma,398
2020-07-03,41,Oregon,209
2020-07-03,42,Pennsylvania,6746
2020-07-03,44,Rhode Island,960
2020-07-03,45,South Carolina,793
2020-07-03,46,South Dakota,97
2020-07-03,47,Tennessee,633
2020-07-03,48,Texas,2907
2020-07-03,49,Utah,181
2020-07-03,50,Vermont,56
2020-07-03,51,Virginia,1845
2020-07-03,53,Washington,1352
2020-07-03,54,West Virginia,93
2020-07-03,55,Wisconsin,796
2020-07-03,56,Wyoming,20
2020-07-03,60,American Samoa,0
2020-07-03,66,Guam,5
2020-07-03,69,Northern Mariana Islands,2
2020-07-03,72,Puerto Rico,154
2020-07-03,78,Virgin Islands,6
2020-07-03,,Diamond Princess,0
2020-07-03,,Grand Princess,3
2020-07-04,01,Alabama,1007
2020-07-04,02,Alaska,16
2020-07-04,04,Arizona,1817
2020-07-04,05,Arkansas,286
2020-07-04,06,California,6334
2020-07-04,08,Colorado,1701
2020-07-04,09,Connecticut,4335
2020-07-04,10,Delaware,512
2020-07-04,11,District of Columbia,557
2020-07-04,12,Florida,3702
2020-07-04,13,Georgia,2857
2020-07-04,15,Hawaii,19
2020-07-04,16,Idaho,93
2020-07-04,17,Illinois,7014
2020-07-04,18,Indiana,2687
2020-07-04,19,Iowa,721
2020-07-04,20,Kansas,283
2020-07-04,21,Kentucky,585
2020-07-04,22,Louisiana,3278
2020-07-04,23,Maine,107
2020-07-04,24,Maryland,3236
2020-07-04,25,Massachusetts,8172
2020-07-04,26,Michigan,6218
2020-07-04,27,Minnesota,1503
2020-07-04,28,Mississippi,1107
2020-07-04,29,Missouri,1050
2020-07-04,30,Montana,23
2020-07-04,31,Nebraska,284
2020-07-04,32,Nevada,530
2020-07-04,33,New Hampshire,379
2020-07-04,34,New Jersey,15189
2020-07-04,35,New Mexico,513
2020-07-04,36,New York,32206
2020-07-04,37,North Carolina,1422
2020-07-04,38,North Dakota,80
2020-07-04,39,Ohio,2907
2020-07-04,40,Oklahoma,398
2020-07-04,41,Oregon,213
2020-07-04,42,Pennsylvania,6749
2020-07-04,44,Rhode Island,960
2020-07-04,45,South Carolina,813
2020-07-04,46,South Dakota,97
2020-07-04,47,Tennessee,637
2020-07-04,48,Texas,2951
2020-07-04,49,Utah,181
2020-07-04,50,Vermont,56
2020-07-04,51,Virginia,1849
2020-07-04,53,Washington,1354
2020-07-04,54,West Virginia,94
2020-07-04,55,Wisconsin,796
2020-07-04,56,Wyoming,20
2020-07-04,60,American Samoa,0
2020-07-04,66,Guam,5
2020-07-04,69,Northern Mariana Islands,2
2020-07-04,72,Puerto Rico,155
2020-07-04,78,Virgin Islands,6
2020-07-04,,Diamond Princess,0
2020-07-04,,Grand Princess,3
2020-07-05,01,Alabama,1007
2020-07-05,02,Alaska,16
2020-07-05,04,Arizona,1825
2020-07-05,05,Arkansas,287
2020-07-05,06,California,6373
2020-07-05,08,Colorado,1701
2020-07-05,09,Connecticut,4335
2020-07-05,10,Delaware,512
2020-07-05,11,District of Columbia,559
2020-07-05,12,Florida,3731
2020-07-05,13,Georgia,2860
2020-07-05,15,Hawaii,19
2020-07-05,16,Idaho,93
2020-07-05,17,Illinois,7020
2020-07-05,18,Indiana,2693
2020-07-05,19,Iowa,721
2020-07-05,20,Kansas,284
2020-07-05,21,Kentucky,585
2020-07-05,22,Louisiana,3288
2020-07-05,23,Maine,109
2020-07-05,24,Maryland,3243
2020-07-05,25,Massachusetts,8183
2020-07-05,26,Michigan,6218
2020-07-05,27,Minnesota,1508
2020-07-05,28,Mississippi,1111
2020-07-05,29,Missouri,1051
2020-07-05,30,Montana,23
2020-07-05,31,Nebraska,284
2020-07-05,32,Nevada,534
2020-07-05,33,New Hampshire,381
2020-07-05,34,New Jersey,15211
2020-07-05,35,New Mexico,513
2020-07-05,36,New York,32244
2020-07-05,37,North Carolina,1423
2020-07-05,38,North Dakota,80
2020-07-05,39,Ohio,2911
2020-07-05,40,Oklahoma,398
2020-07-05,41,Oregon,215
2020-07-05,42,Pennsylvania,6753
2020-07-05,44,Rhode Island,960
2020-07-05,45,South Carolina,820
2020-07-05,46,South Dakota,97
2020-07-05,47,Tennessee,645
2020-07-05,48,Texas,3000
2020-07-05,49,Utah,184
2020-07-05,50,Vermont,56
2020-07-05,51,Virginia,1853
2020-07-05,53,Washington,1359
2020-07-05,54,West Virginia,94
2020-07-05,55,Wisconsin,796
2020-07-05,56,Wyoming,20
2020-07-05,60,American Samoa,0
2020-07-05,66,Guam,5
2020-07-05,69,Northern Mariana Islands,2
2020-07-05,72,Puerto Rico,155
2020-07-05,78,Virgin Islands,6
2020-07-05,,Diamond Princess,0
2020-07-05,,Grand Princess,3
2020-07-06,01,Alabama,1007
2020-07-06,02,Alaska,16
2020-07-06,04,Arizona,1829
2020-07-06,05,Arkansas,292
2020-07-06,06,California,6441
2020-07-06,08,Colorado,1691
2020-07-06,09,Connecticut,4338
2020-07-06,10,Delaware,512
2020-07-06,11,District of Columbia,561
2020-07-06,12,Florida,3778
2020-07-06,13,Georgia,2878
2020-07-06,15,Hawaii,19
2020-07-06,16,Idaho,94
2020-07-06,17,Illinois,7026
2020-07-06,18,Indiana,2698
2020-07-06,19,Iowa,723
2020-07-06,20,Kansas,285
2020-07-06,21,Kentucky,593
2020-07-06,22,Louisiana,3296
2020-07-06,23,Maine,109
2020-07-06,24,Maryland,3246
2020-07-06,25,Massachusetts,8198
2020-07-06,26,Michigan,6221
2020-07-06,27,Minnesota,1511
2020-07-06,28,Mississippi,1114
2020-07-06,29,Missouri,1051
2020-07-06,30,Montana,23
2020-07-06,31,Nebraska,283
2020-07-06,32,Nevada,537
2020-07-06,33,New Hampshire,382
2020-07-06,34,New Jersey,15229
2020-07-06,35,New Mexico,515
2020-07-06,36,New York,32261
2020-07-06,37,North Carolina,1432
2020-07-06,38,North Dakota,80
2020-07-06,39,Ohio,2927
2020-07-06,40,Oklahoma,399
2020-07-06,41,Oregon,215
2020-07-06,42,Pennsylvania,6754
2020-07-06,44,Rhode Island,960
2020-07-06,45,South Carolina,827
2020-07-06,46,South Dakota,97
2020-07-06,47,Tennessee,652
2020-07-06,48,Texas,3062
2020-07-06,49,Utah,190
2020-07-06,50,Vermont,56
2020-07-06,51,Virginia,1853
2020-07-06,53,Washington,1369
2020-07-06,54,West Virginia,95
2020-07-06,55,Wisconsin,796
2020-07-06,56,Wyoming,20
2020-07-06,60,American Samoa,0
2020-07-06,66,Guam,5
2020-07-06,69,Northern Mariana Islands,2
2020-07-06,72,Puerto Rico,155
2020-07-06,78,Virgin Islands,6
2020-07-06,,Diamond Princess,0
2020-07-06,,Grand Princess,3
2020-07-07,01,Alabama,1033
2020-07-07,02,Alaska,17
2020-07-07,04,Arizona,1927
2020-07-07,05,Arkansas,301
2020-07-07,06,California,6573
2020-07-07,08,Colorado,1696
2020-07-07,09,Connecticut,4338
2020-07-07,10,Delaware,514
2020-07-07,11,District of Columbia,561
2020-07-07,12,Florida,3841
2020-07-07,13,Georgia,2899
2020-07-07,15,Hawaii,19
2020-07-07,16,Idaho,94
2020-07-07,17,Illinois,7273
2020-07-07,18,Indiana,2717
2020-07-07,19,Iowa,732
2020-07-07,20,Kansas,289
2020-07-07,21,Kentucky,602
2020-07-07,22,Louisiana,3319
2020-07-07,23,Maine,110
2020-07-07,24,Maryland,3266
2020-07-07,25,Massachusetts,8213
2020-07-07,26,Michigan,6251
2020-07-07,27,Minnesota,1514
2020-07-07,28,Mississippi,1158
2020-07-07,29,Missouri,1067
2020-07-07,30,Montana,23
2020-07-07,31,Nebraska,282
2020-07-07,32,Nevada,548
2020-07-07,33,New Hampshire,384
2020-07-07,34,New Jersey,15281
2020-07-07,35,New Mexico,519
2020-07-07,36,New York,32283
2020-07-07,37,North Carolina,1446
2020-07-07,38,North Dakota,84
2020-07-07,39,Ohio,2970
2020-07-07,40,Oklahoma,404
2020-07-07,41,Oregon,220
2020-07-07,42,Pennsylvania,6787
2020-07-07,44,Rhode Island,969
2020-07-07,45,South Carolina,846
2020-07-07,46,South Dakota,98
2020-07-07,47,Tennessee,665
2020-07-07,48,Texas,3192
2020-07-07,49,Utah,194
2020-07-07,50,Vermont,56
2020-07-07,51,Virginia,1881
2020-07-07,53,Washington,1384
2020-07-07,54,West Virginia,95
2020-07-07,55,Wisconsin,805
2020-07-07,56,Wyoming,21
2020-07-07,60,American Samoa,0
2020-07-07,66,Guam,5
2020-07-07,69,Northern Mariana Islands,2
2020-07-07,72,Puerto Rico,157
2020-07-07,78,Virgin Islands,6
2020-07-07,,Diamond Princess,0
2020-07-07,,Grand Princess,3
2020-07-08,01,Alabama,1058
2020-07-08,02,Alaska,17
2020-07-08,04,Arizona,1963
2020-07-08,05,Arkansas,305
2020-07-08,06,California,6718
2020-07-08,08,Colorado,1704
2020-07-08,09,Connecticut,4343
2020-07-08,10,Delaware,515
2020-07-08,11,District of Columbia,564
2020-07-08,12,Florida,3889
2020-07-08,13,Georgia,2922
2020-07-08,15,Hawaii,19
2020-07-08,16,Idaho,98
2020-07-08,17,Illinois,7309
2020-07-08,18,Indiana,2732
2020-07-08,19,Iowa,736
2020-07-08,20,Kansas,289
2020-07-08,21,Kentucky,608
2020-07-08,22,Louisiana,3339
2020-07-08,23,Maine,110
2020-07-08,24,Maryland,3275
2020-07-08,25,Massachusetts,8243
2020-07-08,26,Michigan,6262
2020-07-08,27,Minnesota,1523
2020-07-08,28,Mississippi,1188
2020-07-08,29,Missouri,1069
2020-07-08,30,Montana,23
2020-07-08,31,Nebraska,282
2020-07-08,32,Nevada,553
2020-07-08,33,New Hampshire,386
2020-07-08,34,New Jersey,15332
2020-07-08,35,New Mexico,527
2020-07-08,36,New York,32304
2020-07-08,37,North Carolina,1462
2020-07-08,38,North Dakota,85
2020-07-08,39,Ohio,2991
2020-07-08,40,Oklahoma,407
2020-07-08,41,Oregon,224
2020-07-08,42,Pennsylvania,6812
2020-07-08,44,Rhode Island,971
2020-07-08,45,South Carolina,884
2020-07-08,46,South Dakota,98
2020-07-08,47,Tennessee,685
2020-07-08,48,Texas,3319
2020-07-08,49,Utah,201
2020-07-08,50,Vermont,56
2020-07-08,51,Virginia,1905
2020-07-08,53,Washington,1394
2020-07-08,54,West Virginia,95
2020-07-08,55,Wisconsin,807
2020-07-08,56,Wyoming,21
2020-07-08,60,American Samoa,0
2020-07-08,66,Guam,5
2020-07-08,69,Northern Mariana Islands,2
2020-07-08,72,Puerto Rico,159
2020-07-08,78,Virgin Islands,6
2020-07-08,,Diamond Princess,0
2020-07-08,,Grand Princess,3
2020-07-09,01,Alabama,1068
2020-07-09,02,Alaska,17
2020-07-09,04,Arizona,2038
2020-07-09,05,Arkansas,309
2020-07-09,06,California,6859
2020-07-09,08,Colorado,1706
2020-07-09,09,Connecticut,4348
2020-07-09,10,Delaware,517
2020-07-09,11,District of Columbia,568
2020-07-09,12,Florida,4009
2020-07-09,13,Georgia,2930
2020-07-09,15,Hawaii,19
2020-07-09,16,Idaho,100
2020-07-09,17,Illinois,7329
2020-07-09,18,Indiana,2739
2020-07-09,19,Iowa,741
2020-07-09,20,Kansas,293
2020-07-09,21,Kentucky,612
2020-07-09,22,Louisiana,3355
2020-07-09,23,Maine,111
2020-07-09,24,Maryland,3288
2020-07-09,25,Massachusetts,8268
2020-07-09,26,Michigan,6271
2020-07-09,27,Minnesota,1528
2020-07-09,28,Mississippi,1204
2020-07-09,29,Missouri,1073
2020-07-09,30,Montana,25
2020-07-09,31,Nebraska,284
2020-07-09,32,Nevada,571
2020-07-09,33,New Hampshire,387
2020-07-09,34,New Jersey,15448
2020-07-09,35,New Mexico,533
2020-07-09,36,New York,32327
2020-07-09,37,North Carolina,1477
2020-07-09,38,North Dakota,85
2020-07-09,39,Ohio,3006
2020-07-09,40,Oklahoma,410
2020-07-09,41,Oregon,230
2020-07-09,42,Pennsylvania,6848
2020-07-09,44,Rhode Island,974
2020-07-09,45,South Carolina,905
2020-07-09,46,South Dakota,101
2020-07-09,47,Tennessee,710
2020-07-09,48,Texas,3472
2020-07-09,49,Utah,205
2020-07-09,50,Vermont,56
2020-07-09,51,Virginia,1937
2020-07-09,53,Washington,1409
2020-07-09,54,West Virginia,95
2020-07-09,55,Wisconsin,809
2020-07-09,56,Wyoming,21
2020-07-09,60,American Samoa,0
2020-07-09,66,Guam,5
2020-07-09,69,Northern Mariana Islands,2
2020-07-09,72,Puerto Rico,159
2020-07-09,78,Virgin Islands,6
2020-07-09,,Diamond Princess,0
2020-07-09,,Grand Princess,3
2020-07-10,01,Alabama,1104
2020-07-10,02,Alaska,17
2020-07-10,04,Arizona,2082
2020-07-10,05,Arkansas,313
2020-07-10,06,California,6955
2020-07-10,08,Colorado,1724
2020-07-10,09,Connecticut,4348
2020-07-10,10,Delaware,517
2020-07-10,11,District of Columbia,568
2020-07-10,12,Florida,4102
2020-07-10,13,Georgia,2965
2020-07-10,15,Hawaii,19
2020-07-10,16,Idaho,101
2020-07-10,17,Illinois,7345
2020-07-10,18,Indiana,2748
2020-07-10,19,Iowa,743
2020-07-10,20,Kansas,293
2020-07-10,21,Kentucky,620
2020-07-10,22,Louisiana,3380
2020-07-10,23,Maine,111
2020-07-10,24,Maryland,3303
2020-07-10,25,Massachusetts,8296
2020-07-10,26,Michigan,6285
2020-07-10,27,Minnesota,1533
2020-07-10,28,Mississippi,1215
2020-07-10,29,Missouri,1084
2020-07-10,30,Montana,28
2020-07-10,31,Nebraska,286
2020-07-10,32,Nevada,579
2020-07-10,33,New Hampshire,390
2020-07-10,34,New Jersey,15479
2020-07-10,35,New Mexico,539
2020-07-10,36,New York,32369
2020-07-10,37,North Carolina,1497
2020-07-10,38,North Dakota,85
2020-07-10,39,Ohio,3032
2020-07-10,40,Oklahoma,416
2020-07-10,41,Oregon,232
2020-07-10,42,Pennsylvania,6880
2020-07-10,44,Rhode Island,976
2020-07-10,45,South Carolina,929
2020-07-10,46,South Dakota,107
2020-07-10,47,Tennessee,723
2020-07-10,48,Texas,3556
2020-07-10,49,Utah,207
2020-07-10,50,Vermont,56
2020-07-10,51,Virginia,1958
2020-07-10,53,Washington,1424
2020-07-10,54,West Virginia,95
2020-07-10,55,Wisconsin,814
2020-07-10,56,Wyoming,21
2020-07-10,60,American Samoa,0
2020-07-10,66,Guam,5
2020-07-10,69,Northern Mariana Islands,2
2020-07-10,72,Puerto Rico,159
2020-07-10,78,Virgin Islands,6
2020-07-10,,Diamond Princess,0
2020-07-10,,Grand Princess,3
2020-07-11,01,Alabama,1114
2020-07-11,02,Alaska,17
2020-07-11,04,Arizona,2151
2020-07-11,05,Arkansas,319
2020-07-11,06,California,7027
2020-07-11,08,Colorado,1725
2020-07-11,09,Connecticut,4348
2020-07-11,10,Delaware,517
2020-07-11,11,District of Columbia,568
2020-07-11,12,Florida,4197
2020-07-11,13,Georgia,2996
2020-07-11,15,Hawaii,19
2020-07-11,16,Idaho,102
2020-07-11,17,Illinois,7369
2020-07-11,18,Indiana,2756
2020-07-11,19,Iowa,748
2020-07-11,20,Kansas,295
2020-07-11,21,Kentucky,622
2020-07-11,22,Louisiana,3403
2020-07-11,23,Maine,112
2020-07-11,24,Maryland,3310
2020-07-11,25,Massachusetts,8310
2020-07-11,26,Michigan,6313
2020-07-11,27,Minnesota,1537
2020-07-11,28,Mississippi,1230
2020-07-11,29,Missouri,1091
2020-07-11,30,Montana,29
2020-07-11,31,Nebraska,285
2020-07-11,32,Nevada,592
2020-07-11,33,New Hampshire,391
2020-07-11,34,New Jersey,15525
2020-07-11,35,New Mexico,543
2020-07-11,36,New York,32380
2020-07-11,37,North Carolina,1513
2020-07-11,38,North Dakota,87
2020-07-11,39,Ohio,3036
2020-07-11,40,Oklahoma,421
2020-07-11,41,Oregon,232
2020-07-11,42,Pennsylvania,6897
2020-07-11,44,Rhode Island,976
2020-07-11,45,South Carolina,951
2020-07-11,46,South Dakota,109
2020-07-11,47,Tennessee,738
2020-07-11,48,Texas,3638
2020-07-11,49,Utah,212
2020-07-11,50,Vermont,56
2020-07-11,51,Virginia,1962
2020-07-11,53,Washington,1424
2020-07-11,54,West Virginia,96
2020-07-11,55,Wisconsin,821
2020-07-11,56,Wyoming,21
2020-07-11,60,American Samoa,0
2020-07-11,66,Guam,5
2020-07-11,69,Northern Mariana Islands,2
2020-07-11,72,Puerto Rico,167
2020-07-11,78,Virgin Islands,6
2020-07-11,,Diamond Princess,0
2020-07-11,,Grand Princess,3
2020-07-12,01,Alabama,1121
2020-07-12,02,Alaska,17
2020-07-12,04,Arizona,2237
2020-07-12,05,Arkansas,321
2020-07-12,06,California,7051
2020-07-12,08,Colorado,1725
2020-07-12,09,Connecticut,4348
2020-07-12,10,Delaware,517
2020-07-12,11,District of Columbia,568
2020-07-12,12,Florida,4242
2020-07-12,13,Georgia,3003
2020-07-12,15,Hawaii,19
2020-07-12,16,Idaho,102
2020-07-12,17,Illinois,7388
2020-07-12,18,Indiana,2760
2020-07-12,19,Iowa,752
2020-07-12,20,Kansas,297
2020-07-12,21,Kentucky,625
2020-07-12,22,Louisiana,3416
2020-07-12,23,Maine,114
2020-07-12,24,Maryland,3319
2020-07-12,25,Massachusetts,8325
2020-07-12,26,Michigan,6314
2020-07-12,27,Minnesota,1540
2020-07-12,28,Mississippi,1249
2020-07-12,29,Missouri,1092
2020-07-12,30,Montana,29
2020-07-12,31,Nebraska,285
2020-07-12,32,Nevada,593
2020-07-12,33,New Hampshire,391
2020-07-12,34,New Jersey,15525
2020-07-12,35,New Mexico,545
2020-07-12,36,New York,32395
2020-07-12,37,North Carolina,1522
2020-07-12,38,North Dakota,87
2020-07-12,39,Ohio,3058
2020-07-12,40,Oklahoma,422
2020-07-12,41,Oregon,234
2020-07-12,42,Pennsylvania,6904
2020-07-12,44,Rhode Island,976
2020-07-12,45,South Carolina,961
2020-07-12,46,South Dakota,109
2020-07-12,47,Tennessee,741
2020-07-12,48,Texas,3739
2020-07-12,49,Utah,215
2020-07-12,50,Vermont,56
2020-07-12,51,Virginia,1966
2020-07-12,53,Washington,1438
2020-07-12,54,West Virginia,96
2020-07-12,55,Wisconsin,820
2020-07-12,56,Wyoming,21
2020-07-12,60,American Samoa,0
2020-07-12,66,Guam,5
2020-07-12,69,Northern Mariana Islands,2
2020-07-12,72,Puerto Rico,167
2020-07-12,78,Virgin Islands,6
2020-07-12,,Diamond Princess,0
2020-07-12,,Grand Princess,3
2020-07-13,01,Alabama,1124
2020-07-13,02,Alaska,17
2020-07-13,04,Arizona,2246
2020-07-13,05,Arkansas,323
2020-07-13,06,California,7089
2020-07-13,08,Colorado,1727
2020-07-13,09,Connecticut,4371
2020-07-13,10,Delaware,517
2020-07-13,11,District of Columbia,568
2020-07-13,12,Florida,4277
2020-07-13,13,Georgia,3026
2020-07-13,15,Hawaii,22
2020-07-13,16,Idaho,102
2020-07-13,17,Illinois,7394
2020-07-13,18,Indiana,2762
2020-07-13,19,Iowa,755
2020-07-13,20,Kansas,298
2020-07-13,21,Kentucky,629
2020-07-13,22,Louisiana,3423
2020-07-13,23,Maine,114
2020-07-13,24,Maryland,3325
2020-07-13,25,Massachusetts,8330
2020-07-13,26,Michigan,6321
2020-07-13,27,Minnesota,1542
2020-07-13,28,Mississippi,1250
2020-07-13,29,Missouri,1105
2020-07-13,30,Montana,32
2020-07-13,31,Nebraska,288
2020-07-13,32,Nevada,593
2020-07-13,33,New Hampshire,391
2020-07-13,34,New Jersey,15560
2020-07-13,35,New Mexico,548
2020-07-13,36,New York,32418
2020-07-13,37,North Carolina,1529
2020-07-13,38,North Dakota,87
2020-07-13,39,Ohio,3064
2020-07-13,40,Oklahoma,424
2020-07-13,41,Oregon,237
2020-07-13,42,Pennsylvania,6911
2020-07-13,44,Rhode Island,984
2020-07-13,45,South Carolina,972
2020-07-13,46,South Dakota,109
2020-07-13,47,Tennessee,749
2020-07-13,48,Texas,3827
2020-07-13,49,Utah,216
2020-07-13,50,Vermont,56
2020-07-13,51,Virginia,1968
2020-07-13,53,Washington,1399
2020-07-13,54,West Virginia,97
2020-07-13,55,Wisconsin,820
2020-07-13,56,Wyoming,21
2020-07-13,60,American Samoa,0
2020-07-13,66,Guam,5
2020-07-13,69,Northern Mariana Islands,2
2020-07-13,72,Puerto Rico,167
2020-07-13,78,Virgin Islands,6
2020-07-13,,Diamond Princess,0
2020-07-13,,Grand Princess,3
2020-07-14,01,Alabama,1164
2020-07-14,02,Alaska,17
2020-07-14,04,Arizona,2337
2020-07-14,05,Arkansas,331
2020-07-14,06,California,7250
2020-07-14,08,Colorado,1738
2020-07-14,09,Connecticut,4372
2020-07-14,10,Delaware,518
2020-07-14,11,District of Columbia,568
2020-07-14,12,Florida,4409
2020-07-14,13,Georgia,3054
2020-07-14,15,Hawaii,22
2020-07-14,16,Idaho,103
2020-07-14,17,Illinois,7419
2020-07-14,18,Indiana,2775
2020-07-14,19,Iowa,757
2020-07-14,20,Kansas,299
2020-07-14,21,Kentucky,635
2020-07-14,22,Louisiana,3445
2020-07-14,23,Maine,114
2020-07-14,24,Maryland,3334
2020-07-14,25,Massachusetts,8340
2020-07-14,26,Michigan,6326
2020-07-14,27,Minnesota,1548
2020-07-14,28,Mississippi,1272
2020-07-14,29,Missouri,1114
2020-07-14,30,Montana,34
2020-07-14,31,Nebraska,286
2020-07-14,32,Nevada,612
2020-07-14,33,New Hampshire,392
2020-07-14,34,New Jersey,15582
2020-07-14,35,New Mexico,551
2020-07-14,36,New York,32429
2020-07-14,37,North Carolina,1571
2020-07-14,38,North Dakota,88
2020-07-14,39,Ohio,3069
2020-07-14,40,Oklahoma,428
2020-07-14,41,Oregon,244
2020-07-14,42,Pennsylvania,6931
2020-07-14,44,Rhode Island,985
2020-07-14,45,South Carolina,993
2020-07-14,46,South Dakota,109
2020-07-14,47,Tennessee,767
2020-07-14,48,Texas,3941
2020-07-14,49,Utah,226
2020-07-14,50,Vermont,56
2020-07-14,51,Virginia,1977
2020-07-14,53,Washington,1404
2020-07-14,54,West Virginia,97
2020-07-14,55,Wisconsin,826
2020-07-14,56,Wyoming,22
2020-07-14,60,American Samoa,0
2020-07-14,66,Guam,5
2020-07-14,69,Northern Mariana Islands,2
2020-07-14,72,Puerto Rico,169
2020-07-14,78,Virgin Islands,6
2020-07-14,,Diamond Princess,0
2020-07-14,,Grand Princess,3
2020-07-15,01,Alabama,1211
2020-07-15,02,Alaska,17
2020-07-15,04,Arizona,2434
2020-07-15,05,Arkansas,335
2020-07-15,06,California,7375
2020-07-15,08,Colorado,1744
2020-07-15,09,Connecticut,4380
2020-07-15,10,Delaware,521
2020-07-15,11,District of Columbia,571
2020-07-15,12,Florida,4521
2020-07-15,13,Georgia,3091
2020-07-15,15,Hawaii,22
2020-07-15,16,Idaho,110
2020-07-15,17,Illinois,7427
2020-07-15,18,Indiana,2785
2020-07-15,19,Iowa,777
2020-07-15,20,Kansas,304
2020-07-15,21,Kentucky,645
2020-07-15,22,Louisiana,3461
2020-07-15,23,Maine,114
2020-07-15,24,Maryland,3341
2020-07-15,25,Massachusetts,8368
2020-07-15,26,Michigan,6330
2020-07-15,27,Minnesota,1558
2020-07-15,28,Mississippi,1290
2020-07-15,29,Missouri,1119
2020-07-15,30,Montana,34
2020-07-15,31,Nebraska,291
2020-07-15,32,Nevada,618
2020-07-15,33,New Hampshire,394
2020-07-15,34,New Jersey,15634
2020-07-15,35,New Mexico,557
2020-07-15,36,New York,32448
2020-07-15,37,North Carolina,1589
2020-07-15,38,North Dakota,88
2020-07-15,39,Ohio,3075
2020-07-15,40,Oklahoma,432
2020-07-15,41,Oregon,247
2020-07-15,42,Pennsylvania,6957
2020-07-15,44,Rhode Island,987
2020-07-15,45,South Carolina,998
2020-07-15,46,South Dakota,111
2020-07-15,47,Tennessee,783
2020-07-15,48,Texas,4104
2020-07-15,49,Utah,233
2020-07-15,50,Vermont,56
2020-07-15,51,Virginia,1992
2020-07-15,53,Washington,1421
2020-07-15,54,West Virginia,98
2020-07-15,55,Wisconsin,827
2020-07-15,56,Wyoming,22
2020-07-15,60,American Samoa,0
2020-07-15,66,Guam,5
2020-07-15,69,Northern Mariana Islands,2
2020-07-15,72,Puerto Rico,171
2020-07-15,78,Virgin Islands,6
2020-07-15,,Diamond Princess,0
2020-07-15,,Grand Princess,3
2020-07-16,01,Alabama,1230
2020-07-16,02,Alaska,17
2020-07-16,04,Arizona,2492
2020-07-16,05,Arkansas,341
2020-07-16,06,California,7489
2020-07-16,08,Colorado,1745
2020-07-16,09,Connecticut,4389
2020-07-16,10,Delaware,521
2020-07-16,11,District of Columbia,574
2020-07-16,12,Florida,4677
2020-07-16,13,Georgia,3105
2020-07-16,15,Hawaii,22
2020-07-16,16,Idaho,114
2020-07-16,17,Illinois,7452
2020-07-16,18,Indiana,2795
2020-07-16,19,Iowa,781
2020-07-16,20,Kansas,305
2020-07-16,21,Kentucky,650
2020-07-16,22,Louisiana,3485
2020-07-16,23,Maine,114
2020-07-16,24,Maryland,3347
2020-07-16,25,Massachusetts,8380
2020-07-16,26,Michigan,6348
2020-07-16,27,Minnesota,1566
2020-07-16,28,Mississippi,1308
2020-07-16,29,Missouri,1121
2020-07-16,30,Montana,35
2020-07-16,31,Nebraska,299
2020-07-16,32,Nevada,626
2020-07-16,33,New Hampshire,395
2020-07-16,34,New Jersey,15665
2020-07-16,35,New Mexico,562
2020-07-16,36,New York,32457
2020-07-16,37,North Carolina,1607
2020-07-16,38,North Dakota,89
2020-07-16,39,Ohio,3103
2020-07-16,40,Oklahoma,438
2020-07-16,41,Oregon,249
2020-07-16,42,Pennsylvania,6984
2020-07-16,44,Rhode Island,988
2020-07-16,45,South Carolina,1070
2020-07-16,46,South Dakota,115
2020-07-16,47,Tennessee,796
2020-07-16,48,Texas,4265
2020-07-16,49,Utah,234
2020-07-16,50,Vermont,56
2020-07-16,51,Virginia,2007
2020-07-16,53,Washington,1427
2020-07-16,54,West Virginia,99
2020-07-16,55,Wisconsin,831
2020-07-16,56,Wyoming,24
2020-07-16,60,American Samoa,0
2020-07-16,66,Guam,5
2020-07-16,69,Northern Mariana Islands,2
2020-07-16,72,Puerto Rico,172
2020-07-16,78,Virgin Islands,6
2020-07-16,,Diamond Princess,0
2020-07-16,,Grand Princess,3
2020-07-17,01,Alabama,1265
2020-07-17,02,Alaska,17
2020-07-17,04,Arizona,2583
2020-07-17,05,Arkansas,353
2020-07-17,06,California,7603
2020-07-17,08,Colorado,1751
2020-07-17,09,Connecticut,4396
2020-07-17,10,Delaware,521
2020-07-17,11,District of Columbia,577
2020-07-17,12,Florida,4805
2020-07-17,13,Georgia,3132
2020-07-17,15,Hawaii,23
2020-07-17,16,Idaho,118
2020-07-17,17,Illinois,7465
2020-07-17,18,Indiana,2803
2020-07-17,19,Iowa,785
2020-07-17,20,Kansas,306
2020-07-17,21,Kentucky,658
2020-07-17,22,Louisiana,3509
2020-07-17,23,Maine,115
2020-07-17,24,Maryland,3359
2020-07-17,25,Massachusetts,8402
2020-07-17,26,Michigan,6355
2020-07-17,27,Minnesota,1573
2020-07-17,28,Mississippi,1332
2020-07-17,29,Missouri,1125
2020-07-17,30,Montana,37
2020-07-17,31,Nebraska,301
2020-07-17,32,Nevada,637
2020-07-17,33,New Hampshire,395
2020-07-17,34,New Jersey,15684
2020-07-17,35,New Mexico,565
2020-07-17,36,New York,32484
2020-07-17,37,North Carolina,1623
2020-07-17,38,North Dakota,90
2020-07-17,39,Ohio,3112
2020-07-17,40,Oklahoma,445
2020-07-17,41,Oregon,254
2020-07-17,42,Pennsylvania,7004
2020-07-17,44,Rhode Island,990
2020-07-17,45,South Carolina,1096
2020-07-17,46,South Dakota,116
2020-07-17,47,Tennessee,815
2020-07-17,48,Texas,4440
2020-07-17,49,Utah,235
2020-07-17,50,Vermont,56
2020-07-17,51,Virginia,2013
2020-07-17,53,Washington,1434
2020-07-17,54,West Virginia,100
2020-07-17,55,Wisconsin,833
2020-07-17,56,Wyoming,24
2020-07-17,60,American Samoa,0
2020-07-17,66,Guam,5
2020-07-17,69,Northern Mariana Islands,2
2020-07-17,72,Puerto Rico,177
2020-07-17,78,Virgin Islands,6
2020-07-17,,Diamond Princess,0
2020-07-17,,Grand Princess,3
2020-07-18,01,Alabama,1286
2020-07-18,02,Alaska,18
2020-07-18,04,Arizona,2730
2020-07-18,05,Arkansas,357
2020-07-18,06,California,7702
2020-07-18,08,Colorado,1752
2020-07-18,09,Connecticut,4396
2020-07-18,10,Delaware,523
2020-07-18,11,District of Columbia,578
2020-07-18,12,Florida,4895
2020-07-18,13,Georgia,3169
2020-07-18,15,Hawaii,24
2020-07-18,16,Idaho,119
2020-07-18,17,Illinois,7483
2020-07-18,18,Indiana,2820
2020-07-18,19,Iowa,789
2020-07-18,20,Kansas,308
2020-07-18,21,Kentucky,667
2020-07-18,22,Louisiana,3509
2020-07-18,23,Maine,117
2020-07-18,24,Maryland,3368
2020-07-18,25,Massachusetts,8419
2020-07-18,26,Michigan,6364
2020-07-18,27,Minnesota,1578
2020-07-18,28,Mississippi,1346
2020-07-18,29,Missouri,1136
2020-07-18,30,Montana,37
2020-07-18,31,Nebraska,301
2020-07-18,32,Nevada,646
2020-07-18,33,New Hampshire,396
2020-07-18,34,New Jersey,15699
2020-07-18,35,New Mexico,569
2020-07-18,36,New York,32497
2020-07-18,37,North Carolina,1648
2020-07-18,38,North Dakota,90
2020-07-18,39,Ohio,3132
2020-07-18,40,Oklahoma,451
2020-07-18,41,Oregon,257
2020-07-18,42,Pennsylvania,7015
2020-07-18,44,Rhode Island,990
2020-07-18,45,South Carolina,1135
2020-07-18,46,South Dakota,116
2020-07-18,47,Tennessee,838
2020-07-18,48,Texas,4576
2020-07-18,49,Utah,243
2020-07-18,50,Vermont,56
2020-07-18,51,Virginia,2025
2020-07-18,53,Washington,1444
2020-07-18,54,West Virginia,100
2020-07-18,55,Wisconsin,843
2020-07-18,56,Wyoming,24
2020-07-18,60,American Samoa,0
2020-07-18,66,Guam,5
2020-07-18,69,Northern Mariana Islands,2
2020-07-18,72,Puerto Rico,178
2020-07-18,78,Virgin Islands,6
2020-07-18,,Diamond Princess,0
2020-07-18,,Grand Princess,3
2020-07-19,01,Alabama,1287
2020-07-19,02,Alaska,18
2020-07-19,04,Arizona,2761
2020-07-19,05,Arkansas,357
2020-07-19,06,California,7715
2020-07-19,08,Colorado,1752
2020-07-19,09,Connecticut,4396
2020-07-19,10,Delaware,523
2020-07-19,11,District of Columbia,578
2020-07-19,12,Florida,4982
2020-07-19,13,Georgia,3174
2020-07-19,15,Hawaii,24
2020-07-19,16,Idaho,119
2020-07-19,17,Illinois,7488
2020-07-19,18,Indiana,2822
2020-07-19,19,Iowa,793
2020-07-19,20,Kansas,309
2020-07-19,21,Kentucky,670
2020-07-19,22,Louisiana,3543
2020-07-19,23,Maine,117
2020-07-19,24,Maryland,3377
2020-07-19,25,Massachusetts,8431
2020-07-19,26,Michigan,6366
2020-07-19,27,Minnesota,1581
2020-07-19,28,Mississippi,1355
2020-07-19,29,Missouri,1136
2020-07-19,30,Montana,37
2020-07-19,31,Nebraska,301
2020-07-19,32,Nevada,647
2020-07-19,33,New Hampshire,398
2020-07-19,34,New Jersey,15706
2020-07-19,35,New Mexico,571
2020-07-19,36,New York,32516
2020-07-19,37,North Carolina,1652
2020-07-19,38,North Dakota,92
2020-07-19,39,Ohio,3174
2020-07-19,40,Oklahoma,451
2020-07-19,41,Oregon,260
2020-07-19,42,Pennsylvania,7022
2020-07-19,44,Rhode Island,990
2020-07-19,45,South Carolina,1155
2020-07-19,46,South Dakota,118
2020-07-19,47,Tennessee,843
2020-07-19,48,Texas,4679
2020-07-19,49,Utah,243
2020-07-19,50,Vermont,56
2020-07-19,51,Virginia,2027
2020-07-19,53,Washington,1447
2020-07-19,54,West Virginia,100
2020-07-19,55,Wisconsin,844
2020-07-19,56,Wyoming,25
2020-07-19,60,American Samoa,0
2020-07-19,66,Guam,5
2020-07-19,69,Northern Mariana Islands,2
2020-07-19,72,Puerto Rico,178
2020-07-19,78,Virgin Islands,6
2020-07-19,,Diamond Princess,0
2020-07-19,,Grand Princess,3
2020-07-20,01,Alabama,1291
2020-07-20,02,Alaska,18
2020-07-20,04,Arizona,2784
2020-07-20,05,Arkansas,363
2020-07-20,06,California,7770
2020-07-20,08,Colorado,1758
2020-07-20,09,Connecticut,4406
2020-07-20,10,Delaware,523
2020-07-20,11,District of Columbia,579
2020-07-20,12,Florida,5072
2020-07-20,13,Georgia,3177
2020-07-20,15,Hawaii,24
2020-07-20,16,Idaho,122
2020-07-20,17,Illinois,7494
2020-07-20,18,Indiana,2825
2020-07-20,19,Iowa,798
2020-07-20,20,Kansas,312
2020-07-20,21,Kentucky,671
2020-07-20,22,Louisiana,3574
2020-07-20,23,Maine,117
2020-07-20,24,Maryland,3382
2020-07-20,25,Massachusetts,8433
2020-07-20,26,Michigan,6373
2020-07-20,27,Minnesota,1585
2020-07-20,28,Mississippi,1358
2020-07-20,29,Missouri,1138
2020-07-20,30,Montana,39
2020-07-20,31,Nebraska,313
2020-07-20,32,Nevada,648
2020-07-20,33,New Hampshire,398
2020-07-20,34,New Jersey,15715
2020-07-20,35,New Mexico,578
2020-07-20,36,New York,32527
2020-07-20,37,North Carolina,1677
2020-07-20,38,North Dakota,93
2020-07-20,39,Ohio,3189
2020-07-20,40,Oklahoma,452
2020-07-20,41,Oregon,262
2020-07-20,42,Pennsylvania,7025
2020-07-20,44,Rhode Island,995
2020-07-20,45,South Carolina,1164
2020-07-20,46,South Dakota,118
2020-07-20,47,Tennessee,847
2020-07-20,48,Texas,4796
2020-07-20,49,Utah,247
2020-07-20,50,Vermont,56
2020-07-20,51,Virginia,2031
2020-07-20,53,Washington,1453
2020-07-20,54,West Virginia,100
2020-07-20,55,Wisconsin,846
2020-07-20,56,Wyoming,24
2020-07-20,60,American Samoa,0
2020-07-20,66,Guam,5
2020-07-20,69,Northern Mariana Islands,2
2020-07-20,72,Puerto Rico,180
2020-07-20,78,Virgin Islands,6
2020-07-20,,Diamond Princess,0
2020-07-20,,Grand Princess,3
2020-07-21,01,Alabama,1303
2020-07-21,02,Alaska,18
2020-07-21,04,Arizona,2918
2020-07-21,05,Arkansas,374
2020-07-21,06,California,7888
2020-07-21,08,Colorado,1763
2020-07-21,09,Connecticut,4406
2020-07-21,10,Delaware,525
2020-07-21,11,District of Columbia,580
2020-07-21,12,Florida,5206
2020-07-21,13,Georgia,3254
2020-07-21,15,Hawaii,24
2020-07-21,16,Idaho,126
2020-07-21,17,Illinois,7517
2020-07-21,18,Indiana,2846
2020-07-21,19,Iowa,806
2020-07-21,20,Kansas,316
2020-07-21,21,Kentucky,674
2020-07-21,22,Louisiana,3610
2020-07-21,23,Maine,118
2020-07-21,24,Maryland,3402
2020-07-21,25,Massachusetts,8450
2020-07-21,26,Michigan,6382
2020-07-21,27,Minnesota,1588
2020-07-21,28,Mississippi,1389
2020-07-21,29,Missouri,1148
2020-07-21,30,Montana,40
2020-07-21,31,Nebraska,310
2020-07-21,32,Nevada,676
2020-07-21,33,New Hampshire,400
2020-07-21,34,New Jersey,15737
2020-07-21,35,New Mexico,588
2020-07-21,36,New York,32539
2020-07-21,37,North Carolina,1705
2020-07-21,38,North Dakota,94
2020-07-21,39,Ohio,3219
2020-07-21,40,Oklahoma,461
2020-07-21,41,Oregon,269
2020-07-21,42,Pennsylvania,7051
2020-07-21,44,Rhode Island,996
2020-07-21,45,South Carolina,1221
2020-07-21,46,South Dakota,118
2020-07-21,47,Tennessee,871
2020-07-21,48,Texas,4916
2020-07-21,49,Utah,251
2020-07-21,50,Vermont,56
2020-07-21,51,Virginia,2048
2020-07-21,53,Washington,1465
2020-07-21,54,West Virginia,101
2020-07-21,55,Wisconsin,859
2020-07-21,56,Wyoming,25
2020-07-21,60,American Samoa,0
2020-07-21,66,Guam,5
2020-07-21,69,Northern Mariana Islands,2
2020-07-21,72,Puerto Rico,180
2020-07-21,78,Virgin Islands,6
2020-07-21,,Diamond Princess,0
2020-07-21,,Grand Princess,3
2020-07-22,01,Alabama,1364
2020-07-22,02,Alaska,19
2020-07-22,04,Arizona,2974
2020-07-22,05,Arkansas,380
2020-07-22,06,California,8047
2020-07-22,08,Colorado,1771
2020-07-22,09,Connecticut,4406
2020-07-22,10,Delaware,527
2020-07-22,11,District of Columbia,580
2020-07-22,12,Florida,5345
2020-07-22,13,Georgia,3335
2020-07-22,15,Hawaii,25
2020-07-22,16,Idaho,135
2020-07-22,17,Illinois,7540
2020-07-22,18,Indiana,2863
2020-07-22,19,Iowa,814
2020-07-22,20,Kansas,321
2020-07-22,21,Kentucky,677
2020-07-22,22,Louisiana,3670
2020-07-22,23,Maine,118
2020-07-22,24,Maryland,3405
2020-07-22,25,Massachusetts,8468
2020-07-22,26,Michigan,6388
2020-07-22,27,Minnesota,1592
2020-07-22,28,Mississippi,1423
2020-07-22,29,Missouri,1159
2020-07-22,30,Montana,42
2020-07-22,31,Nebraska,311
2020-07-22,32,Nevada,704
2020-07-22,33,New Hampshire,402
2020-07-22,34,New Jersey,15707
2020-07-22,35,New Mexico,591
2020-07-22,36,New York,32582
2020-07-22,37,North Carolina,1732
2020-07-22,38,North Dakota,96
2020-07-22,39,Ohio,3235
2020-07-22,40,Oklahoma,474
2020-07-22,41,Oregon,271
2020-07-22,42,Pennsylvania,7077
2020-07-22,44,Rhode Island,997
2020-07-22,45,South Carolina,1285
2020-07-22,46,South Dakota,119
2020-07-22,47,Tennessee,888
2020-07-22,48,Texas,5172
2020-07-22,49,Utah,260
2020-07-22,50,Vermont,56
2020-07-22,51,Virginia,2051
2020-07-22,53,Washington,1468
2020-07-22,54,West Virginia,101
2020-07-22,55,Wisconsin,865
2020-07-22,56,Wyoming,25
2020-07-22,60,American Samoa,0
2020-07-22,66,Guam,5
2020-07-22,69,Northern Mariana Islands,2
2020-07-22,72,Puerto Rico,185
2020-07-22,78,Virgin Islands,7
2020-07-22,,Diamond Princess,0
2020-07-22,,Grand Princess,3
2020-07-23,01,Alabama,1397
2020-07-23,02,Alaska,19
2020-07-23,04,Arizona,3063
2020-07-23,05,Arkansas,386
2020-07-23,06,California,8201
2020-07-23,08,Colorado,1786
2020-07-23,09,Connecticut,4410
2020-07-23,10,Delaware,529
2020-07-23,11,District of Columbia,581
2020-07-23,12,Florida,5518
2020-07-23,13,Georgia,3361
2020-07-23,15,Hawaii,26
2020-07-23,16,Idaho,138
2020-07-23,17,Illinois,7560
2020-07-23,18,Indiana,2880
2020-07-23,19,Iowa,820
2020-07-23,20,Kansas,322
2020-07-23,21,Kentucky,684
2020-07-23,22,Louisiana,3686
2020-07-23,23,Maine,118
2020-07-23,24,Maryland,3409
2020-07-23,25,Massachusetts,8484
2020-07-23,26,Michigan,6395
2020-07-23,27,Minnesota,1601
2020-07-23,28,Mississippi,1436
2020-07-23,29,Missouri,1189
2020-07-23,30,Montana,43
2020-07-23,31,Nebraska,316
2020-07-23,32,Nevada,709
2020-07-23,33,New Hampshire,405
2020-07-23,34,New Jersey,15730
2020-07-23,35,New Mexico,596
2020-07-23,36,New York,32591
2020-07-23,37,North Carolina,1756
2020-07-23,38,North Dakota,97
2020-07-23,39,Ohio,3256
2020-07-23,40,Oklahoma,477
2020-07-23,41,Oregon,273
2020-07-23,42,Pennsylvania,7093
2020-07-23,44,Rhode Island,1001
2020-07-23,45,South Carolina,1334
2020-07-23,46,South Dakota,121
2020-07-23,47,Tennessee,925
2020-07-23,48,Texas,5362
2020-07-23,49,Utah,267
2020-07-23,50,Vermont,56
2020-07-23,51,Virginia,2054
2020-07-23,53,Washington,1482
2020-07-23,54,West Virginia,102
2020-07-23,55,Wisconsin,878
2020-07-23,56,Wyoming,25
2020-07-23,60,American Samoa,0
2020-07-23,66,Guam,5
2020-07-23,69,Northern Mariana Islands,2
2020-07-23,72,Puerto Rico,188
2020-07-23,78,Virgin Islands,7
2020-07-23,,Diamond Princess,0
2020-07-23,,Grand Princess,3
2020-07-24,01,Alabama,1438
2020-07-24,02,Alaska,19
2020-07-24,04,Arizona,3143
2020-07-24,05,Arkansas,394
2020-07-24,06,California,8337
2020-07-24,08,Colorado,1790
2020-07-24,09,Connecticut,4413
2020-07-24,10,Delaware,578
2020-07-24,11,District of Columbia,581
2020-07-24,12,Florida,5653
2020-07-24,13,Georgia,3443
2020-07-24,15,Hawaii,26
2020-07-24,16,Idaho,144
2020-07-24,17,Illinois,7577
2020-07-24,18,Indiana,2884
2020-07-24,19,Iowa,826
2020-07-24,20,Kansas,330
2020-07-24,21,Kentucky,691
2020-07-24,22,Louisiana,3715
2020-07-24,23,Maine,118
2020-07-24,24,Maryland,3422
2020-07-24,25,Massachusetts,8498
2020-07-24,26,Michigan,6400
2020-07-24,27,Minnesota,1606
2020-07-24,28,Mississippi,1463
2020-07-24,29,Missouri,1195
2020-07-24,30,Montana,46
2020-07-24,31,Nebraska,316
2020-07-24,32,Nevada,722
2020-07-24,33,New Hampshire,407
2020-07-24,34,New Jersey,15765
2020-07-24,35,New Mexico,601
2020-07-24,36,New York,32602
2020-07-24,37,North Carolina,1789
2020-07-24,38,North Dakota,99
2020-07-24,39,Ohio,3297
2020-07-24,40,Oklahoma,484
2020-07-24,41,Oregon,282
2020-07-24,42,Pennsylvania,7116
2020-07-24,44,Rhode Island,1002
2020-07-24,45,South Carolina,1385
2020-07-24,46,South Dakota,122
2020-07-24,47,Tennessee,938
2020-07-24,48,Texas,5523
2020-07-24,49,Utah,273
2020-07-24,50,Vermont,56
2020-07-24,51,Virginia,2067
2020-07-24,53,Washington,1495
2020-07-24,54,West Virginia,103
2020-07-24,55,Wisconsin,878
2020-07-24,56,Wyoming,25
2020-07-24,60,American Samoa,0
2020-07-24,66,Guam,5
2020-07-24,69,Northern Mariana Islands,2
2020-07-24,72,Puerto Rico,191
2020-07-24,78,Virgin Islands,7
2020-07-24,,Diamond Princess,0
2020-07-24,,Grand Princess,3
2020-07-25,01,Alabama,1456
2020-07-25,02,Alaska,20
2020-07-25,04,Arizona,3286
2020-07-25,05,Arkansas,399
2020-07-25,06,California,8408
2020-07-25,08,Colorado,1794
2020-07-25,09,Connecticut,4413
2020-07-25,10,Delaware,579
2020-07-25,11,District of Columbia,581
2020-07-25,12,Florida,5777
2020-07-25,13,Georgia,3494
2020-07-25,15,Hawaii,26
2020-07-25,16,Idaho,146
2020-07-25,17,Illinois,7589
2020-07-25,18,Indiana,2895
2020-07-25,19,Iowa,826
2020-07-25,20,Kansas,329
2020-07-25,21,Kentucky,696
2020-07-25,22,Louisiana,3715
2020-07-25,23,Maine,119
2020-07-25,24,Maryland,3433
2020-07-25,25,Massachusetts,8510
2020-07-25,26,Michigan,6400
2020-07-25,27,Minnesota,1611
2020-07-25,28,Mississippi,1478
2020-07-25,29,Missouri,1200
2020-07-25,30,Montana,46
2020-07-25,31,Nebraska,316
2020-07-25,32,Nevada,732
2020-07-25,33,New Hampshire,409
2020-07-25,34,New Jersey,15776
2020-07-25,35,New Mexico,607
2020-07-25,36,New York,32612
2020-07-25,37,North Carolina,1811
2020-07-25,38,North Dakota,99
2020-07-25,39,Ohio,3297
2020-07-25,40,Oklahoma,496
2020-07-25,41,Oregon,285
2020-07-25,42,Pennsylvania,7124
2020-07-25,44,Rhode Island,1002
2020-07-25,45,South Carolina,1465
2020-07-25,46,South Dakota,122
2020-07-25,47,Tennessee,964
2020-07-25,48,Texas,5705
2020-07-25,49,Utah,274
2020-07-25,50,Vermont,56
2020-07-25,51,Virginia,2075
2020-07-25,53,Washington,1494
2020-07-25,54,West Virginia,103
2020-07-25,55,Wisconsin,891
2020-07-25,56,Wyoming,25
2020-07-25,60,American Samoa,0
2020-07-25,66,Guam,5
2020-07-25,69,Northern Mariana Islands,2
2020-07-25,72,Puerto Rico,201
2020-07-25,78,Virgin Islands,7
2020-07-25,,Diamond Princess,0
2020-07-25,,Grand Princess,3
2020-07-26,01,Alabama,1473
2020-07-26,02,Alaska,20
2020-07-26,04,Arizona,3305
2020-07-26,05,Arkansas,401
2020-07-26,06,California,8448
2020-07-26,08,Colorado,1794
2020-07-26,09,Connecticut,4413
2020-07-26,10,Delaware,579
2020-07-26,11,District of Columbia,581
2020-07-26,12,Florida,5854
2020-07-26,13,Georgia,3498
2020-07-26,15,Hawaii,26
2020-07-26,16,Idaho,146
2020-07-26,17,Illinois,7590
2020-07-26,18,Indiana,2903
2020-07-26,19,Iowa,829
2020-07-26,20,Kansas,331
2020-07-26,21,Kentucky,700
2020-07-26,22,Louisiana,3763
2020-07-26,23,Maine,119
2020-07-26,24,Maryland,3440
2020-07-26,25,Massachusetts,8529
2020-07-26,26,Michigan,6400
2020-07-26,27,Minnesota,1614
2020-07-26,28,Mississippi,1493
2020-07-26,29,Missouri,1209
2020-07-26,30,Montana,46
2020-07-26,31,Nebraska,316
2020-07-26,32,Nevada,734
2020-07-26,33,New Hampshire,409
2020-07-26,34,New Jersey,15787
2020-07-26,35,New Mexico,614
2020-07-26,36,New York,32629
2020-07-26,37,North Carolina,1817
2020-07-26,38,North Dakota,99
2020-07-26,39,Ohio,3307
2020-07-26,40,Oklahoma,496
2020-07-26,41,Oregon,289
2020-07-26,42,Pennsylvania,7127
2020-07-26,44,Rhode Island,1002
2020-07-26,45,South Carolina,1491
2020-07-26,46,South Dakota,123
2020-07-26,47,Tennessee,967
2020-07-26,48,Texas,5798
2020-07-26,49,Utah,274
2020-07-26,50,Vermont,56
2020-07-26,51,Virginia,2078
2020-07-26,53,Washington,1501
2020-07-26,54,West Virginia,103
2020-07-26,55,Wisconsin,892
2020-07-26,56,Wyoming,25
2020-07-26,60,American Samoa,0
2020-07-26,66,Guam,5
2020-07-26,69,Northern Mariana Islands,2
2020-07-26,72,Puerto Rico,201
2020-07-26,78,Virgin Islands,7
2020-07-26,,Diamond Princess,0
2020-07-26,,Grand Princess,3
2020-07-27,01,Alabama,1491
2020-07-27,02,Alaska,21
2020-07-27,04,Arizona,3304
2020-07-27,05,Arkansas,408
2020-07-27,06,California,8494
2020-07-27,08,Colorado,1799
2020-07-27,09,Connecticut,4418
2020-07-27,10,Delaware,579
2020-07-27,11,District of Columbia,582
2020-07-27,12,Florida,5931
2020-07-27,13,Georgia,3509
2020-07-27,15,Hawaii,26
2020-07-27,16,Idaho,152
2020-07-27,17,Illinois,7608
2020-07-27,18,Indiana,2906
2020-07-27,19,Iowa,836
2020-07-27,20,Kansas,333
2020-07-27,21,Kentucky,709
2020-07-27,22,Louisiana,3786
2020-07-27,23,Maine,119
2020-07-27,24,Maryland,3447
2020-07-27,25,Massachusetts,8536
2020-07-27,26,Michigan,6405
2020-07-27,27,Minnesota,1616
2020-07-27,28,Mississippi,1498
2020-07-27,29,Missouri,1221
2020-07-27,30,Montana,47
2020-07-27,31,Nebraska,317
2020-07-27,32,Nevada,739
2020-07-27,33,New Hampshire,409
2020-07-27,34,New Jersey,15804
2020-07-27,35,New Mexico,619
2020-07-27,36,New York,32639
2020-07-27,37,North Carolina,1838
2020-07-27,38,North Dakota,99
2020-07-27,39,Ohio,3344
2020-07-27,40,Oklahoma,496
2020-07-27,41,Oregon,289
2020-07-27,42,Pennsylvania,7131
2020-07-27,44,Rhode Island,1004
2020-07-27,45,South Carolina,1506
2020-07-27,46,South Dakota,123
2020-07-27,47,Tennessee,978
2020-07-27,48,Texas,6483
2020-07-27,49,Utah,281
2020-07-27,50,Vermont,56
2020-07-27,51,Virginia,2082
2020-07-27,53,Washington,1518
2020-07-27,54,West Virginia,104
2020-07-27,55,Wisconsin,893
2020-07-27,56,Wyoming,25
2020-07-27,60,American Samoa,0
2020-07-27,66,Guam,5
2020-07-27,69,Northern Mariana Islands,2
2020-07-27,72,Puerto Rico,201
2020-07-27,78,Virgin Islands,7
2020-07-27,,Diamond Princess,0
2020-07-27,,Grand Princess,3
2020-07-28,01,Alabama,1491
2020-07-28,02,Alaska,22
2020-07-28,04,Arizona,3408
2020-07-28,05,Arkansas,428
2020-07-28,06,California,8679
2020-07-28,08,Colorado,1807
2020-07-28,09,Connecticut,4423
2020-07-28,10,Delaware,580
2020-07-28,11,District of Columbia,583
2020-07-28,12,Florida,6117
2020-07-28,13,Georgia,3563
2020-07-28,15,Hawaii,26
2020-07-28,16,Idaho,160
2020-07-28,17,Illinois,7638
2020-07-28,18,Indiana,2924
2020-07-28,19,Iowa,839
2020-07-28,20,Kansas,340
2020-07-28,21,Kentucky,719
2020-07-28,22,Louisiana,3812
2020-07-28,23,Maine,121
2020-07-28,24,Maryland,3458
2020-07-28,25,Massachusetts,8551
2020-07-28,26,Michigan,6421
2020-07-28,27,Minnesota,1620
2020-07-28,28,Mississippi,1540
2020-07-28,29,Missouri,1232
2020-07-28,30,Montana,51
2020-07-28,31,Nebraska,321
2020-07-28,32,Nevada,759
2020-07-28,33,New Hampshire,409
2020-07-28,34,New Jersey,15825
2020-07-28,35,New Mexico,626
2020-07-28,36,New York,32653
2020-07-28,37,North Carolina,1860
2020-07-28,38,North Dakota,100
2020-07-28,39,Ohio,3382
2020-07-28,40,Oklahoma,509
2020-07-28,41,Oregon,303
2020-07-28,42,Pennsylvania,7154
2020-07-28,44,Rhode Island,1005
2020-07-28,45,South Carolina,1565
2020-07-28,46,South Dakota,123
2020-07-28,47,Tennessee,999
2020-07-28,48,Texas,6753
2020-07-28,49,Utah,286
2020-07-28,50,Vermont,56
2020-07-28,51,Virginia,2095
2020-07-28,53,Washington,1548
2020-07-28,54,West Virginia,108
2020-07-28,55,Wisconsin,906
2020-07-28,56,Wyoming,26
2020-07-28,60,American Samoa,0
2020-07-28,66,Guam,5
2020-07-28,69,Northern Mariana Islands,2
2020-07-28,72,Puerto Rico,209
2020-07-28,78,Virgin Islands,7
2020-07-28,,Diamond Princess,0
2020-07-28,,Grand Princess,3
2020-07-29,01,Alabama,1538
2020-07-29,02,Alaska,22
2020-07-29,04,Arizona,3454
2020-07-29,05,Arkansas,434
2020-07-29,06,California,8908
2020-07-29,08,Colorado,1822
2020-07-29,09,Connecticut,4425
2020-07-29,10,Delaware,581
2020-07-29,11,District of Columbia,584
2020-07-29,12,Florida,6333
2020-07-29,13,Georgia,3642
2020-07-29,15,Hawaii,26
2020-07-29,16,Idaho,173
2020-07-29,17,Illinois,7654
2020-07-29,18,Indiana,2932
2020-07-29,19,Iowa,854
2020-07-29,20,Kansas,349
2020-07-29,21,Kentucky,724
2020-07-29,22,Louisiana,3883
2020-07-29,23,Maine,121
2020-07-29,24,Maryland,3478
2020-07-29,25,Massachusetts,8580
2020-07-29,26,Michigan,6422
2020-07-29,27,Minnesota,1629
2020-07-29,28,Mississippi,1563
2020-07-29,29,Missouri,1239
2020-07-29,30,Montana,54
2020-07-29,31,Nebraska,324
2020-07-29,32,Nevada,780
2020-07-29,33,New Hampshire,411
2020-07-29,34,New Jersey,15798
2020-07-29,35,New Mexico,632
2020-07-29,36,New York,32654
2020-07-29,37,North Carolina,1888
2020-07-29,38,North Dakota,102
2020-07-29,39,Ohio,3422
2020-07-29,40,Oklahoma,523
2020-07-29,41,Oregon,311
2020-07-29,42,Pennsylvania,7171
2020-07-29,44,Rhode Island,1007
2020-07-29,45,South Carolina,1615
2020-07-29,46,South Dakota,129
2020-07-29,47,Tennessee,1020
2020-07-29,48,Texas,7066
2020-07-29,49,Utah,292
2020-07-29,50,Vermont,56
2020-07-29,51,Virginia,2125
2020-07-29,53,Washington,1555
2020-07-29,54,West Virginia,111
2020-07-29,55,Wisconsin,911
2020-07-29,56,Wyoming,26
2020-07-29,60,American Samoa,0
2020-07-29,66,Guam,5
2020-07-29,69,Northern Mariana Islands,2
2020-07-29,72,Puerto Rico,211
2020-07-29,78,Virgin Islands,8
2020-07-29,,Diamond Princess,0
2020-07-29,,Grand Princess,3
2020-07-30,01,Alabama,1565
2020-07-30,02,Alaska,23
2020-07-30,04,Arizona,3626
2020-07-30,05,Arkansas,442
2020-07-30,06,California,9026
2020-07-30,08,Colorado,1822
2020-07-30,09,Connecticut,4431
2020-07-30,10,Delaware,581
2020-07-30,11,District of Columbia,584
2020-07-30,12,Florida,6586
2020-07-30,13,Georgia,3671
2020-07-30,15,Hawaii,26
2020-07-30,16,Idaho,177
2020-07-30,17,Illinois,7670
2020-07-30,18,Indiana,2946
2020-07-30,19,Iowa,865
2020-07-30,20,Kansas,357
2020-07-30,21,Kentucky,731
2020-07-30,22,Louisiana,3925
2020-07-30,23,Maine,122
2020-07-30,24,Maryland,3488
2020-07-30,25,Massachusetts,8580
2020-07-30,26,Michigan,6443
2020-07-30,27,Minnesota,1634
2020-07-30,28,Mississippi,1611
2020-07-30,29,Missouri,1255
2020-07-30,30,Montana,55
2020-07-30,31,Nebraska,328
2020-07-30,32,Nevada,801
2020-07-30,33,New Hampshire,415
2020-07-30,34,New Jersey,15809
2020-07-30,35,New Mexico,635
2020-07-30,36,New York,32672
2020-07-30,37,North Carolina,1922
2020-07-30,38,North Dakota,103
2020-07-30,39,Ohio,3442
2020-07-30,40,Oklahoma,536
2020-07-30,41,Oregon,316
2020-07-30,42,Pennsylvania,7194
2020-07-30,44,Rhode Island,1007
2020-07-30,45,South Carolina,1667
2020-07-30,46,South Dakota,129
2020-07-30,47,Tennessee,1033
2020-07-30,48,Texas,7189
2020-07-30,49,Utah,300
2020-07-30,50,Vermont,57
2020-07-30,51,Virginia,2141
2020-07-30,53,Washington,1564
2020-07-30,54,West Virginia,112
2020-07-30,55,Wisconsin,919
2020-07-30,56,Wyoming,26
2020-07-30,60,American Samoa,0
2020-07-30,66,Guam,5
2020-07-30,69,Northern Mariana Islands,2
2020-07-30,72,Puerto Rico,214
2020-07-30,78,Virgin Islands,8
2020-07-30,,Diamond Princess,0
2020-07-30,,Grand Princess,3
2020-07-31,01,Alabama,1580
2020-07-31,02,Alaska,23
2020-07-31,04,Arizona,3694
2020-07-31,05,Arkansas,453
2020-07-31,06,California,9214
2020-07-31,08,Colorado,1838
2020-07-31,09,Connecticut,4432
2020-07-31,10,Delaware,585
2020-07-31,11,District of Columbia,585
2020-07-31,12,Florida,6843
2020-07-31,13,Georgia,3752
2020-07-31,15,Hawaii,26
2020-07-31,16,Idaho,188
2020-07-31,17,Illinois,7692
2020-07-31,18,Indiana,2965
2020-07-31,19,Iowa,872
2020-07-31,20,Kansas,358
2020-07-31,21,Kentucky,735
2020-07-31,22,Louisiana,3949
2020-07-31,23,Maine,123
2020-07-31,24,Maryland,3493
2020-07-31,25,Massachusetts,8609
2020-07-31,26,Michigan,6450
2020-07-31,27,Minnesota,1640
2020-07-31,28,Mississippi,1663
2020-07-31,29,Missouri,1265
2020-07-31,30,Montana,60
2020-07-31,31,Nebraska,332
2020-07-31,32,Nevada,830
2020-07-31,33,New Hampshire,415
2020-07-31,34,New Jersey,15819
2020-07-31,35,New Mexico,642
2020-07-31,36,New York,32675
2020-07-31,37,North Carolina,1942
2020-07-31,38,North Dakota,103
2020-07-31,39,Ohio,3489
2020-07-31,40,Oklahoma,541
2020-07-31,41,Oregon,322
2020-07-31,42,Pennsylvania,7207
2020-07-31,44,Rhode Island,1007
2020-07-31,45,South Carolina,1712
2020-07-31,46,South Dakota,130
2020-07-31,47,Tennessee,1060
2020-07-31,48,Texas,7309
2020-07-31,49,Utah,304
2020-07-31,50,Vermont,57
2020-07-31,51,Virginia,2174
2020-07-31,53,Washington,1564
2020-07-31,54,West Virginia,116
2020-07-31,55,Wisconsin,934
2020-07-31,56,Wyoming,26
2020-07-31,60,American Samoa,0
2020-07-31,66,Guam,5
2020-07-31,69,Northern Mariana Islands,2
2020-07-31,72,Puerto Rico,219
2020-07-31,78,Virgin Islands,8
2020-07-31,,Diamond Princess,0
2020-07-31,,Grand Princess,3
2020-08-01,01,Alabama,1603
2020-08-01,02,Alaska,24
2020-08-01,04,Arizona,3747
2020-08-01,05,Arkansas,458
2020-08-01,06,California,9345
2020-08-01,08,Colorado,1844
2020-08-01,09,Connecticut,4432
2020-08-01,10,Delaware,585
2020-08-01,11,District of Columbia,585
2020-08-01,12,Florida,7022
2020-08-01,13,Georgia,3825
2020-08-01,15,Hawaii,26
2020-08-01,16,Idaho,197
2020-08-01,17,Illinois,7700
2020-08-01,18,Indiana,2971
2020-08-01,19,Iowa,874
2020-08-01,20,Kansas,358
2020-08-01,21,Kentucky,740
2020-08-01,22,Louisiana,3949
2020-08-01,23,Maine,123
2020-08-01,24,Maryland,3506
2020-08-01,25,Massachusetts,8626
2020-08-01,26,Michigan,6457
2020-08-01,27,Minnesota,1646
2020-08-01,28,Mississippi,1693
2020-08-01,29,Missouri,1276
2020-08-01,30,Montana,61
2020-08-01,31,Nebraska,332
2020-08-01,32,Nevada,832
2020-08-01,33,New Hampshire,416
2020-08-01,34,New Jersey,15830
2020-08-01,35,New Mexico,651
2020-08-01,36,New York,32684
2020-08-01,37,North Carolina,1979
2020-08-01,38,North Dakota,103
2020-08-01,39,Ohio,3515
2020-08-01,40,Oklahoma,549
2020-08-01,41,Oregon,325
2020-08-01,42,Pennsylvania,7219
2020-08-01,44,Rhode Island,1007
2020-08-01,45,South Carolina,1751
2020-08-01,46,South Dakota,134
2020-08-01,47,Tennessee,1067
2020-08-01,48,Texas,7576
2020-08-01,49,Utah,310
2020-08-01,50,Vermont,57
2020-08-01,51,Virginia,2215
2020-08-01,53,Washington,1592
2020-08-01,54,West Virginia,116
2020-08-01,55,Wisconsin,947
2020-08-01,56,Wyoming,26
2020-08-01,60,American Samoa,0
2020-08-01,66,Guam,5
2020-08-01,69,Northern Mariana Islands,2
2020-08-01,72,Puerto Rico,225
2020-08-01,78,Virgin Islands,8
2020-08-01,,Diamond Princess,0
2020-08-01,,Grand Princess,3
2020-08-02,01,Alabama,1627
2020-08-02,02,Alaska,24
2020-08-02,04,Arizona,3765
2020-08-02,05,Arkansas,464
2020-08-02,06,California,9396
2020-08-02,08,Colorado,1844
2020-08-02,09,Connecticut,4432
2020-08-02,10,Delaware,585
2020-08-02,11,District of Columbia,586
2020-08-02,12,Florida,7084
2020-08-02,13,Georgia,3840
2020-08-02,15,Hawaii,26
2020-08-02,16,Idaho,197
2020-08-02,17,Illinois,7714
2020-08-02,18,Indiana,2975
2020-08-02,19,Iowa,878
2020-08-02,20,Kansas,361
2020-08-02,21,Kentucky,742
2020-08-02,22,Louisiana,4007
2020-08-02,23,Maine,123
2020-08-02,24,Maryland,3515
2020-08-02,25,Massachusetts,8638
2020-08-02,26,Michigan,6457
2020-08-02,27,Minnesota,1654
2020-08-02,28,Mississippi,1703
2020-08-02,29,Missouri,1276
2020-08-02,30,Montana,61
2020-08-02,31,Nebraska,332
2020-08-02,32,Nevada,832
2020-08-02,33,New Hampshire,417
2020-08-02,34,New Jersey,15836
2020-08-02,35,New Mexico,654
2020-08-02,36,New York,32697
2020-08-02,37,North Carolina,1983
2020-08-02,38,North Dakota,105
2020-08-02,39,Ohio,3529
2020-08-02,40,Oklahoma,550
2020-08-02,41,Oregon,326
2020-08-02,42,Pennsylvania,7223
2020-08-02,44,Rhode Island,1007
2020-08-02,45,South Carolina,1777
2020-08-02,46,South Dakota,135
2020-08-02,47,Tennessee,1073
2020-08-02,48,Texas,7581
2020-08-02,49,Utah,311
2020-08-02,50,Vermont,57
2020-08-02,51,Virginia,2218
2020-08-02,53,Washington,1596
2020-08-02,54,West Virginia,117
2020-08-02,55,Wisconsin,948
2020-08-02,56,Wyoming,26
2020-08-02,60,American Samoa,0
2020-08-02,66,Guam,5
2020-08-02,69,Northern Mariana Islands,2
2020-08-02,72,Puerto Rico,230
2020-08-02,78,Virgin Islands,8
2020-08-02,,Diamond Princess,0
2020-08-02,,Grand Princess,3
2020-08-03,01,Alabama,1633
2020-08-03,02,Alaska,25
2020-08-03,04,Arizona,3779
2020-08-03,05,Arkansas,475
2020-08-03,06,California,9441
2020-08-03,08,Colorado,1844
2020-08-03,09,Connecticut,4437
2020-08-03,10,Delaware,585
2020-08-03,11,District of Columbia,586
2020-08-03,12,Florida,7157
2020-08-03,13,Georgia,3842
2020-08-03,15,Hawaii,26
2020-08-03,16,Idaho,200
2020-08-03,17,Illinois,7723
2020-08-03,18,Indiana,2980
2020-08-03,19,Iowa,884
2020-08-03,20,Kansas,367
2020-08-03,21,Kentucky,744
2020-08-03,22,Louisiana,4024
2020-08-03,23,Maine,124
2020-08-03,24,Maryland,3523
2020-08-03,25,Massachusetts,8648
2020-08-03,26,Michigan,6467
2020-08-03,27,Minnesota,1656
2020-08-03,28,Mississippi,1711
2020-08-03,29,Missouri,1279
2020-08-03,30,Montana,64
2020-08-03,31,Nebraska,328
2020-08-03,32,Nevada,847
2020-08-03,33,New Hampshire,417
2020-08-03,34,New Jersey,15846
2020-08-03,35,New Mexico,655
2020-08-03,36,New York,32697
2020-08-03,37,North Carolina,2043
2020-08-03,38,North Dakota,105
2020-08-03,39,Ohio,3539
2020-08-03,40,Oklahoma,551
2020-08-03,41,Oregon,328
2020-08-03,42,Pennsylvania,7224
2020-08-03,44,Rhode Island,1010
2020-08-03,45,South Carolina,1793
2020-08-03,46,South Dakota,135
2020-08-03,47,Tennessee,1092
2020-08-03,48,Texas,7718
2020-08-03,49,Utah,314
2020-08-03,50,Vermont,57
2020-08-03,51,Virginia,2218
2020-08-03,53,Washington,1600
2020-08-03,54,West Virginia,117
2020-08-03,55,Wisconsin,949
2020-08-03,56,Wyoming,27
2020-08-03,60,American Samoa,0
2020-08-03,66,Guam,5
2020-08-03,69,Northern Mariana Islands,2
2020-08-03,72,Puerto Rico,230
2020-08-03,78,Virgin Islands,8
2020-08-03,,Diamond Princess,0
2020-08-03,,Grand Princess,3
2020-08-04,01,Alabama,1666
2020-08-04,02,Alaska,25
2020-08-04,04,Arizona,3845
2020-08-04,05,Arkansas,490
2020-08-04,06,California,9684
2020-08-04,08,Colorado,1849
2020-08-04,09,Connecticut,4437
2020-08-04,10,Delaware,587
2020-08-04,11,District of Columbia,587
2020-08-04,12,Florida,7402
2020-08-04,13,Georgia,3921
2020-08-04,15,Hawaii,27
2020-08-04,16,Idaho,210
2020-08-04,17,Illinois,7742
2020-08-04,18,Indiana,2996
2020-08-04,19,Iowa,888
2020-08-04,20,Kansas,368
2020-08-04,21,Kentucky,751
2020-08-04,22,Louisiana,4051
2020-08-04,23,Maine,123
2020-08-04,24,Maryland,3530
2020-08-04,25,Massachusetts,8657
2020-08-04,26,Michigan,6471
2020-08-04,27,Minnesota,1660
2020-08-04,28,Mississippi,1753
2020-08-04,29,Missouri,1290
2020-08-04,30,Montana,64
2020-08-04,31,Nebraska,332
2020-08-04,32,Nevada,862
2020-08-04,33,New Hampshire,418
2020-08-04,34,New Jersey,15857
2020-08-04,35,New Mexico,658
2020-08-04,36,New York,32703
2020-08-04,37,North Carolina,2061
2020-08-04,38,North Dakota,107
2020-08-04,39,Ohio,3570
2020-08-04,40,Oklahoma,566
2020-08-04,41,Oregon,333
2020-08-04,42,Pennsylvania,7248
2020-08-04,44,Rhode Island,1011
2020-08-04,45,South Carolina,1847
2020-08-04,46,South Dakota,136
2020-08-04,47,Tennessee,1117
2020-08-04,48,Texas,7952
2020-08-04,49,Utah,321
2020-08-04,50,Vermont,57
2020-08-04,51,Virginia,2244
2020-08-04,53,Washington,1619
2020-08-04,54,West Virginia,124
2020-08-04,55,Wisconsin,961
2020-08-04,56,Wyoming,27
2020-08-04,60,American Samoa,0
2020-08-04,66,Guam,5
2020-08-04,69,Northern Mariana Islands,2
2020-08-04,72,Puerto Rico,237
2020-08-04,78,Virgin Islands,8
2020-08-04,,Diamond Princess,0
2020-08-04,,Grand Princess,3
2020-08-05,01,Alabama,1695
2020-08-05,02,Alaska,25
2020-08-05,04,Arizona,3932
2020-08-05,05,Arkansas,508
2020-08-05,06,California,9808
2020-08-05,08,Colorado,1851
2020-08-05,09,Connecticut,4437
2020-08-05,10,Delaware,587
2020-08-05,11,District of Columbia,587
2020-08-05,12,Florida,7627
2020-08-05,13,Georgia,3984
2020-08-05,15,Hawaii,27
2020-08-05,16,Idaho,217
2020-08-05,17,Illinois,7770
2020-08-05,18,Indiana,3007
2020-08-05,19,Iowa,900
2020-08-05,20,Kansas,372
2020-08-05,21,Kentucky,752
2020-08-05,22,Louisiana,4096
2020-08-05,23,Maine,124
2020-08-05,24,Maryland,3536
2020-08-05,25,Massachusetts,8659
2020-08-05,26,Michigan,6478
2020-08-05,27,Minnesota,1670
2020-08-05,28,Mississippi,1804
2020-08-05,29,Missouri,1297
2020-08-05,30,Montana,65
2020-08-05,31,Nebraska,340
2020-08-05,32,Nevada,890
2020-08-05,33,New Hampshire,418
2020-08-05,34,New Jersey,15842
2020-08-05,35,New Mexico,667
2020-08-05,36,New York,32736
2020-08-05,37,North Carolina,2085
2020-08-05,38,North Dakota,108
2020-08-05,39,Ohio,3596
2020-08-05,40,Oklahoma,583
2020-08-05,41,Oregon,338
2020-08-05,42,Pennsylvania,7254
2020-08-05,44,Rhode Island,1012
2020-08-05,45,South Carolina,1894
2020-08-05,46,South Dakota,137
2020-08-05,47,Tennessee,1144
2020-08-05,48,Texas,8310
2020-08-05,49,Utah,327
2020-08-05,50,Vermont,57
2020-08-05,51,Virginia,2274
2020-08-05,53,Washington,1624
2020-08-05,54,West Virginia,124
2020-08-05,55,Wisconsin,970
2020-08-05,56,Wyoming,27
2020-08-05,60,American Samoa,0
2020-08-05,66,Guam,5
2020-08-05,69,Northern Mariana Islands,2
2020-08-05,72,Puerto Rico,246
2020-08-05,78,Virgin Islands,8
2020-08-05,,Diamond Princess,0
2020-08-05,,Grand Princess,3
2020-08-06,01,Alabama,1714
2020-08-06,02,Alaska,25
2020-08-06,04,Arizona,4002
2020-08-06,05,Arkansas,515
2020-08-06,06,California,10021
2020-08-06,08,Colorado,1852
2020-08-06,09,Connecticut,4437
2020-08-06,10,Delaware,587
2020-08-06,11,District of Columbia,587
2020-08-06,12,Florida,7747
2020-08-06,13,Georgia,4026
2020-08-06,15,Hawaii,29
2020-08-06,16,Idaho,223
2020-08-06,17,Illinois,7791
2020-08-06,18,Indiana,3013
2020-08-06,19,Iowa,912
2020-08-06,20,Kansas,378
2020-08-06,21,Kentucky,760
2020-08-06,22,Louisiana,4146
2020-08-06,23,Maine,124
2020-08-06,24,Maryland,3551
2020-08-06,25,Massachusetts,8691
2020-08-06,26,Michigan,6506
2020-08-06,27,Minnesota,1677
2020-08-06,28,Mississippi,1825
2020-08-06,29,Missouri,1302
2020-08-06,30,Montana,65
2020-08-06,31,Nebraska,340
2020-08-06,32,Nevada,900
2020-08-06,33,New Hampshire,419
2020-08-06,34,New Jersey,15849
2020-08-06,35,New Mexico,669
2020-08-06,36,New York,32741
2020-08-06,37,North Carolina,2126
2020-08-06,38,North Dakota,109
2020-08-06,39,Ohio,3618
2020-08-06,40,Oklahoma,593
2020-08-06,41,Oregon,339
2020-08-06,42,Pennsylvania,7282
2020-08-06,44,Rhode Island,1014
2020-08-06,45,South Carolina,1942
2020-08-06,46,South Dakota,141
2020-08-06,47,Tennessee,1186
2020-08-06,48,Texas,8569
2020-08-06,49,Utah,330
2020-08-06,50,Vermont,58
2020-08-06,51,Virginia,2299
2020-08-06,53,Washington,1653
2020-08-06,54,West Virginia,124
2020-08-06,55,Wisconsin,978
2020-08-06,56,Wyoming,27
2020-08-06,60,American Samoa,0
2020-08-06,66,Guam,5
2020-08-06,69,Northern Mariana Islands,2
2020-08-06,72,Puerto Rico,258
2020-08-06,78,Virgin Islands,9
2020-08-06,,Diamond Princess,0
2020-08-06,,Grand Princess,3
2020-08-07,01,Alabama,1735
2020-08-07,02,Alaska,25
2020-08-07,04,Arizona,4081
2020-08-07,05,Arkansas,521
2020-08-07,06,California,10133
2020-08-07,08,Colorado,1857
2020-08-07,09,Connecticut,4441
2020-08-07,10,Delaware,588
2020-08-07,11,District of Columbia,589
2020-08-07,12,Florida,7927
2020-08-07,13,Georgia,4117
2020-08-07,15,Hawaii,31
2020-08-07,16,Idaho,229
2020-08-07,17,Illinois,7822
2020-08-07,18,Indiana,3023
2020-08-07,19,Iowa,915
2020-08-07,20,Kansas,379
2020-08-07,21,Kentucky,764
2020-08-07,22,Louisiana,4207
2020-08-07,23,Maine,124
2020-08-07,24,Maryland,3565
2020-08-07,25,Massachusetts,8709
2020-08-07,26,Michigan,6524
2020-08-07,27,Minnesota,1681
2020-08-07,28,Mississippi,1848
2020-08-07,29,Missouri,1324
2020-08-07,30,Montana,70
2020-08-07,31,Nebraska,345
2020-08-07,32,Nevada,920
2020-08-07,33,New Hampshire,419
2020-08-07,34,New Jersey,15849
2020-08-07,35,New Mexico,675
2020-08-07,36,New York,32744
2020-08-07,37,North Carolina,2160
2020-08-07,38,North Dakota,110
2020-08-07,39,Ohio,3652
2020-08-07,40,Oklahoma,600
2020-08-07,41,Oregon,348
2020-08-07,42,Pennsylvania,7296
2020-08-07,44,Rhode Island,1014
2020-08-07,45,South Carolina,1962
2020-08-07,46,South Dakota,144
2020-08-07,47,Tennessee,1206
2020-08-07,48,Texas,8847
2020-08-07,49,Utah,335
2020-08-07,50,Vermont,58
2020-08-07,51,Virginia,2317
2020-08-07,53,Washington,1672
2020-08-07,54,West Virginia,127
2020-08-07,55,Wisconsin,990
2020-08-07,56,Wyoming,28
2020-08-07,60,American Samoa,0
2020-08-07,66,Guam,5
2020-08-07,69,Northern Mariana Islands,2
2020-08-07,72,Puerto Rico,265
2020-08-07,78,Virgin Islands,9
2020-08-07,,Diamond Princess,0
2020-08-07,,Grand Princess,3
2020-08-08,01,Alabama,1755
2020-08-08,02,Alaska,26
2020-08-08,04,Arizona,4137
2020-08-08,05,Arkansas,535
2020-08-08,06,California,10307
2020-08-08,08,Colorado,1857
2020-08-08,09,Connecticut,4441
2020-08-08,10,Delaware,590
2020-08-08,11,District of Columbia,590
2020-08-08,12,Florida,8109
2020-08-08,13,Georgia,4186
2020-08-08,15,Hawaii,31
2020-08-08,16,Idaho,235
2020-08-08,17,Illinois,7840
2020-08-08,18,Indiana,3036
2020-08-08,19,Iowa,927
2020-08-08,20,Kansas,380
2020-08-08,21,Kentucky,772
2020-08-08,22,Louisiana,4207
2020-08-08,23,Maine,125
2020-08-08,24,Maryland,3577
2020-08-08,25,Massachusetts,8721
2020-08-08,26,Michigan,6520
2020-08-08,27,Minnesota,1689
2020-08-08,28,Mississippi,1874
2020-08-08,29,Missouri,1327
2020-08-08,30,Montana,75
2020-08-08,31,Nebraska,345
2020-08-08,32,Nevada,949
2020-08-08,33,New Hampshire,419
2020-08-08,34,New Jersey,15869
2020-08-08,35,New Mexico,681
2020-08-08,36,New York,32753
2020-08-08,37,North Carolina,2184
2020-08-08,38,North Dakota,112
2020-08-08,39,Ohio,3668
2020-08-08,40,Oklahoma,603
2020-08-08,41,Oregon,355
2020-08-08,42,Pennsylvania,7310
2020-08-08,44,Rhode Island,1014
2020-08-08,45,South Carolina,2007
2020-08-08,46,South Dakota,146
2020-08-08,47,Tennessee,1215
2020-08-08,48,Texas,9058
2020-08-08,49,Utah,335
2020-08-08,50,Vermont,58
2020-08-08,51,Virginia,2322
2020-08-08,53,Washington,1688
2020-08-08,54,West Virginia,131
2020-08-08,55,Wisconsin,996
2020-08-08,56,Wyoming,28
2020-08-08,60,American Samoa,0
2020-08-08,66,Guam,5
2020-08-08,69,Northern Mariana Islands,2
2020-08-08,72,Puerto Rico,274
2020-08-08,78,Virgin Islands,9
2020-08-08,,Diamond Princess,0
2020-08-08,,Grand Princess,3
2020-08-09,01,Alabama,1768
2020-08-09,02,Alaska,26
2020-08-09,04,Arizona,4150
2020-08-09,05,Arkansas,544
2020-08-09,06,California,10377
2020-08-09,08,Colorado,1858
2020-08-09,09,Connecticut,4441
2020-08-09,10,Delaware,591
2020-08-09,11,District of Columbia,591
2020-08-09,12,Florida,8186
2020-08-09,13,Georgia,4199
2020-08-09,15,Hawaii,31
2020-08-09,16,Idaho,237
2020-08-09,17,Illinois,7845
2020-08-09,18,Indiana,3041
2020-08-09,19,Iowa,931
2020-08-09,20,Kansas,380
2020-08-09,21,Kentucky,773
2020-08-09,22,Louisiana,4263
2020-08-09,23,Maine,125
2020-08-09,24,Maryland,3585
2020-08-09,25,Massachusetts,8735
2020-08-09,26,Michigan,6519
2020-08-09,27,Minnesota,1698
2020-08-09,28,Mississippi,1896
2020-08-09,29,Missouri,1334
2020-08-09,30,Montana,75
2020-08-09,31,Nebraska,345
2020-08-09,32,Nevada,957
2020-08-09,33,New Hampshire,419
2020-08-09,34,New Jersey,15874
2020-08-09,35,New Mexico,685
2020-08-09,36,New York,32755
2020-08-09,37,North Carolina,2192
2020-08-09,38,North Dakota,112
2020-08-09,39,Ohio,3669
2020-08-09,40,Oklahoma,603
2020-08-09,41,Oregon,356
2020-08-09,42,Pennsylvania,7311
2020-08-09,44,Rhode Island,1014
2020-08-09,45,South Carolina,2031
2020-08-09,46,South Dakota,146
2020-08-09,47,Tennessee,1223
2020-08-09,48,Texas,9157
2020-08-09,49,Utah,336
2020-08-09,50,Vermont,58
2020-08-09,51,Virginia,2326
2020-08-09,53,Washington,1688
2020-08-09,54,West Virginia,139
2020-08-09,55,Wisconsin,998
2020-08-09,56,Wyoming,28
2020-08-09,60,American Samoa,0
2020-08-09,66,Guam,5
2020-08-09,69,Northern Mariana Islands,2
2020-08-09,72,Puerto Rico,279
2020-08-09,78,Virgin Islands,9
2020-08-09,,Diamond Princess,0
2020-08-09,,Grand Princess,3
2020-08-10,01,Alabama,1797
2020-08-10,02,Alaska,26
2020-08-10,04,Arizona,4154
2020-08-10,05,Arkansas,555
2020-08-10,06,California,10476
2020-08-10,08,Colorado,1862
2020-08-10,09,Connecticut,4444
2020-08-10,10,Delaware,591
2020-08-10,11,District of Columbia,591
2020-08-10,12,Florida,8277
2020-08-10,13,Georgia,4229
2020-08-10,15,Hawaii,34
2020-08-10,16,Idaho,239
2020-08-10,17,Illinois,7846
2020-08-10,18,Indiana,3044
2020-08-10,19,Iowa,934
2020-08-10,20,Kansas,386
2020-08-10,21,Kentucky,775
2020-08-10,22,Louisiana,4287
2020-08-10,23,Maine,125
2020-08-10,24,Maryland,3591
2020-08-10,25,Massachusetts,8741
2020-08-10,26,Michigan,6526
2020-08-10,27,Minnesota,1701
2020-08-10,28,Mississippi,1912
2020-08-10,29,Missouri,1341
2020-08-10,30,Montana,75
2020-08-10,31,Nebraska,348
2020-08-10,32,Nevada,963
2020-08-10,33,New Hampshire,419
2020-08-10,34,New Jersey,15878
2020-08-10,35,New Mexico,690
2020-08-10,36,New York,32764
2020-08-10,37,North Carolina,2199
2020-08-10,38,North Dakota,113
2020-08-10,39,Ohio,3673
2020-08-10,40,Oklahoma,605
2020-08-10,41,Oregon,357
2020-08-10,42,Pennsylvania,7314
2020-08-10,44,Rhode Island,1015
2020-08-10,45,South Carolina,2048
2020-08-10,46,South Dakota,146
2020-08-10,47,Tennessee,1233
2020-08-10,48,Texas,9230
2020-08-10,49,Utah,345
2020-08-10,50,Vermont,58
2020-08-10,51,Virginia,2327
2020-08-10,53,Washington,1697
2020-08-10,54,West Virginia,141
2020-08-10,55,Wisconsin,998
2020-08-10,56,Wyoming,28
2020-08-10,60,American Samoa,0
2020-08-10,66,Guam,5
2020-08-10,69,Northern Mariana Islands,2
2020-08-10,72,Puerto Rico,279
2020-08-10,78,Virgin Islands,9
2020-08-10,,Diamond Princess,0
2020-08-10,,Grand Princess,3
2020-08-11,01,Alabama,1847
2020-08-11,02,Alaska,26
2020-08-11,04,Arizona,4199
2020-08-11,05,Arkansas,566
2020-08-11,06,California,10523
2020-08-11,08,Colorado,1874
2020-08-11,09,Connecticut,4444
2020-08-11,10,Delaware,591
2020-08-11,11,District of Columbia,593
2020-08-11,12,Florida,8553
2020-08-11,13,Georgia,4351
2020-08-11,15,Hawaii,34
2020-08-11,16,Idaho,246
2020-08-11,17,Illinois,7866
2020-08-11,18,Indiana,3069
2020-08-11,19,Iowa,946
2020-08-11,20,Kansas,393
2020-08-11,21,Kentucky,783
2020-08-11,22,Louisiana,4313
2020-08-11,23,Maine,126
2020-08-11,24,Maryland,3604
2020-08-11,25,Massachusetts,8751
2020-08-11,26,Michigan,6533
2020-08-11,27,Minnesota,1707
2020-08-11,28,Mississippi,1944
2020-08-11,29,Missouri,1346
2020-08-11,30,Montana,77
2020-08-11,31,Nebraska,351
2020-08-11,32,Nevada,981
2020-08-11,33,New Hampshire,419
2020-08-11,34,New Jersey,15890
2020-08-11,35,New Mexico,693
2020-08-11,36,New York,32770
2020-08-11,37,North Carolina,2238
2020-08-11,38,North Dakota,118
2020-08-11,39,Ohio,3708
2020-08-11,40,Oklahoma,618
2020-08-11,41,Oregon,368
2020-08-11,42,Pennsylvania,7343
2020-08-11,44,Rhode Island,1016
2020-08-11,45,South Carolina,2098
2020-08-11,46,South Dakota,146
2020-08-11,47,Tennessee,1271
2020-08-11,48,Texas,9222
2020-08-11,49,Utah,349
2020-08-11,50,Vermont,58
2020-08-11,51,Virginia,2344
2020-08-11,53,Washington,1716
2020-08-11,54,West Virginia,147
2020-08-11,55,Wisconsin,1006
2020-08-11,56,Wyoming,29
2020-08-11,60,American Samoa,0
2020-08-11,66,Guam,5
2020-08-11,69,Northern Mariana Islands,2
2020-08-11,72,Puerto Rico,287
2020-08-11,78,Virgin Islands,9
2020-08-11,,Diamond Princess,0
2020-08-11,,Grand Princess,3
2020-08-12,01,Alabama,1882
2020-08-12,02,Alaska,27
2020-08-12,04,Arizona,4347
2020-08-12,05,Arkansas,572
2020-08-12,06,California,10753
2020-08-12,08,Colorado,1875
2020-08-12,09,Connecticut,4450
2020-08-12,10,Delaware,592
2020-08-12,11,District of Columbia,593
2020-08-12,12,Florida,8765
2020-08-12,13,Georgia,4456
2020-08-12,15,Hawaii,38
2020-08-12,16,Idaho,246
2020-08-12,17,Illinois,7881
2020-08-12,18,Indiana,3086
2020-08-12,19,Iowa,953
2020-08-12,20,Kansas,397
2020-08-12,21,Kentucky,790
2020-08-12,22,Louisiana,4356
2020-08-12,23,Maine,126
2020-08-12,24,Maryland,3612
2020-08-12,25,Massachusetts,8769
2020-08-12,26,Michigan,6539
2020-08-12,27,Minnesota,1724
2020-08-12,28,Mississippi,1989
2020-08-12,29,Missouri,1354
2020-08-12,30,Montana,80
2020-08-12,31,Nebraska,356
2020-08-12,32,Nevada,996
2020-08-12,33,New Hampshire,420
2020-08-12,34,New Jersey,15885
2020-08-12,35,New Mexico,695
2020-08-12,36,New York,32778
2020-08-12,37,North Carolina,2280
2020-08-12,38,North Dakota,120
2020-08-12,39,Ohio,3734
2020-08-12,40,Oklahoma,627
2020-08-12,41,Oregon,375
2020-08-12,42,Pennsylvania,7380
2020-08-12,44,Rhode Island,1018
2020-08-12,45,South Carolina,2144
2020-08-12,46,South Dakota,147
2020-08-12,47,Tennessee,1289
2020-08-12,48,Texas,9527
2020-08-12,49,Utah,351
2020-08-12,50,Vermont,58
2020-08-12,51,Virginia,2352
2020-08-12,53,Washington,1724
2020-08-12,54,West Virginia,153
2020-08-12,55,Wisconsin,1011
2020-08-12,56,Wyoming,29
2020-08-12,60,American Samoa,0
2020-08-12,66,Guam,5
2020-08-12,69,Northern Mariana Islands,2
2020-08-12,72,Puerto Rico,295
2020-08-12,78,Virgin Islands,9
2020-08-12,,Diamond Princess,0
2020-08-12,,Grand Princess,3
2020-08-13,01,Alabama,1890
2020-08-13,02,Alaska,27
2020-08-13,04,Arizona,4383
2020-08-13,05,Arkansas,582
2020-08-13,06,California,10870
2020-08-13,08,Colorado,1882
2020-08-13,09,Connecticut,4450
2020-08-13,10,Delaware,593
2020-08-13,11,District of Columbia,594
2020-08-13,12,Florida,8913
2020-08-13,13,Georgia,4538
2020-08-13,15,Hawaii,40
2020-08-13,16,Idaho,251
2020-08-13,17,Illinois,7905
2020-08-13,18,Indiana,3105
2020-08-13,19,Iowa,960
2020-08-13,20,Kansas,403
2020-08-13,21,Kentucky,796
2020-08-13,22,Louisiana,4402
2020-08-13,23,Maine,126
2020-08-13,24,Maryland,3620
2020-08-13,25,Massachusetts,8790
2020-08-13,26,Michigan,6555
2020-08-13,27,Minnesota,1731
2020-08-13,28,Mississippi,2011
2020-08-13,29,Missouri,1356
2020-08-13,30,Montana,81
2020-08-13,31,Nebraska,360
2020-08-13,32,Nevada,1030
2020-08-13,33,New Hampshire,422
2020-08-13,34,New Jersey,15893
2020-08-13,35,New Mexico,697
2020-08-13,36,New York,32780
2020-08-13,37,North Carolina,2287
2020-08-13,38,North Dakota,120
2020-08-13,39,Ohio,3755
2020-08-13,40,Oklahoma,638
2020-08-13,41,Oregon,383
2020-08-13,42,Pennsylvania,7395
2020-08-13,44,Rhode Island,1019
2020-08-13,45,South Carolina,2184
2020-08-13,46,South Dakota,148
2020-08-13,47,Tennessee,1313
2020-08-13,48,Texas,9771
2020-08-13,49,Utah,353
2020-08-13,50,Vermont,58
2020-08-13,51,Virginia,2363
2020-08-13,53,Washington,1736
2020-08-13,54,West Virginia,153
2020-08-13,55,Wisconsin,1018
2020-08-13,56,Wyoming,30
2020-08-13,60,American Samoa,0
2020-08-13,66,Guam,5
2020-08-13,69,Northern Mariana Islands,2
2020-08-13,72,Puerto Rico,306
2020-08-13,78,Virgin Islands,9
2020-08-13,,Diamond Princess,0
2020-08-13,,Grand Princess,3
2020-08-14,01,Alabama,1893
2020-08-14,02,Alaska,27
2020-08-14,04,Arizona,4423
2020-08-14,05,Arkansas,587
2020-08-14,06,California,11148
2020-08-14,08,Colorado,1888
2020-08-14,09,Connecticut,4453
2020-08-14,10,Delaware,593
2020-08-14,11,District of Columbia,594
2020-08-14,12,Florida,9141
2020-08-14,13,Georgia,4573
2020-08-14,15,Hawaii,40
2020-08-14,16,Idaho,265
2020-08-14,17,Illinois,7932
2020-08-14,18,Indiana,3113
2020-08-14,19,Iowa,970
2020-08-14,20,Kansas,404
2020-08-14,21,Kentucky,804
2020-08-14,22,Louisiana,4430
2020-08-14,23,Maine,126
2020-08-14,24,Maryland,3631
2020-08-14,25,Massachusetts,8810
2020-08-14,26,Michigan,6566
2020-08-14,27,Minnesota,1739
2020-08-14,28,Mississippi,2043
2020-08-14,29,Missouri,1365
2020-08-14,30,Montana,81
2020-08-14,31,Nebraska,361
2020-08-14,32,Nevada,1045
2020-08-14,33,New Hampshire,423
2020-08-14,34,New Jersey,15903
2020-08-14,35,New Mexico,703
2020-08-14,36,New York,32798
2020-08-14,37,North Carolina,2313
2020-08-14,38,North Dakota,121
2020-08-14,39,Ohio,3784
2020-08-14,40,Oklahoma,644
2020-08-14,41,Oregon,385
2020-08-14,42,Pennsylvania,7434
2020-08-14,44,Rhode Island,1021
2020-08-14,45,South Carolina,2204
2020-08-14,46,South Dakota,150
2020-08-14,47,Tennessee,1326
2020-08-14,48,Texas,10078
2020-08-14,49,Utah,360
2020-08-14,50,Vermont,58
2020-08-14,51,Virginia,2370
2020-08-14,53,Washington,1755
2020-08-14,54,West Virginia,157
2020-08-14,55,Wisconsin,1025
2020-08-14,56,Wyoming,30
2020-08-14,60,American Samoa,0
2020-08-14,66,Guam,5
2020-08-14,69,Northern Mariana Islands,2
2020-08-14,72,Puerto Rico,317
2020-08-14,78,Virgin Islands,9
2020-08-14,,Diamond Princess,0
2020-08-14,,Grand Princess,3
2020-08-15,01,Alabama,1896
2020-08-15,02,Alaska,28
2020-08-15,04,Arizona,4492
2020-08-15,05,Arkansas,600
2020-08-15,06,California,11218
2020-08-15,08,Colorado,1896
2020-08-15,09,Connecticut,4453
2020-08-15,10,Delaware,593
2020-08-15,11,District of Columbia,597
2020-08-15,12,Florida,9345
2020-08-15,13,Georgia,4669
2020-08-15,15,Hawaii,40
2020-08-15,16,Idaho,269
2020-08-15,17,Illinois,7937
2020-08-15,18,Indiana,3128
2020-08-15,19,Iowa,975
2020-08-15,20,Kansas,406
2020-08-15,21,Kentucky,810
2020-08-15,22,Louisiana,4430
2020-08-15,23,Maine,127
2020-08-15,24,Maryland,3636
2020-08-15,25,Massachusetts,8826
2020-08-15,26,Michigan,6586
2020-08-15,27,Minnesota,1705
2020-08-15,28,Mississippi,2080
2020-08-15,29,Missouri,1378
2020-08-15,30,Montana,82
2020-08-15,31,Nebraska,361
2020-08-15,32,Nevada,1069
2020-08-15,33,New Hampshire,423
2020-08-15,34,New Jersey,15910
2020-08-15,35,New Mexico,711
2020-08-15,36,New York,32809
2020-08-15,37,North Carolina,2343
2020-08-15,38,North Dakota,121
2020-08-15,39,Ohio,3824
2020-08-15,40,Oklahoma,657
2020-08-15,41,Oregon,386
2020-08-15,42,Pennsylvania,7451
2020-08-15,44,Rhode Island,1021
2020-08-15,45,South Carolina,2260
2020-08-15,46,South Dakota,152
2020-08-15,47,Tennessee,1345
2020-08-15,48,Texas,10268
2020-08-15,49,Utah,363
2020-08-15,50,Vermont,58
2020-08-15,51,Virginia,2381
2020-08-15,53,Washington,1766
2020-08-15,54,West Virginia,160
2020-08-15,55,Wisconsin,1038
2020-08-15,56,Wyoming,30
2020-08-15,60,American Samoa,0
2020-08-15,66,Guam,5
2020-08-15,69,Northern Mariana Islands,2
2020-08-15,72,Puerto Rico,329
2020-08-15,78,Virgin Islands,9
2020-08-15,,Diamond Princess,0
2020-08-15,,Grand Princess,3
2020-08-16,01,Alabama,1898
2020-08-16,02,Alaska,28
2020-08-16,04,Arizona,4506
2020-08-16,05,Arkansas,599
2020-08-16,06,California,11243
2020-08-16,08,Colorado,1896
2020-08-16,09,Connecticut,4453
2020-08-16,10,Delaware,593
2020-08-16,11,District of Columbia,597
2020-08-16,12,Florida,9452
2020-08-16,13,Georgia,4702
2020-08-16,15,Hawaii,40
2020-08-16,16,Idaho,269
2020-08-16,17,Illinois,7955
2020-08-16,18,Indiana,3133
2020-08-16,19,Iowa,975
2020-08-16,20,Kansas,406
2020-08-16,21,Kentucky,810
2020-08-16,22,Louisiana,4507
2020-08-16,23,Maine,127
2020-08-16,24,Maryland,3639
2020-08-16,25,Massachusetts,8838
2020-08-16,26,Michigan,6592
2020-08-16,27,Minnesota,1752
2020-08-16,28,Mississippi,2084
2020-08-16,29,Missouri,1383
2020-08-16,30,Montana,82
2020-08-16,31,Nebraska,361
2020-08-16,32,Nevada,1072
2020-08-16,33,New Hampshire,423
2020-08-16,34,New Jersey,15912
2020-08-16,35,New Mexico,714
2020-08-16,36,New York,32816
2020-08-16,37,North Carolina,2347
2020-08-16,38,North Dakota,125
2020-08-16,39,Ohio,3826
2020-08-16,40,Oklahoma,661
2020-08-16,41,Oregon,388
2020-08-16,42,Pennsylvania,7453
2020-08-16,44,Rhode Island,1021
2020-08-16,45,South Carolina,2269
2020-08-16,46,South Dakota,153
2020-08-16,47,Tennessee,1366
2020-08-16,48,Texas,10396
2020-08-16,49,Utah,363
2020-08-16,50,Vermont,58
2020-08-16,51,Virginia,2381
2020-08-16,53,Washington,1781
2020-08-16,54,West Virginia,160
2020-08-16,55,Wisconsin,1039
2020-08-16,56,Wyoming,30
2020-08-16,60,American Samoa,0
2020-08-16,66,Guam,5
2020-08-16,69,Northern Mariana Islands,2
2020-08-16,72,Puerto Rico,335
2020-08-16,78,Virgin Islands,9
2020-08-16,,Diamond Princess,0
2020-08-16,,Grand Princess,3
2020-08-17,01,Alabama,1925
2020-08-17,02,Alaska,28
2020-08-17,04,Arizona,4506
2020-08-17,05,Arkansas,603
2020-08-17,06,California,11296
2020-08-17,08,Colorado,1896
2020-08-17,09,Connecticut,4456
2020-08-17,10,Delaware,593
2020-08-17,11,District of Columbia,597
2020-08-17,12,Florida,9539
2020-08-17,13,Georgia,4727
2020-08-17,15,Hawaii,40
2020-08-17,16,Idaho,273
2020-08-17,17,Illinois,7967
2020-08-17,18,Indiana,3135
2020-08-17,19,Iowa,987
2020-08-17,20,Kansas,406
2020-08-17,21,Kentucky,818
2020-08-17,22,Louisiana,4526
2020-08-17,23,Maine,127
2020-08-17,24,Maryland,3641
2020-08-17,25,Massachusetts,8842
2020-08-17,26,Michigan,6592
2020-08-17,27,Minnesota,1758
2020-08-17,28,Mississippi,2095
2020-08-17,29,Missouri,1415
2020-08-17,30,Montana,82
2020-08-17,31,Nebraska,362
2020-08-17,32,Nevada,1077
2020-08-17,33,New Hampshire,423
2020-08-17,34,New Jersey,15916
2020-08-17,35,New Mexico,718
2020-08-17,36,New York,32823
2020-08-17,37,North Carolina,2348
2020-08-17,38,North Dakota,126
2020-08-17,39,Ohio,3832
2020-08-17,40,Oklahoma,665
2020-08-17,41,Oregon,388
2020-08-17,42,Pennsylvania,7453
2020-08-17,44,Rhode Island,1023
2020-08-17,45,South Carolina,2288
2020-08-17,46,South Dakota,153
2020-08-17,47,Tennessee,1387
2020-08-17,48,Texas,10447
2020-08-17,49,Utah,364
2020-08-17,50,Vermont,58
2020-08-17,51,Virginia,2385
2020-08-17,53,Washington,1785
2020-08-17,54,West Virginia,160
2020-08-17,55,Wisconsin,1039
2020-08-17,56,Wyoming,30
2020-08-17,60,American Samoa,0
2020-08-17,66,Guam,5
2020-08-17,69,Northern Mariana Islands,2
2020-08-17,72,Puerto Rico,335
2020-08-17,78,Virgin Islands,9
2020-08-17,,Diamond Princess,0
2020-08-17,,Grand Princess,3
2020-08-18,01,Alabama,1936
2020-08-18,02,Alaska,29
2020-08-18,04,Arizona,4529
2020-08-18,05,Arkansas,619
2020-08-18,06,California,11504
2020-08-18,08,Colorado,1899
2020-08-18,09,Connecticut,4456
2020-08-18,10,Delaware,593
2020-08-18,11,District of Columbia,599
2020-08-18,12,Florida,9758
2020-08-18,13,Georgia,4794
2020-08-18,15,Hawaii,41
2020-08-18,16,Idaho,282
2020-08-18,17,Illinois,7994
2020-08-18,18,Indiana,3165
2020-08-18,19,Iowa,1002
2020-08-18,20,Kansas,411
2020-08-18,21,Kentucky,830
2020-08-18,22,Louisiana,4554
2020-08-18,23,Maine,127
2020-08-18,24,Maryland,3650
2020-08-18,25,Massachusetts,8848
2020-08-18,26,Michigan,6608
2020-08-18,27,Minnesota,1767
2020-08-18,28,Mississippi,2127
2020-08-18,29,Missouri,1425
2020-08-18,30,Montana,84
2020-08-18,31,Nebraska,369
2020-08-18,32,Nevada,1102
2020-08-18,33,New Hampshire,424
2020-08-18,34,New Jersey,15925
2020-08-18,35,New Mexico,723
2020-08-18,36,New York,32835
2020-08-18,37,North Carolina,2396
2020-08-18,38,North Dakota,128
2020-08-18,39,Ohio,3866
2020-08-18,40,Oklahoma,679
2020-08-18,41,Oregon,397
2020-08-18,42,Pennsylvania,7474
2020-08-18,44,Rhode Island,1024
2020-08-18,45,South Carolina,2343
2020-08-18,46,South Dakota,154
2020-08-18,47,Tennessee,1424
2020-08-18,48,Texas,10678
2020-08-18,49,Utah,369
2020-08-18,50,Vermont,58
2020-08-18,51,Virginia,2396
2020-08-18,53,Washington,1808
2020-08-18,54,West Virginia,162
2020-08-18,55,Wisconsin,1039
2020-08-18,56,Wyoming,30
2020-08-18,60,American Samoa,0
2020-08-18,66,Guam,5
2020-08-18,69,Northern Mariana Islands,2
2020-08-18,72,Puerto Rico,346
2020-08-18,78,Virgin Islands,9
2020-08-18,,Diamond Princess,0
2020-08-18,,Grand Princess,3
2020-08-19,01,Alabama,1944
2020-08-19,02,Alaska,29
2020-08-19,04,Arizona,4634
2020-08-19,05,Arkansas,631
2020-08-19,06,California,11690
2020-08-19,08,Colorado,1900
2020-08-19,09,Connecticut,4457
2020-08-19,10,Delaware,595
2020-08-19,11,District of Columbia,600
2020-08-19,12,Florida,9932
2020-08-19,13,Georgia,4849
2020-08-19,15,Hawaii,42
2020-08-19,16,Idaho,289
2020-08-19,17,Illinois,8017
2020-08-19,18,Indiana,3180
2020-08-19,19,Iowa,1010
2020-08-19,20,Kansas,415
2020-08-19,21,Kentucky,842
2020-08-19,22,Louisiana,4609
2020-08-19,23,Maine,127
2020-08-19,24,Maryland,3661
2020-08-19,25,Massachusetts,8876
2020-08-19,26,Michigan,6618
2020-08-19,27,Minnesota,1784
2020-08-19,28,Mississippi,2163
2020-08-19,29,Missouri,1434
2020-08-19,30,Montana,84
2020-08-19,31,Nebraska,371
2020-08-19,32,Nevada,1134
2020-08-19,33,New Hampshire,427
2020-08-19,34,New Jersey,15926
2020-08-19,35,New Mexico,729
2020-08-19,36,New York,32840
2020-08-19,37,North Carolina,2431
2020-08-19,38,North Dakota,130
2020-08-19,39,Ohio,3907
2020-08-19,40,Oklahoma,699
2020-08-19,41,Oregon,408
2020-08-19,42,Pennsylvania,7508
2020-08-19,44,Rhode Island,1027
2020-08-19,45,South Carolina,2360
2020-08-19,46,South Dakota,155
2020-08-19,47,Tennessee,1452
2020-08-19,48,Texas,10934
2020-08-19,49,Utah,377
2020-08-19,50,Vermont,58
2020-08-19,51,Virginia,2410
2020-08-19,53,Washington,1822
2020-08-19,54,West Virginia,166
2020-08-19,55,Wisconsin,1060
2020-08-19,56,Wyoming,34
2020-08-19,60,American Samoa,0
2020-08-19,66,Guam,5
2020-08-19,69,Northern Mariana Islands,2
2020-08-19,72,Puerto Rico,356
2020-08-19,78,Virgin Islands,9
2020-08-19,,Diamond Princess,0
2020-08-19,,Grand Princess,3
2020-08-20,01,Alabama,1974
2020-08-20,02,Alaska,29
2020-08-20,04,Arizona,4684
2020-08-20,05,Arkansas,641
2020-08-20,06,California,11810
2020-08-20,08,Colorado,1903
2020-08-20,09,Connecticut,4458
2020-08-20,10,Delaware,595
2020-08-20,11,District of Columbia,601
2020-08-20,12,Florida,10049
2020-08-20,13,Georgia,4904
2020-08-20,15,Hawaii,45
2020-08-20,16,Idaho,296
2020-08-20,17,Illinois,8044
2020-08-20,18,Indiana,3191
2020-08-20,19,Iowa,1016
2020-08-20,20,Kansas,419
2020-08-20,21,Kentucky,856
2020-08-20,22,Louisiana,4637
2020-08-20,23,Maine,128
2020-08-20,24,Maryland,3669
2020-08-20,25,Massachusetts,8888
2020-08-20,26,Michigan,6634
2020-08-20,27,Minnesota,1791
2020-08-20,28,Mississippi,2190
2020-08-20,29,Missouri,1442
2020-08-20,30,Montana,89
2020-08-20,31,Nebraska,373
2020-08-20,32,Nevada,1172
2020-08-20,33,New Hampshire,428
2020-08-20,34,New Jersey,15932
2020-08-20,35,New Mexico,734
2020-08-20,36,New York,32837
2020-08-20,37,North Carolina,2465
2020-08-20,38,North Dakota,130
2020-08-20,39,Ohio,3929
2020-08-20,40,Oklahoma,709
2020-08-20,41,Oregon,412
2020-08-20,42,Pennsylvania,7520
2020-08-20,44,Rhode Island,1028
2020-08-20,45,South Carolina,2401
2020-08-20,46,South Dakota,157
2020-08-20,47,Tennessee,1488
2020-08-20,48,Texas,11174
2020-08-20,49,Utah,381
2020-08-20,50,Vermont,58
2020-08-20,51,Virginia,2427
2020-08-20,53,Washington,1837
2020-08-20,54,West Virginia,167
2020-08-20,55,Wisconsin,1067
2020-08-20,56,Wyoming,34
2020-08-20,60,American Samoa,0
2020-08-20,66,Guam,6
2020-08-20,69,Northern Mariana Islands,2
2020-08-20,72,Puerto Rico,367
2020-08-20,78,Virgin Islands,10
2020-08-20,,Diamond Princess,0
2020-08-20,,Grand Princess,3
2020-08-21,01,Alabama,1996
2020-08-21,02,Alaska,30
2020-08-21,04,Arizona,4688
2020-08-21,05,Arkansas,663
2020-08-21,06,California,11946
2020-08-21,08,Colorado,1910
2020-08-21,09,Connecticut,4460
2020-08-21,10,Delaware,600
2020-08-21,11,District of Columbia,602
2020-08-21,12,Florida,10168
2020-08-21,13,Georgia,4998
2020-08-21,15,Hawaii,46
2020-08-21,16,Idaho,305
2020-08-21,17,Illinois,8066
2020-08-21,18,Indiana,3208
2020-08-21,19,Iowa,1029
2020-08-21,20,Kansas,426
2020-08-21,21,Kentucky,864
2020-08-21,22,Louisiana,4687
2020-08-21,23,Maine,129
2020-08-21,24,Maryland,3674
2020-08-21,25,Massachusetts,8901
2020-08-21,26,Michigan,6634
2020-08-21,27,Minnesota,1799
2020-08-21,28,Mississippi,2214
2020-08-21,29,Missouri,1445
2020-08-21,30,Montana,89
2020-08-21,31,Nebraska,376
2020-08-21,32,Nevada,1185
2020-08-21,33,New Hampshire,428
2020-08-21,34,New Jersey,15941
2020-08-21,35,New Mexico,739
2020-08-21,36,New York,32833
2020-08-21,37,North Carolina,2494
2020-08-21,38,North Dakota,132
2020-08-21,39,Ohio,3955
2020-08-21,40,Oklahoma,715
2020-08-21,41,Oregon,414
2020-08-21,42,Pennsylvania,7537
2020-08-21,44,Rhode Island,1030
2020-08-21,45,South Carolina,2459
2020-08-21,46,South Dakota,159
2020-08-21,47,Tennessee,1549
2020-08-21,48,Texas,11415
2020-08-21,49,Utah,383
2020-08-21,50,Vermont,58
2020-08-21,51,Virginia,2436
2020-08-21,53,Washington,1850
2020-08-21,54,West Virginia,171
2020-08-21,55,Wisconsin,1068
2020-08-21,56,Wyoming,37
2020-08-21,60,American Samoa,0
2020-08-21,66,Guam,6
2020-08-21,69,Northern Mariana Islands,2
2020-08-21,72,Puerto Rico,374
2020-08-21,78,Virgin Islands,10
2020-08-21,,Diamond Princess,0
2020-08-21,,Grand Princess,3
2020-08-22,01,Alabama,2011
2020-08-22,02,Alaska,31
2020-08-22,04,Arizona,4756
2020-08-22,05,Arkansas,674
2020-08-22,06,California,12131
2020-08-22,08,Colorado,1918
2020-08-22,09,Connecticut,4460
2020-08-22,10,Delaware,600
2020-08-22,11,District of Columbia,604
2020-08-22,12,Florida,10274
2020-08-22,13,Georgia,5092
2020-08-22,15,Hawaii,47
2020-08-22,16,Idaho,306
2020-08-22,17,Illinois,8083
2020-08-22,18,Indiana,3218
2020-08-22,19,Iowa,1033
2020-08-22,20,Kansas,426
2020-08-22,21,Kentucky,872
2020-08-22,22,Louisiana,4687
2020-08-22,23,Maine,130
2020-08-22,24,Maryland,3685
2020-08-22,25,Massachusetts,8921
2020-08-22,26,Michigan,6655
2020-08-22,27,Minnesota,1807
2020-08-22,28,Mississippi,2237
2020-08-22,29,Missouri,1451
2020-08-22,30,Montana,90
2020-08-22,31,Nebraska,376
2020-08-22,32,Nevada,1197
2020-08-22,33,New Hampshire,429
2020-08-22,34,New Jersey,15943
2020-08-22,35,New Mexico,743
2020-08-22,36,New York,32839
2020-08-22,37,North Carolina,2521
2020-08-22,38,North Dakota,135
2020-08-22,39,Ohio,3975
2020-08-22,40,Oklahoma,725
2020-08-22,41,Oregon,417
2020-08-22,42,Pennsylvania,7555
2020-08-22,44,Rhode Island,1030
2020-08-22,45,South Carolina,2493
2020-08-22,46,South Dakota,160
2020-08-22,47,Tennessee,1563
2020-08-22,48,Texas,11578
2020-08-22,49,Utah,385
2020-08-22,50,Vermont,58
2020-08-22,51,Virginia,2443
2020-08-22,53,Washington,1857
2020-08-22,54,West Virginia,177
2020-08-22,55,Wisconsin,1081
2020-08-22,56,Wyoming,37
2020-08-22,60,American Samoa,0
2020-08-22,66,Guam,6
2020-08-22,69,Northern Mariana Islands,2
2020-08-22,72,Puerto Rico,381
2020-08-22,78,Virgin Islands,10
2020-08-22,,Diamond Princess,0
2020-08-22,,Grand Princess,3
2020-08-23,01,Alabama,2013
2020-08-23,02,Alaska,32
2020-08-23,04,Arizona,4771
2020-08-23,05,Arkansas,687
2020-08-23,06,California,12153
2020-08-23,08,Colorado,1918
2020-08-23,09,Connecticut,4460
2020-08-23,10,Delaware,600
2020-08-23,11,District of Columbia,604
2020-08-23,12,Florida,10325
2020-08-23,13,Georgia,5132
2020-08-23,15,Hawaii,47
2020-08-23,16,Idaho,307
2020-08-23,17,Illinois,8089
2020-08-23,18,Indiana,3220
2020-08-23,19,Iowa,1037
2020-08-23,20,Kansas,426
2020-08-23,21,Kentucky,872
2020-08-23,22,Louisiana,4746
2020-08-23,23,Maine,131
2020-08-23,24,Maryland,3691
2020-08-23,25,Massachusetts,8921
2020-08-23,26,Michigan,6659
2020-08-23,27,Minnesota,1813
2020-08-23,28,Mississippi,2240
2020-08-23,29,Missouri,1453
2020-08-23,30,Montana,90
2020-08-23,31,Nebraska,378
2020-08-23,32,Nevada,1197
2020-08-23,33,New Hampshire,429
2020-08-23,34,New Jersey,15946
2020-08-23,35,New Mexico,745
2020-08-23,36,New York,32851
2020-08-23,37,North Carolina,2531
2020-08-23,38,North Dakota,136
2020-08-23,39,Ohio,3978
2020-08-23,40,Oklahoma,726
2020-08-23,41,Oregon,417
2020-08-23,42,Pennsylvania,7557
2020-08-23,44,Rhode Island,1030
2020-08-23,45,South Carolina,2504
2020-08-23,46,South Dakota,161
2020-08-23,47,Tennessee,1567
2020-08-23,48,Texas,11696
2020-08-23,49,Utah,385
2020-08-23,50,Vermont,58
2020-08-23,51,Virginia,2467
2020-08-23,53,Washington,1863
2020-08-23,54,West Virginia,179
2020-08-23,55,Wisconsin,1081
2020-08-23,56,Wyoming,37
2020-08-23,60,American Samoa,0
2020-08-23,66,Guam,6
2020-08-23,69,Northern Mariana Islands,2
2020-08-23,72,Puerto Rico,390
2020-08-23,78,Virgin Islands,11
2020-08-23,,Diamond Princess,0
2020-08-23,,Grand Princess,3
2020-08-24,01,Alabama,2024
2020-08-24,02,Alaska,32
2020-08-24,04,Arizona,4771
2020-08-24,05,Arkansas,696
2020-08-24,06,California,12235
2020-08-24,08,Colorado,1919
2020-08-24,09,Connecticut,4460
2020-08-24,10,Delaware,604
2020-08-24,11,District of Columbia,604
2020-08-24,12,Florida,10397
2020-08-24,13,Georgia,5156
2020-08-24,15,Hawaii,49
2020-08-24,16,Idaho,314
2020-08-24,17,Illinois,8097
2020-08-24,18,Indiana,3225
2020-08-24,19,Iowa,1047
2020-08-24,20,Kansas,429
2020-08-24,21,Kentucky,884
2020-08-24,22,Louisiana,4764
2020-08-24,23,Maine,131
2020-08-24,24,Maryland,3694
2020-08-24,25,Massachusetts,8949
2020-08-24,26,Michigan,6663
2020-08-24,27,Minnesota,1817
2020-08-24,28,Mississippi,2248
2020-08-24,29,Missouri,1453
2020-08-24,30,Montana,91
2020-08-24,31,Nebraska,383
2020-08-24,32,Nevada,1200
2020-08-24,33,New Hampshire,429
2020-08-24,34,New Jersey,15946
2020-08-24,35,New Mexico,749
2020-08-24,36,New York,32852
2020-08-24,37,North Carolina,2535
2020-08-24,38,North Dakota,137
2020-08-24,39,Ohio,3986
2020-08-24,40,Oklahoma,730
2020-08-24,41,Oregon,420
2020-08-24,42,Pennsylvania,7557
2020-08-24,44,Rhode Island,1035
2020-08-24,45,South Carolina,2511
2020-08-24,46,South Dakota,161
2020-08-24,47,Tennessee,1588
2020-08-24,48,Texas,11742
2020-08-24,49,Utah,390
2020-08-24,50,Vermont,58
2020-08-24,51,Virginia,2471
2020-08-24,53,Washington,1867
2020-08-24,54,West Virginia,179
2020-08-24,55,Wisconsin,1081
2020-08-24,56,Wyoming,37
2020-08-24,60,American Samoa,0
2020-08-24,66,Guam,7
2020-08-24,69,Northern Mariana Islands,2
2020-08-24,72,Puerto Rico,390
2020-08-24,78,Virgin Islands,11
2020-08-24,,Diamond Princess,0
2020-08-24,,Grand Princess,3
2020-08-25,01,Alabama,2037
2020-08-25,02,Alaska,36
2020-08-25,04,Arizona,4792
2020-08-25,05,Arkansas,711
2020-08-25,06,California,12382
2020-08-25,08,Colorado,1926
2020-08-25,09,Connecticut,4463
2020-08-25,10,Delaware,603
2020-08-25,11,District of Columbia,604
2020-08-25,12,Florida,10580
2020-08-25,13,Georgia,5262
2020-08-25,15,Hawaii,49
2020-08-25,16,Idaho,326
2020-08-25,17,Illinois,8126
2020-08-25,18,Indiana,3241
2020-08-25,19,Iowa,1059
2020-08-25,20,Kansas,430
2020-08-25,21,Kentucky,895
2020-08-25,22,Louisiana,4797
2020-08-25,23,Maine,131
2020-08-25,24,Maryland,3707
2020-08-25,25,Massachusetts,8961
2020-08-25,26,Michigan,6684
2020-08-25,27,Minnesota,1825
2020-08-25,28,Mississippi,2315
2020-08-25,29,Missouri,1470
2020-08-25,30,Montana,97
2020-08-25,31,Nebraska,383
2020-08-25,32,Nevada,1230
2020-08-25,33,New Hampshire,429
2020-08-25,34,New Jersey,15953
2020-08-25,35,New Mexico,752
2020-08-25,36,New York,32881
2020-08-25,37,North Carolina,2570
2020-08-25,38,North Dakota,138
2020-08-25,39,Ohio,3996
2020-08-25,40,Oklahoma,744
2020-08-25,41,Oregon,428
2020-08-25,42,Pennsylvania,7582
2020-08-25,44,Rhode Island,1039
2020-08-25,45,South Carolina,2529
2020-08-25,46,South Dakota,161
2020-08-25,47,Tennessee,1628
2020-08-25,48,Texas,11935
2020-08-25,49,Utah,397
2020-08-25,50,Vermont,58
2020-08-25,51,Virginia,2494
2020-08-25,53,Washington,1876
2020-08-25,54,West Virginia,187
2020-08-25,55,Wisconsin,1094
2020-08-25,56,Wyoming,37
2020-08-25,60,American Samoa,0
2020-08-25,66,Guam,7
2020-08-25,69,Northern Mariana Islands,2
2020-08-25,72,Puerto Rico,395
2020-08-25,78,Virgin Islands,12
2020-08-25,,Diamond Princess,0
2020-08-25,,Grand Princess,3
2020-08-26,01,Alabama,2045
2020-08-26,02,Alaska,37
2020-08-26,04,Arizona,4896
2020-08-26,05,Arkansas,732
2020-08-26,06,California,12532
2020-08-26,08,Colorado,1927
2020-08-26,09,Connecticut,4463
2020-08-26,10,Delaware,604
2020-08-26,11,District of Columbia,605
2020-08-26,12,Florida,10733
2020-08-26,13,Georgia,5311
2020-08-26,15,Hawaii,51
2020-08-26,16,Idaho,337
2020-08-26,17,Illinois,8163
2020-08-26,18,Indiana,3259
2020-08-26,19,Iowa,1071
2020-08-26,20,Kansas,442
2020-08-26,21,Kentucky,902
2020-08-26,22,Louisiana,4851
2020-08-26,23,Maine,132
2020-08-26,24,Maryland,3717
2020-08-26,25,Massachusetts,8987
2020-08-26,26,Michigan,6690
2020-08-26,27,Minnesota,1840
2020-08-26,28,Mississippi,2373
2020-08-26,29,Missouri,1481
2020-08-26,30,Montana,98
2020-08-26,31,Nebraska,386
2020-08-26,32,Nevada,1250
2020-08-26,33,New Hampshire,429
2020-08-26,34,New Jersey,15914
2020-08-26,35,New Mexico,755
2020-08-26,36,New York,32887
2020-08-26,37,North Carolina,2606
2020-08-26,38,North Dakota,138
2020-08-26,39,Ohio,4044
2020-08-26,40,Oklahoma,763
2020-08-26,41,Oregon,433
2020-08-26,42,Pennsylvania,7613
2020-08-26,44,Rhode Island,1041
2020-08-26,45,South Carolina,2573
2020-08-26,46,South Dakota,162
2020-08-26,47,Tennessee,1648
2020-08-26,48,Texas,12140
2020-08-26,49,Utah,401
2020-08-26,50,Vermont,58
2020-08-26,51,Virginia,2515
2020-08-26,53,Washington,1880
2020-08-26,54,West Virginia,190
2020-08-26,55,Wisconsin,1100
2020-08-26,56,Wyoming,37
2020-08-26,60,American Samoa,0
2020-08-26,66,Guam,9
2020-08-26,69,Northern Mariana Islands,2
2020-08-26,72,Puerto Rico,404
2020-08-26,78,Virgin Islands,14
2020-08-26,,Diamond Princess,0
2020-08-26,,Grand Princess,3
2020-08-27,01,Alabama,2076
2020-08-27,02,Alaska,37
2020-08-27,04,Arizona,4929
2020-08-27,05,Arkansas,739
2020-08-27,06,California,12677
2020-08-27,08,Colorado,1931
2020-08-27,09,Connecticut,4465
2020-08-27,10,Delaware,604
2020-08-27,11,District of Columbia,605
2020-08-27,12,Florida,10868
2020-08-27,13,Georgia,5393
2020-08-27,15,Hawaii,55
2020-08-27,16,Idaho,343
2020-08-27,17,Illinois,8186
2020-08-27,18,Indiana,3266
2020-08-27,19,Iowa,1091
2020-08-27,20,Kansas,444
2020-08-27,21,Kentucky,910
2020-08-27,22,Louisiana,4874
2020-08-27,23,Maine,132
2020-08-27,24,Maryland,3722
2020-08-27,25,Massachusetts,9008
2020-08-27,26,Michigan,6706
2020-08-27,27,Minnesota,1855
2020-08-27,28,Mississippi,2399
2020-08-27,29,Missouri,1488
2020-08-27,30,Montana,98
2020-08-27,31,Nebraska,391
2020-08-27,32,Nevada,1271
2020-08-27,33,New Hampshire,431
2020-08-27,34,New Jersey,15921
2020-08-27,35,New Mexico,764
2020-08-27,36,New York,32887
2020-08-27,37,North Carolina,2630
2020-08-27,38,North Dakota,139
2020-08-27,39,Ohio,4076
2020-08-27,40,Oklahoma,778
2020-08-27,41,Oregon,438
2020-08-27,42,Pennsylvania,7622
2020-08-27,44,Rhode Island,1044
2020-08-27,45,South Carolina,2628
2020-08-27,46,South Dakota,162
2020-08-27,47,Tennessee,1673
2020-08-27,48,Texas,12365
2020-08-27,49,Utah,403
2020-08-27,50,Vermont,58
2020-08-27,51,Virginia,2527
2020-08-27,53,Washington,1890
2020-08-27,54,West Virginia,198
2020-08-27,55,Wisconsin,1111
2020-08-27,56,Wyoming,37
2020-08-27,60,American Samoa,0
2020-08-27,66,Guam,9
2020-08-27,69,Northern Mariana Islands,2
2020-08-27,72,Puerto Rico,412
2020-08-27,78,Virgin Islands,14
2020-08-27,,Diamond Princess,0
2020-08-27,,Grand Princess,3
2020-08-28,01,Alabama,2107
2020-08-28,02,Alaska,37
2020-08-28,04,Arizona,4978
2020-08-28,05,Arkansas,756
2020-08-28,06,California,12805
2020-08-28,08,Colorado,1937
2020-08-28,09,Connecticut,4465
2020-08-28,10,Delaware,604
2020-08-28,11,District of Columbia,605
2020-08-28,12,Florida,10957
2020-08-28,13,Georgia,5471
2020-08-28,15,Hawaii,59
2020-08-28,16,Idaho,353
2020-08-28,17,Illinois,8206
2020-08-28,18,Indiana,3277
2020-08-28,19,Iowa,1108
2020-08-28,20,Kansas,445
2020-08-28,21,Kentucky,918
2020-08-28,22,Louisiana,4904
2020-08-28,23,Maine,132
2020-08-28,24,Maryland,3727
2020-08-28,25,Massachusetts,9024
2020-08-28,26,Michigan,6712
2020-08-28,27,Minnesota,1859
2020-08-28,28,Mississippi,2413
2020-08-28,29,Missouri,1500
2020-08-28,30,Montana,100
2020-08-28,31,Nebraska,392
2020-08-28,32,Nevada,1287
2020-08-28,33,New Hampshire,432
2020-08-28,34,New Jersey,15930
2020-08-28,35,New Mexico,767
2020-08-28,36,New York,32890
2020-08-28,37,North Carolina,2652
2020-08-28,38,North Dakota,139
2020-08-28,39,Ohio,4105
2020-08-28,40,Oklahoma,786
2020-08-28,41,Oregon,447
2020-08-28,42,Pennsylvania,7642
2020-08-28,44,Rhode Island,1046
2020-08-28,45,South Carolina,2655
2020-08-28,46,South Dakota,165
2020-08-28,47,Tennessee,1701
2020-08-28,48,Texas,12537
2020-08-28,49,Utah,407
2020-08-28,50,Vermont,58
2020-08-28,51,Virginia,2550
2020-08-28,53,Washington,1905
2020-08-28,54,West Virginia,201
2020-08-28,55,Wisconsin,1113
2020-08-28,56,Wyoming,37
2020-08-28,60,American Samoa,0
2020-08-28,66,Guam,10
2020-08-28,69,Northern Mariana Islands,2
2020-08-28,72,Puerto Rico,424
2020-08-28,78,Virgin Islands,14
2020-08-28,,Diamond Princess,0
2020-08-28,,Grand Princess,3
2020-08-29,01,Alabama,2152
2020-08-29,02,Alaska,37
2020-08-29,04,Arizona,5007
2020-08-29,05,Arkansas,772
2020-08-29,06,California,12894
2020-08-29,08,Colorado,1942
2020-08-29,09,Connecticut,4465
2020-08-29,10,Delaware,604
2020-08-29,11,District of Columbia,605
2020-08-29,12,Florida,11105
2020-08-29,13,Georgia,5576
2020-08-29,15,Hawaii,62
2020-08-29,16,Idaho,358
2020-08-29,17,Illinois,8217
2020-08-29,18,Indiana,3285
2020-08-29,19,Iowa,1100
2020-08-29,20,Kansas,449
2020-08-29,21,Kentucky,921
2020-08-29,22,Louisiana,4904
2020-08-29,23,Maine,132
2020-08-29,24,Maryland,3746
2020-08-29,25,Massachusetts,9036
2020-08-29,26,Michigan,6712
2020-08-29,27,Minnesota,1863
2020-08-29,28,Mississippi,2427
2020-08-29,29,Missouri,1528
2020-08-29,30,Montana,104
2020-08-29,31,Nebraska,392
2020-08-29,32,Nevada,1302
2020-08-29,33,New Hampshire,432
2020-08-29,34,New Jersey,15933
2020-08-29,35,New Mexico,769
2020-08-29,36,New York,32891
2020-08-29,37,North Carolina,2683
2020-08-29,38,North Dakota,141
2020-08-29,39,Ohio,4252
2020-08-29,40,Oklahoma,797
2020-08-29,41,Oregon,454
2020-08-29,42,Pennsylvania,7656
2020-08-29,44,Rhode Island,1046
2020-08-29,45,South Carolina,2698
2020-08-29,46,South Dakota,167
2020-08-29,47,Tennessee,1725
2020-08-29,48,Texas,12607
2020-08-29,49,Utah,407
2020-08-29,50,Vermont,58
2020-08-29,51,Virginia,2568
2020-08-29,53,Washington,1905
2020-08-29,54,West Virginia,215
2020-08-29,55,Wisconsin,1119
2020-08-29,56,Wyoming,37
2020-08-29,60,American Samoa,0
2020-08-29,66,Guam,10
2020-08-29,69,Northern Mariana Islands,2
2020-08-29,72,Puerto Rico,428
2020-08-29,78,Virgin Islands,14
2020-08-29,,Diamond Princess,0
2020-08-29,,Grand Princess,3
2020-08-30,01,Alabama,2162
2020-08-30,02,Alaska,37
2020-08-30,04,Arizona,5030
2020-08-30,05,Arkansas,784
2020-08-30,06,California,12937
2020-08-30,08,Colorado,1942
2020-08-30,09,Connecticut,4465
2020-08-30,10,Delaware,604
2020-08-30,11,District of Columbia,606
2020-08-30,12,Florida,11119
2020-08-30,13,Georgia,5604
2020-08-30,15,Hawaii,63
2020-08-30,16,Idaho,359
2020-08-30,17,Illinois,8228
2020-08-30,18,Indiana,3291
2020-08-30,19,Iowa,1113
2020-08-30,20,Kansas,449
2020-08-30,21,Kentucky,929
2020-08-30,22,Louisiana,4931
2020-08-30,23,Maine,132
2020-08-30,24,Maryland,3752
2020-08-30,25,Massachusetts,9049
2020-08-30,26,Michigan,6748
2020-08-30,27,Minnesota,1865
2020-08-30,28,Mississippi,2441
2020-08-30,29,Missouri,1533
2020-08-30,30,Montana,104
2020-08-30,31,Nebraska,392
2020-08-30,32,Nevada,1302
2020-08-30,33,New Hampshire,432
2020-08-30,34,New Jersey,15937
2020-08-30,35,New Mexico,770
2020-08-30,36,New York,32909
2020-08-30,37,North Carolina,2692
2020-08-30,38,North Dakota,142
2020-08-30,39,Ohio,4129
2020-08-30,40,Oklahoma,799
2020-08-30,41,Oregon,458
2020-08-30,42,Pennsylvania,7658
2020-08-30,44,Rhode Island,1046
2020-08-30,45,South Carolina,2709
2020-08-30,46,South Dakota,167
2020-08-30,47,Tennessee,1747
2020-08-30,48,Texas,12683
2020-08-30,49,Utah,407
2020-08-30,50,Vermont,58
2020-08-30,51,Virginia,2569
2020-08-30,53,Washington,1905
2020-08-30,54,West Virginia,214
2020-08-30,55,Wisconsin,1122
2020-08-30,56,Wyoming,37
2020-08-30,60,American Samoa,0
2020-08-30,66,Guam,10
2020-08-30,69,Northern Mariana Islands,2
2020-08-30,72,Puerto Rico,434
2020-08-30,78,Virgin Islands,14
2020-08-30,,Diamond Princess,0
2020-08-30,,Grand Princess,3
2020-08-31,01,Alabama,2182
2020-08-31,02,Alaska,37
2020-08-31,04,Arizona,5029
2020-08-31,05,Arkansas,797
2020-08-31,06,California,13022
2020-08-31,08,Colorado,1945
2020-08-31,09,Connecticut,4465
2020-08-31,10,Delaware,605
2020-08-31,11,District of Columbia,607
2020-08-31,12,Florida,11187
2020-08-31,13,Georgia,5633
2020-08-31,15,Hawaii,70
2020-08-31,16,Idaho,361
2020-08-31,17,Illinois,8235
2020-08-31,18,Indiana,3296
2020-08-31,19,Iowa,1120
2020-08-31,20,Kansas,451
2020-08-31,21,Kentucky,933
2020-08-31,22,Louisiana,4950
2020-08-31,23,Maine,132
2020-08-31,24,Maryland,3755
2020-08-31,25,Massachusetts,9060
2020-08-31,26,Michigan,6753
2020-08-31,27,Minnesota,1866
2020-08-31,28,Mississippi,2473
2020-08-31,29,Missouri,1547
2020-08-31,30,Montana,104
2020-08-31,31,Nebraska,397
2020-08-31,32,Nevada,1305
2020-08-31,33,New Hampshire,432
2020-08-31,34,New Jersey,15945
2020-08-31,35,New Mexico,779
2020-08-31,36,New York,32957
2020-08-31,37,North Carolina,2702
2020-08-31,38,North Dakota,143
2020-08-31,39,Ohio,4139
2020-08-31,40,Oklahoma,800
2020-08-31,41,Oregon,459
2020-08-31,42,Pennsylvania,7659
2020-08-31,44,Rhode Island,1048
2020-08-31,45,South Carolina,2720
2020-08-31,46,South Dakota,167
2020-08-31,47,Tennessee,1754
2020-08-31,48,Texas,12779
2020-08-31,49,Utah,407
2020-08-31,50,Vermont,58
2020-08-31,51,Virginia,2580
2020-08-31,53,Washington,1915
2020-08-31,54,West Virginia,215
2020-08-31,55,Wisconsin,1122
2020-08-31,56,Wyoming,37
2020-08-31,60,American Samoa,0
2020-08-31,66,Guam,10
2020-08-31,69,Northern Mariana Islands,2
2020-08-31,72,Puerto Rico,434
2020-08-31,78,Virgin Islands,14
2020-08-31,,Diamond Princess,0
2020-08-31,,Grand Princess,3
2020-09-01,01,Alabama,2200
2020-09-01,02,Alaska,39
2020-09-01,04,Arizona,5044
2020-09-01,05,Arkansas,814
2020-09-01,06,California,13150
2020-09-01,08,Colorado,1946
2020-09-01,09,Connecticut,4466
2020-09-01,10,Delaware,605
2020-09-01,11,District of Columbia,607
2020-09-01,12,Florida,11374
2020-09-01,13,Georgia,5733
2020-09-01,15,Hawaii,74
2020-09-01,16,Idaho,367
2020-09-01,17,Illinois,8273
2020-09-01,18,Indiana,3312
2020-09-01,19,Iowa,1125
2020-09-01,20,Kansas,456
2020-09-01,21,Kentucky,948
2020-09-01,22,Louisiana,4984
2020-09-01,23,Maine,132
2020-09-01,24,Maryland,3761
2020-09-01,25,Massachusetts,9064
2020-09-01,26,Michigan,6767
2020-09-01,27,Minnesota,1871
2020-09-01,28,Mississippi,2493
2020-09-01,29,Missouri,1562
2020-09-01,30,Montana,105
2020-09-01,31,Nebraska,399
2020-09-01,32,Nevada,1313
2020-09-01,33,New Hampshire,432
2020-09-01,34,New Jersey,15950
2020-09-01,35,New Mexico,787
2020-09-01,36,New York,32966
2020-09-01,37,North Carolina,2741
2020-09-01,38,North Dakota,145
2020-09-01,39,Ohio,4166
2020-09-01,40,Oklahoma,808
2020-09-01,41,Oregon,464
2020-09-01,42,Pennsylvania,7678
2020-09-01,44,Rhode Island,1050
2020-09-01,45,South Carolina,2757
2020-09-01,46,South Dakota,167
2020-09-01,47,Tennessee,1781
2020-09-01,48,Texas,12919
2020-09-01,49,Utah,409
2020-09-01,50,Vermont,58
2020-09-01,51,Virginia,2612
2020-09-01,53,Washington,1931
2020-09-01,54,West Virginia,224
2020-09-01,55,Wisconsin,1130
2020-09-01,56,Wyoming,37
2020-09-01,60,American Samoa,0
2020-09-01,66,Guam,13
2020-09-01,69,Northern Mariana Islands,2
2020-09-01,72,Puerto Rico,435
2020-09-01,78,Virgin Islands,15
2020-09-01,,Diamond Princess,0
2020-09-01,,Grand Princess,3
2020-09-02,01,Alabama,2217
2020-09-02,02,Alaska,39
2020-09-02,04,Arizona,5065
2020-09-02,05,Arkansas,841
2020-09-02,06,California,13317
2020-09-02,08,Colorado,1952
2020-09-02,09,Connecticut,4467
2020-09-02,10,Delaware,606
2020-09-02,11,District of Columbia,608
2020-09-02,12,Florida,11501
2020-09-02,13,Georgia,5795
2020-09-02,15,Hawaii,75
2020-09-02,16,Idaho,372
2020-09-02,17,Illinois,8300
2020-09-02,18,Indiana,3325
2020-09-02,19,Iowa,1133
2020-09-02,20,Kansas,461
2020-09-02,21,Kentucky,966
2020-09-02,22,Louisiana,5004
2020-09-02,23,Maine,133
2020-09-02,24,Maryland,3766
2020-09-02,25,Massachusetts,9060
2020-09-02,26,Michigan,6781
2020-09-02,27,Minnesota,1882
2020-09-02,28,Mississippi,2526
2020-09-02,29,Missouri,1578
2020-09-02,30,Montana,109
2020-09-02,31,Nebraska,399
2020-09-02,32,Nevada,1336
2020-09-02,33,New Hampshire,432
2020-09-02,34,New Jersey,15964
2020-09-02,35,New Mexico,790
2020-09-02,36,New York,32972
2020-09-02,37,North Carolina,2779
2020-09-02,38,North Dakota,148
2020-09-02,39,Ohio,4176
2020-09-02,40,Oklahoma,821
2020-09-02,41,Oregon,468
2020-09-02,42,Pennsylvania,7705
2020-09-02,44,Rhode Island,1051
2020-09-02,45,South Carolina,2794
2020-09-02,46,South Dakota,169
2020-09-02,47,Tennessee,1797
2020-09-02,48,Texas,13104
2020-09-02,49,Utah,410
2020-09-02,50,Vermont,58
2020-09-02,51,Virginia,2641
2020-09-02,53,Washington,1935
2020-09-02,54,West Virginia,233
2020-09-02,55,Wisconsin,1142
2020-09-02,56,Wyoming,41
2020-09-02,60,American Samoa,0
2020-09-02,66,Guam,13
2020-09-02,69,Northern Mariana Islands,2
2020-09-02,72,Puerto Rico,443
2020-09-02,78,Virgin Islands,15
2020-09-02,,Diamond Princess,0
2020-09-02,,Grand Princess,3
2020-09-03,01,Alabama,2233
2020-09-03,02,Alaska,40
2020-09-03,04,Arizona,5130
2020-09-03,05,Arkansas,861
2020-09-03,06,California,13493
2020-09-03,08,Colorado,1955
2020-09-03,09,Connecticut,4468
2020-09-03,10,Delaware,606
2020-09-03,11,District of Columbia,609
2020-09-03,12,Florida,11650
2020-09-03,13,Georgia,5868
2020-09-03,15,Hawaii,79
2020-09-03,16,Idaho,372
2020-09-03,17,Illinois,8324
2020-09-03,18,Indiana,3332
2020-09-03,19,Iowa,1136
2020-09-03,20,Kansas,471
2020-09-03,21,Kentucky,976
2020-09-03,22,Louisiana,5021
2020-09-03,23,Maine,133
2020-09-03,24,Maryland,3778
2020-09-03,25,Massachusetts,9077
2020-09-03,26,Michigan,6791
2020-09-03,27,Minnesota,1889
2020-09-03,28,Mississippi,2536
2020-09-03,29,Missouri,1586
2020-09-03,30,Montana,111
2020-09-03,31,Nebraska,404
2020-09-03,32,Nevada,1363
2020-09-03,33,New Hampshire,432
2020-09-03,34,New Jersey,15971
2020-09-03,35,New Mexico,791
2020-09-03,36,New York,32976
2020-09-03,37,North Carolina,2803
2020-09-03,38,North Dakota,150
2020-09-03,39,Ohio,4226
2020-09-03,40,Oklahoma,835
2020-09-03,41,Oregon,470
2020-09-03,42,Pennsylvania,7724
2020-09-03,44,Rhode Island,1055
2020-09-03,45,South Carolina,2807
2020-09-03,46,South Dakota,169
2020-09-03,47,Tennessee,1815
2020-09-03,48,Texas,13296
2020-09-03,49,Utah,414
2020-09-03,50,Vermont,58
2020-09-03,51,Virginia,2652
2020-09-03,53,Washington,1945
2020-09-03,54,West Virginia,240
2020-09-03,55,Wisconsin,1146
2020-09-03,56,Wyoming,41
2020-09-03,60,American Samoa,0
2020-09-03,66,Guam,13
2020-09-03,69,Northern Mariana Islands,2
2020-09-03,72,Puerto Rico,448
2020-09-03,78,Virgin Islands,16
2020-09-03,,Diamond Princess,0
2020-09-03,,Grand Princess,3
2020-09-04,01,Alabama,2266
2020-09-04,02,Alaska,40
2020-09-04,04,Arizona,5171
2020-09-04,05,Arkansas,873
2020-09-04,06,California,13638
2020-09-04,08,Colorado,1955
2020-09-04,09,Connecticut,4468
2020-09-04,10,Delaware,606
2020-09-04,11,District of Columbia,611
2020-09-04,12,Florida,11750
2020-09-04,13,Georgia,5931
2020-09-04,15,Hawaii,81
2020-09-04,16,Idaho,382
2020-09-04,17,Illinois,8362
2020-09-04,18,Indiana,3350
2020-09-04,19,Iowa,1158
2020-09-04,20,Kansas,478
2020-09-04,21,Kentucky,987
2020-09-04,22,Louisiana,5035
2020-09-04,23,Maine,134
2020-09-04,24,Maryland,3789
2020-09-04,25,Massachusetts,9100
2020-09-04,26,Michigan,6798
2020-09-04,27,Minnesota,1899
2020-09-04,28,Mississippi,2558
2020-09-04,29,Missouri,1607
2020-09-04,30,Montana,114
2020-09-04,31,Nebraska,404
2020-09-04,32,Nevada,1375
2020-09-04,33,New Hampshire,432
2020-09-04,34,New Jersey,15978
2020-09-04,35,New Mexico,794
2020-09-04,36,New York,32982
2020-09-04,37,North Carolina,2839
2020-09-04,38,North Dakota,150
2020-09-04,39,Ohio,4248
2020-09-04,40,Oklahoma,846
2020-09-04,41,Oregon,475
2020-09-04,42,Pennsylvania,7735
2020-09-04,44,Rhode Island,1055
2020-09-04,45,South Carolina,2846
2020-09-04,46,South Dakota,170
2020-09-04,47,Tennessee,1837
2020-09-04,48,Texas,13426
2020-09-04,49,Utah,419
2020-09-04,50,Vermont,58
2020-09-04,51,Virginia,2662
2020-09-04,53,Washington,1953
2020-09-04,54,West Virginia,245
2020-09-04,55,Wisconsin,1153
2020-09-04,56,Wyoming,42
2020-09-04,60,American Samoa,0
2020-09-04,66,Guam,14
2020-09-04,69,Northern Mariana Islands,2
2020-09-04,72,Puerto Rico,455
2020-09-04,78,Virgin Islands,16
2020-09-04,,Diamond Princess,0
2020-09-04,,Grand Princess,3
2020-09-05,01,Alabama,2275
2020-09-05,02,Alaska,42
2020-09-05,04,Arizona,5207
2020-09-05,05,Arkansas,882
2020-09-05,06,California,13709
2020-09-05,08,Colorado,1971
2020-09-05,09,Connecticut,4468
2020-09-05,10,Delaware,608
2020-09-05,11,District of Columbia,611
2020-09-05,12,Florida,11811
2020-09-05,13,Georgia,5977
2020-09-05,15,Hawaii,84
2020-09-05,16,Idaho,384
2020-09-05,17,Illinois,8385
2020-09-05,18,Indiana,3362
2020-09-05,19,Iowa,1164
2020-09-05,20,Kansas,480
2020-09-05,21,Kentucky,993
2020-09-05,22,Louisiana,5035
2020-09-05,23,Maine,134
2020-09-05,24,Maryland,3796
2020-09-05,25,Massachusetts,9116
2020-09-05,26,Michigan,6806
2020-09-05,27,Minnesota,1903
2020-09-05,28,Mississippi,2569
2020-09-05,29,Missouri,1668
2020-09-05,30,Montana,116
2020-09-05,31,Nebraska,404
2020-09-05,32,Nevada,1388
2020-09-05,33,New Hampshire,432
2020-09-05,34,New Jersey,15985
2020-09-05,35,New Mexico,800
2020-09-05,36,New York,32987
2020-09-05,37,North Carolina,2889
2020-09-05,38,North Dakota,155
2020-09-05,39,Ohio,4256
2020-09-05,40,Oklahoma,850
2020-09-05,41,Oregon,480
2020-09-05,42,Pennsylvania,7750
2020-09-05,44,Rhode Island,1055
2020-09-05,45,South Carolina,2877
2020-09-05,46,South Dakota,173
2020-09-05,47,Tennessee,1862
2020-09-05,48,Texas,13576
2020-09-05,49,Utah,420
2020-09-05,50,Vermont,58
2020-09-05,51,Virginia,2677
2020-09-05,53,Washington,1953
2020-09-05,54,West Virginia,246
2020-09-05,55,Wisconsin,1168
2020-09-05,56,Wyoming,42
2020-09-05,60,American Samoa,0
2020-09-05,66,Guam,14
2020-09-05,69,Northern Mariana Islands,2
2020-09-05,72,Puerto Rico,464
2020-09-05,78,Virgin Islands,16
2020-09-05,,Diamond Princess,0
2020-09-05,,Grand Princess,3
2020-09-06,01,Alabama,2276
2020-09-06,02,Alaska,42
2020-09-06,04,Arizona,5221
2020-09-06,05,Arkansas,894
2020-09-06,06,California,13731
2020-09-06,08,Colorado,1972
2020-09-06,09,Connecticut,4468
2020-09-06,10,Delaware,609
2020-09-06,11,District of Columbia,611
2020-09-06,12,Florida,11849
2020-09-06,13,Georgia,6037
2020-09-06,15,Hawaii,85
2020-09-06,16,Idaho,385
2020-09-06,17,Illinois,8390
2020-09-06,18,Indiana,3364
2020-09-06,19,Iowa,1167
2020-09-06,20,Kansas,481
2020-09-06,21,Kentucky,996
2020-09-06,22,Louisiana,5093
2020-09-06,23,Maine,134
2020-09-06,24,Maryland,3799
2020-09-06,25,Massachusetts,9125
2020-09-06,26,Michigan,6806
2020-09-06,27,Minnesota,1909
2020-09-06,28,Mississippi,2584
2020-09-06,29,Missouri,1685
2020-09-06,30,Montana,117
2020-09-06,31,Nebraska,404
2020-09-06,32,Nevada,1389
2020-09-06,33,New Hampshire,433
2020-09-06,34,New Jersey,15989
2020-09-06,35,New Mexico,803
2020-09-06,36,New York,32987
2020-09-06,37,North Carolina,2890
2020-09-06,38,North Dakota,156
2020-09-06,39,Ohio,4259
2020-09-06,40,Oklahoma,853
2020-09-06,41,Oregon,481
2020-09-06,42,Pennsylvania,7750
2020-09-06,44,Rhode Island,1055
2020-09-06,45,South Carolina,2887
2020-09-06,46,South Dakota,173
2020-09-06,47,Tennessee,1865
2020-09-06,48,Texas,13654
2020-09-06,49,Utah,422
2020-09-06,50,Vermont,58
2020-09-06,51,Virginia,2678
2020-09-06,53,Washington,1953
2020-09-06,54,West Virginia,249
2020-09-06,55,Wisconsin,1168
2020-09-06,56,Wyoming,42
2020-09-06,60,American Samoa,0
2020-09-06,66,Guam,14
2020-09-06,69,Northern Mariana Islands,2
2020-09-06,72,Puerto Rico,477
2020-09-06,78,Virgin Islands,17
2020-09-06,,Diamond Princess,0
2020-09-06,,Grand Princess,3
2020-09-07,01,Alabama,2276
2020-09-07,02,Alaska,42
2020-09-07,04,Arizona,5219
2020-09-07,05,Arkansas,908
2020-09-07,06,California,13758
2020-09-07,08,Colorado,1973
2020-09-07,09,Connecticut,4468
2020-09-07,10,Delaware,609
2020-09-07,11,District of Columbia,611
2020-09-07,12,Florida,11871
2020-09-07,13,Georgia,6044
2020-09-07,15,Hawaii,86
2020-09-07,16,Idaho,385
2020-09-07,17,Illinois,8398
2020-09-07,18,Indiana,3368
2020-09-07,19,Iowa,1170
2020-09-07,20,Kansas,483
2020-09-07,21,Kentucky,996
2020-09-07,22,Louisiana,5105
2020-09-07,23,Maine,134
2020-09-07,24,Maryland,3804
2020-09-07,25,Massachusetts,9133
2020-09-07,26,Michigan,6810
2020-09-07,27,Minnesota,1912
2020-09-07,28,Mississippi,2585
2020-09-07,29,Missouri,1687
2020-09-07,30,Montana,118
2020-09-07,31,Nebraska,404
2020-09-07,32,Nevada,1393
2020-09-07,33,New Hampshire,433
2020-09-07,34,New Jersey,15991
2020-09-07,35,New Mexico,807
2020-09-07,36,New York,33002
2020-09-07,37,North Carolina,2897
2020-09-07,38,North Dakota,156
2020-09-07,39,Ohio,4276
2020-09-07,40,Oklahoma,853
2020-09-07,41,Oregon,482
2020-09-07,42,Pennsylvania,7771
2020-09-07,44,Rhode Island,1055
2020-09-07,45,South Carolina,2907
2020-09-07,46,South Dakota,173
2020-09-07,47,Tennessee,1869
2020-09-07,48,Texas,13697
2020-09-07,49,Utah,423
2020-09-07,50,Vermont,58
2020-09-07,51,Virginia,2684
2020-09-07,53,Washington,1953
2020-09-07,54,West Virginia,248
2020-09-07,55,Wisconsin,1168
2020-09-07,56,Wyoming,42
2020-09-07,60,American Samoa,0
2020-09-07,66,Guam,14
2020-09-07,69,Northern Mariana Islands,2
2020-09-07,72,Puerto Rico,477
2020-09-07,78,Virgin Islands,17
2020-09-07,,Diamond Princess,0
2020-09-07,,Grand Princess,3
2020-09-08,01,Alabama,2277
2020-09-08,02,Alaska,42
2020-09-08,04,Arizona,5221
2020-09-08,05,Arkansas,917
2020-09-08,06,California,13823
2020-09-08,08,Colorado,1973
2020-09-08,09,Connecticut,4474
2020-09-08,10,Delaware,609
2020-09-08,11,District of Columbia,611
2020-09-08,12,Florida,11915
2020-09-08,13,Georgia,6070
2020-09-08,15,Hawaii,88
2020-09-08,16,Idaho,389
2020-09-08,17,Illinois,8405
2020-09-08,18,Indiana,3380
2020-09-08,19,Iowa,1185
2020-09-08,20,Kansas,484
2020-09-08,21,Kentucky,997
2020-09-08,22,Louisiana,5118
2020-09-08,23,Maine,134
2020-09-08,24,Maryland,3807
2020-09-08,25,Massachusetts,9141
2020-09-08,26,Michigan,6811
2020-09-08,27,Minnesota,1914
2020-09-08,28,Mississippi,2585
2020-09-08,29,Missouri,1690
2020-09-08,30,Montana,119
2020-09-08,31,Nebraska,407
2020-09-08,32,Nevada,1393
2020-09-08,33,New Hampshire,433
2020-09-08,34,New Jersey,15996
2020-09-08,35,New Mexico,807
2020-09-08,36,New York,33016
2020-09-08,37,North Carolina,2909
2020-09-08,38,North Dakota,156
2020-09-08,39,Ohio,4298
2020-09-08,40,Oklahoma,854
2020-09-08,41,Oregon,486
2020-09-08,42,Pennsylvania,7780
2020-09-08,44,Rhode Island,1059
2020-09-08,45,South Carolina,2912
2020-09-08,46,South Dakota,173
2020-09-08,47,Tennessee,1896
2020-09-08,48,Texas,13792
2020-09-08,49,Utah,424
2020-09-08,50,Vermont,58
2020-09-08,51,Virginia,2686
2020-09-08,53,Washington,1953
2020-09-08,54,West Virginia,252
2020-09-08,55,Wisconsin,1168
2020-09-08,56,Wyoming,42
2020-09-08,60,American Samoa,0
2020-09-08,66,Guam,19
2020-09-08,69,Northern Mariana Islands,2
2020-09-08,72,Puerto Rico,482
2020-09-08,78,Virgin Islands,18
2020-09-08,,Diamond Princess,0
2020-09-08,,Grand Princess,3
2020-09-09,01,Alabama,2285
2020-09-09,02,Alaska,42
2020-09-09,04,Arizona,5251
2020-09-09,05,Arkansas,928
2020-09-09,06,California,13983
2020-09-09,08,Colorado,1977
2020-09-09,09,Connecticut,4474
2020-09-09,10,Delaware,609
2020-09-09,11,District of Columbia,615
2020-09-09,12,Florida,12110
2020-09-09,13,Georgia,6128
2020-09-09,15,Hawaii,91
2020-09-09,16,Idaho,420
2020-09-09,17,Illinois,8433
2020-09-09,18,Indiana,3397
2020-09-09,19,Iowa,1204
2020-09-09,20,Kansas,499
2020-09-09,21,Kentucky,1013
2020-09-09,22,Louisiana,5140
2020-09-09,23,Maine,134
2020-09-09,24,Maryland,3816
2020-09-09,25,Massachusetts,9146
2020-09-09,26,Michigan,6886
2020-09-09,27,Minnesota,1921
2020-09-09,28,Mississippi,2623
2020-09-09,29,Missouri,1702
2020-09-09,30,Montana,122
2020-09-09,31,Nebraska,421
2020-09-09,32,Nevada,1412
2020-09-09,33,New Hampshire,433
2020-09-09,34,New Jersey,16008
2020-09-09,35,New Mexico,813
2020-09-09,36,New York,33019
2020-09-09,37,North Carolina,2958
2020-09-09,38,North Dakota,157
2020-09-09,39,Ohio,4324
2020-09-09,40,Oklahoma,863
2020-09-09,41,Oregon,494
2020-09-09,42,Pennsylvania,7794
2020-09-09,44,Rhode Island,1062
2020-09-09,45,South Carolina,2942
2020-09-09,46,South Dakota,173
2020-09-09,47,Tennessee,1931
2020-09-09,48,Texas,13923
2020-09-09,49,Utah,427
2020-09-09,50,Vermont,58
2020-09-09,51,Virginia,2697
2020-09-09,53,Washington,1978
2020-09-09,54,West Virginia,255
2020-09-09,55,Wisconsin,1183
2020-09-09,56,Wyoming,42
2020-09-09,60,American Samoa,0
2020-09-09,66,Guam,20
2020-09-09,69,Northern Mariana Islands,2
2020-09-09,72,Puerto Rico,500
2020-09-09,78,Virgin Islands,18
2020-09-09,,Diamond Princess,0
2020-09-09,,Grand Princess,3
